850	4.0	-1.32	5.11
850	5.0	-1.48	4.43
850	6.0	11.84	5.82
860	4.0	-0.33	5.06
860	5.0	-0.49	4.38
860	6.0	10.91	5.92
870	4.0	0.76	5.0
870	5.0	0.6	4.23
870	6.0	10.0	5.89
880	4.0	1.76	4.89
880	5.0	1.6	4.13
880	6.0	9.09	6.02
890	4.0	2.81	4.83
890	5.0	2.67	4.07
890	6.0	8.23	6.04
900	4.0	3.8	4.77
900	5.0	3.7	4.02
900	6.0	7.4	6.15
910	4.0	4.97	4.69
910	5.0	4.75	4.04
910	6.0	6.52	6.15
920	4.0	5.97	4.7
920	5.0	5.76	4.06
920	6.0	5.7	6.21
930	4.0	6.97	4.67
930	5.0	6.76	4.04
930	6.0	4.96	6.1
940	4.0	8.12	4.95
940	5.0	7.82	4.17
940	6.0	4.08	6.2
950	4.0	9.11	5.01
950	5.0	8.85	4.21
950	6.0	3.31	6.2
950	8.0	-2.48	-0.22
960	4.0	10.12	5.13
960	5.0	9.93	4.29
960	6.0	2.71	6.39
960	8.0	-1.67	0.53
970	4.0	11.01	5.32
970	5.0	10.82	4.49
970	6.0	2.13	6.29
970	8.0	-0.93	0.96
980	4.0	11.93	5.47
980	5.0	11.75	4.36
980	6.0	1.52	6.17
980	8.0	-0.14	1.5
990	6.0	0.9	6.12
990	8.0	0.82	1.83
1000	6.0	0.48	6.01
1000	8.0	1.59	2.13
1010	6.0	-0.29	5.95
1010	8.0	2.63	2.49
1020	6.0	-0.75	5.65
1020	8.0	3.67	2.83
1030	8.0	4.46	2.72
1040	8.0	5.47	3.02
1050	8.0	6.5	3.24
1060	8.0	7.35	3.65
1070	8.0	8.29	3.92
1070	13.0	11.87	6.09
1080	8.0	9.23	4.15
1080	13.0	11.34	6.14
1090	8.0	10.08	4.34
1090	13.0	10.43	5.53
1100	8.0	10.89	4.53
1100	13.0	9.72	5.35
1110	8.0	11.59	4.68
1110	13.0	8.99	5.21
1120	8.0	12.28	4.93
1120	13.0	8.27	5.01
1130	8.0	12.93	5.1
1130	13.0	7.58	4.9
1140	13.0	6.84	4.67
1150	13.0	6.09	4.44
1160	13.0	5.38	4.17
1170	13.0	4.68	3.91
1180	13.0	4.01	3.71
1190	13.0	3.3	3.57
1200	13.0	2.59	3.42
1210	13.0	1.89	3.28
1220	13.0	1.22	3.06
1220	22.0	11.86	5.17
1230	13.0	0.53	2.76
1230	22.0	10.95	4.94
1240	13.0	-0.07	2.47
1240	22.0	9.91	4.75
1250	22.0	8.85	4.57
1260	22.0	7.86	4.39
1270	22.0	6.83	4.22
1280	22.0	5.63	3.98
1290	22.0	4.67	3.78
1300	22.0	3.67	3.55
1310	22.0	2.7	3.31
1320	22.0	1.81	2.84
1330	22.0	0.82	2.5
1340	22.0	-0.05	2.23
1350	22.0	-0.91	1.87
1360	22.0	-2.02	1.55
1450	29.0	9.75	5.33
1450	30.0	3.08	2.76
1460	29.0	8.8	5.32
1460	30.0	3.84	3.11
1470	29.0	7.83	5.34
1470	30.0	4.4	3.13
1480	29.0	6.81	5.19
1480	30.0	5.15	3.33
1490	29.0	5.85	5.23
1490	30.0	5.91	3.45
1490	31.0	11.2	5.57
1500	29.0	4.94	5.16
1500	30.0	6.78	3.53
1500	31.0	9.98	5.5
1510	29.0	4.0	5.04
1510	30.0	7.64	3.7
1510	31.0	8.73	5.18
1520	29.0	3.06	4.94
1520	30.0	8.42	3.89
1520	31.0	7.63	5.05
1530	29.0	2.16	4.86
1530	30.0	9.18	4.03
1530	31.0	6.46	4.94
1540	29.0	1.15	4.86
1540	30.0	9.92	4.16
1540	31.0	5.4	4.97
1550	29.0	0.2	4.89
1550	30.0	10.67	4.32
1550	31.0	4.36	5.18
1560	29.0	-0.81	4.91
1560	30.0	11.47	4.53
1560	31.0	3.3	5.22
1570	29.0	-1.7	5.02
1570	30.0	12.22	4.83
1570	31.0	2.26	5.33
1810	37.0	13.06	5.51
1820	37.0	11.87	5.44
1830	37.0	10.66	5.55
1840	37.0	9.48	5.73
1850	37.0	8.3	5.82
1860	37.0	7.17	5.95
1870	37.0	6.03	5.92
1880	37.0	4.96	5.9
1890	37.0	3.83	5.9
1900	37.0	2.75	5.89
1910	37.0	1.68	6.0
1920	37.0	0.54	6.14
1930	37.0	-0.55	6.21
1970	39.0	11.13	5.34
1980	39.0	9.81	5.26
1980	40.0	-2.42	-0.46
1990	39.0	8.47	5.21
1990	40.0	-1.9	0.3
2000	39.0	7.17	5.13
2000	40.0	-1.01	0.95
2010	39.0	5.79	4.92
2010	40.0	-0.1	1.36
2020	39.0	4.52	4.83
2020	40.0	0.91	1.73
2030	39.0	3.25	4.68
2030	40.0	1.84	2.14
2040	39.0	1.99	4.55
2040	40.0	2.83	2.52
2050	39.0	0.72	4.56
2050	40.0	3.9	2.96
2060	39.0	-0.55	4.5
2060	40.0	4.87	3.24
2070	40.0	5.84	3.5
2080	40.0	6.85	3.54
2090	40.0	7.85	3.65
2100	40.0	8.84	3.75
2110	40.0	9.86	3.79
2120	40.0	10.88	3.93
2130	40.0	11.88	4.16
2140	40.0	12.78	4.47
2270	49.0	11.67	6.02
2280	49.0	10.36	5.96
2290	49.0	9.13	6.05
2300	49.0	7.99	6.26
2310	49.0	6.67	6.23
2320	49.0	5.48	6.3
2330	49.0	4.26	6.41
2860	51.0	7.05	8.44
2860	52.0	8.09	8.84
2860	55.0	2.09	3.92
2870	51.0	7.05	8.44
2870	52.0	8.09	8.84
2870	55.0	3.11	4.09
2880	51.0	7.05	8.44
2880	52.0	8.09	8.84
2880	55.0	4.27	4.14
2890	51.0	7.05	8.44
2890	52.0	8.09	8.84
2890	55.0	5.39	4.29
2900	51.0	7.05	8.44
2900	52.0	8.09	8.84
2900	55.0	6.52	4.44
2910	51.0	7.05	8.44
2910	52.0	8.09	8.84
2910	55.0	7.44	4.48
2920	51.0	7.05	8.44
2920	52.0	8.09	8.84
2920	55.0	8.88	4.54
2930	51.0	7.05	8.44
2930	52.0	8.09	8.84
2930	55.0	9.98	4.68
2940	51.0	7.05	8.44
2940	52.0	8.09	8.84
2940	55.0	11.25	4.85
2950	51.0	7.05	8.44
2950	52.0	8.09	8.84
2950	55.0	12.49	5.52
2960	51.0	7.05	8.44
2960	52.0	8.09	8.84
2970	51.0	7.05	8.44
2970	52.0	8.09	8.84
2980	51.0	7.05	8.44
2980	52.0	8.09	8.84
2990	51.0	7.05	8.44
2990	52.0	8.09	8.84
3000	51.0	7.05	8.44
3000	52.0	8.09	8.84
3010	51.0	6.93	8.26
3010	52.0	8.09	8.84
3020	51.0	6.87	8.09
3020	52.0	8.09	8.84
3030	51.0	7.02	7.91
3030	52.0	8.09	8.84
3040	51.0	7.07	7.78
3040	52.0	8.09	8.84
3050	51.0	7.1	7.82
3050	52.0	8.09	8.84
3060	51.0	6.77	8.09
3060	52.0	8.09	8.84
3070	51.0	6.77	8.09
3070	52.0	8.07	8.84
3080	51.0	6.77	8.09
3080	52.0	8.05	8.83
3090	51.0	6.77	8.13
3090	52.0	8.05	8.8
3100	51.0	6.78	8.17
3100	52.0	8.05	8.8
3110	51.0	6.62	8.55
3110	52.0	8.05	8.8
3120	51.0	6.41	8.7
3120	52.0	8.05	8.8
3130	51.0	6.36	8.76
3130	52.0	8.05	8.8
3140	51.0	6.35	8.69
3140	52.0	8.05	8.8
3150	51.0	6.4	8.49
3150	52.0	8.05	8.8
3160	51.0	6.4	8.49
3160	52.0	8.05	8.8
3170	51.0	6.4	8.49
3170	52.0	8.05	8.8
3170	63.0	10.56	6.37
3180	51.0	6.4	8.49
3180	52.0	8.05	8.8
3180	63.0	9.49	6.2
3190	51.0	6.4	8.49
3190	52.0	8.05	8.8
3190	63.0	8.54	5.78
3200	51.0	6.4	8.49
3200	52.0	7.99	8.8
3200	63.0	7.58	5.46
3210	51.0	6.4	8.49
3210	52.0	7.96	8.77
3210	63.0	6.56	5.18
3220	51.0	6.4	8.49
3220	52.0	7.96	8.77
3220	63.0	5.58	4.98
3230	51.0	6.4	8.49
3230	52.0	7.96	8.77
3230	63.0	4.63	4.68
3240	51.0	6.4	8.49
3240	52.0	7.96	8.77
3240	63.0	3.68	4.42
3250	63.0	2.7	4.08
3650	68.0	-2.14	0.04
3660	68.0	-1.28	0.68
3670	68.0	-0.11	1.25
3680	68.0	0.98	1.73
3690	68.0	2.06	2.16
3700	68.0	3.17	2.42
3710	68.0	4.41	2.82
3720	68.0	5.69	3.21
3730	68.0	6.73	3.7
3740	68.0	7.86	4.11
3750	68.0	9.04	4.48
3760	68.0	10.11	4.9
3770	68.0	11.27	5.12
4200	73.0	-2.45	6.8
4210	73.0	-1.64	6.72
4220	73.0	-0.67	6.63
4230	73.0	0.26	6.57
4240	73.0	1.2	6.6
4250	73.0	2.09	6.64
4260	73.0	2.97	6.55
4270	73.0	3.97	6.61
4280	73.0	4.93	6.79
4290	73.0	5.77	6.75
4300	73.0	6.88	6.75
4310	73.0	7.82	6.8
4310	77.0	12.07	4.37
4310	78.0	-2.19	5.0
4320	73.0	8.83	6.68
4320	77.0	10.97	4.17
4320	78.0	-1.15	5.18
4330	73.0	9.78	6.63
4330	77.0	9.63	3.83
4330	78.0	-0.03	5.37
4330	79.0	-3.78	5.15
4340	73.0	10.78	6.59
4340	77.0	8.46	3.63
4340	78.0	1.03	5.53
4340	79.0	-3.09	5.12
4350	73.0	11.78	6.38
4350	77.0	7.33	3.45
4350	78.0	2.1	5.65
4350	79.0	-2.34	5.19
4360	73.0	12.66	6.2
4360	77.0	6.04	3.25
4360	78.0	3.05	5.83
4360	79.0	-1.61	5.17
4370	77.0	5.05	3.17
4370	78.0	4.15	5.91
4370	79.0	-0.84	5.31
4380	77.0	3.72	3.11
4380	78.0	5.23	5.92
4380	79.0	-0.13	5.27
4390	77.0	2.58	2.93
4390	78.0	6.28	5.87
4390	79.0	0.61	5.36
4400	77.0	1.36	2.87
4400	78.0	7.45	5.84
4400	79.0	1.38	5.43
4410	77.0	0.25	2.74
4410	78.0	8.63	5.81
4410	79.0	2.19	5.68
4420	77.0	-0.86	2.63
4420	78.0	9.76	5.79
4420	79.0	2.94	5.83
4420	81.0	-4.98	5.09
4430	77.0	-1.98	2.65
4430	78.0	10.9	5.71
4430	79.0	3.73	5.95
4430	81.0	-3.95	5.06
4440	77.0	-3.16	2.63
4440	78.0	12.0	5.64
4440	79.0	4.53	6.04
4440	81.0	-2.81	5.08
4450	79.0	5.37	6.03
4450	81.0	-1.57	5.15
4460	79.0	6.19	6.0
4460	81.0	-0.39	5.22
4470	79.0	7.09	6.0
4470	81.0	0.74	5.28
4480	79.0	7.95	5.99
4480	81.0	1.83	5.31
4490	79.0	8.8	6.04
4490	81.0	2.99	5.3
4500	79.0	9.68	6.04
4500	81.0	4.22	5.27
4510	79.0	10.51	5.99
4510	81.0	5.34	5.27
4520	79.0	11.33	5.98
4520	81.0	6.52	5.29
4530	81.0	7.72	5.23
4540	81.0	8.91	5.18
4550	81.0	10.09	5.25
4560	81.0	11.27	5.37
4570	81.0	12.43	5.45
4630	85.0	-0.45	9.88
4640	85.0	0.46	9.56
4650	85.0	1.17	9.24
4660	85.0	1.89	8.89
4670	85.0	2.74	8.49
4680	85.0	3.56	8.13
4690	85.0	4.32	7.75
4700	85.0	5.2	7.41
4700	86.0	12.34	4.79
4710	85.0	6.03	7.26
4710	86.0	11.33	4.49
4720	85.0	7.0	7.06
4720	86.0	10.11	4.23
4730	85.0	7.64	7.06
4730	86.0	8.97	3.78
4740	85.0	8.55	6.86
4740	86.0	7.82	3.49
4750	85.0	9.19	6.65
4750	86.0	6.69	3.26
4760	85.0	10.1	6.51
4760	86.0	5.47	2.95
4770	85.0	11.13	6.29
4770	86.0	4.38	2.77
4780	85.0	11.99	6.24
4780	86.0	3.13	2.55
4790	86.0	2.03	2.18
4800	86.0	0.99	1.77
4810	86.0	0.17	1.22
4820	86.0	-0.75	0.55
4830	86.0	-1.75	0.04
4840	86.0	-2.32	-0.63
4850	86.0	-2.96	-1.43
4860	86.0	-3.54	-2.3
4870	86.0	-4.16	-3.17
4890	96.0	-2.79	5.55
4900	96.0	-1.66	5.47
4910	96.0	-0.5	5.48
4920	96.0	0.64	5.52
4930	96.0	1.75	5.58
4940	96.0	2.9	5.63
4940	98.0	12.71	7.0
4950	96.0	3.98	5.77
4950	98.0	11.99	7.09
4960	96.0	5.1	5.75
4960	98.0	11.33	7.17
4970	96.0	6.24	5.77
4970	98.0	10.55	7.25
4980	96.0	7.2	5.79
4980	98.0	9.82	7.29
4990	96.0	7.99	5.75
4990	98.0	9.01	7.28
5110	104.0	3.7	5.02
5110	106.0	5.26	6.57
5110	108.0	3.55	8.86
5110	109.0	-3.07	4.58
5120	104.0	2.92	4.64
5120	106.0	4.35	6.37
5120	108.0	2.91	8.86
5120	109.0	-2.13	4.72
5130	104.0	2.0	4.16
5130	106.0	3.6	5.91
5130	108.0	1.49	9.17
5130	109.0	-1.17	4.92
5140	104.0	1.38	3.72
5140	106.0	2.85	5.39
5140	108.0	0.62	9.39
5140	109.0	-0.39	5.24
5150	104.0	0.67	3.22
5150	106.0	2.32	4.7
5150	108.0	-0.12	9.74
5150	109.0	0.49	5.53
5150	111.0	-2.12	-0.54
5160	104.0	-0.13	2.73
5160	106.0	1.75	4.0
5160	108.0	-0.94	10.2
5160	109.0	1.33	5.71
5160	111.0	-1.59	0.07
5170	104.0	-1.0	2.38
5170	106.0	0.87	3.45
5170	108.0	-1.64	10.84
5170	109.0	2.04	5.75
5170	111.0	-0.75	0.49
5180	104.0	-1.77	1.6
5180	106.0	0.2	2.85
5180	109.0	2.95	5.76
5180	111.0	0.16	1.04
5190	109.0	3.86	5.77
5190	111.0	0.89	1.25
5200	109.0	4.75	5.76
5200	111.0	1.76	1.49
5210	109.0	5.66	5.71
5210	111.0	2.61	1.91
5220	109.0	6.56	5.68
5220	111.0	3.48	2.22
5230	109.0	7.49	5.64
5230	111.0	4.4	2.41
5240	109.0	8.41	5.61
5240	111.0	5.35	2.49
5250	109.0	9.3	5.6
5250	111.0	6.29	2.54
5260	109.0	10.17	5.53
5260	111.0	7.07	2.5
5270	109.0	11.04	5.45
5270	111.0	8.07	2.63
5280	109.0	11.95	5.4
5280	111.0	8.86	2.95
5290	109.0	13.01	5.22
5290	111.0	9.87	3.25
5300	111.0	10.62	3.75
5310	111.0	11.61	4.17
5440	116.0	-0.55	1.19
5450	116.0	0.59	1.83
5460	116.0	1.71	2.36
5470	116.0	2.95	2.92
5480	116.0	4.11	3.44
5490	116.0	5.35	3.85
5500	116.0	6.63	4.07
5510	116.0	7.79	4.31
5520	116.0	8.96	4.5
5530	116.0	10.18	4.59
5540	116.0	11.38	4.8
5550	116.0	12.59	4.98
5620	120.0	12.13	6.5
5630	120.0	11.31	6.81
6230	122.0	10.67	6.71
6240	122.0	9.79	6.95
6250	122.0	8.85	7.14
6260	122.0	7.95	7.33
6270	122.0	7.05	7.55
6280	122.0	6.22	7.71
6290	122.0	5.36	7.88
6300	122.0	4.53	8.02
6310	122.0	3.45	8.24
6320	122.0	2.54	8.42
6330	122.0	1.66	8.64
6340	122.0	0.89	8.99
6340	123.0	-2.46	5.21
6340	124.0	9.9	6.58
6350	122.0	0.17	9.47
6350	123.0	-1.66	5.08
6350	124.0	8.75	6.63
6360	122.0	-0.52	9.95
6360	123.0	-0.88	4.85
6360	124.0	7.57	6.61
6370	122.0	-1.27	10.4
6370	123.0	0.08	4.78
6370	124.0	6.4	6.47
6380	123.0	1.02	4.72
6380	124.0	5.26	6.28
6390	123.0	1.94	4.67
6390	124.0	4.11	6.12
6400	123.0	2.92	4.57
6400	124.0	2.99	6.0
6410	123.0	3.83	4.5
6410	124.0	1.85	5.79
6420	123.0	4.81	4.47
6420	124.0	0.75	5.5
6430	123.0	5.75	4.33
6430	124.0	-0.28	5.05
6440	123.0	6.69	4.38
6440	124.0	-1.26	4.41
6450	123.0	7.62	4.43
6450	124.0	-2.33	3.58
6460	123.0	8.54	4.68
6470	123.0	9.45	4.91
6480	123.0	10.37	5.02
6480	128.0	-1.72	4.83
6490	123.0	11.32	5.15
6490	128.0	-0.44	4.6
6500	123.0	12.31	5.24
6500	128.0	0.86	4.38
6510	128.0	1.97	4.17
6520	128.0	3.14	3.96
6530	128.0	4.32	3.75
6540	128.0	5.47	3.64
6550	128.0	6.59	3.66
6560	128.0	7.61	3.69
6570	128.0	8.6	3.76
6580	128.0	9.57	3.81
6590	128.0	10.73	4.13
6590	129.0	13.16	4.09
6600	128.0	11.97	4.52
6600	129.0	13.2	3.55
6610	128.0	13.11	4.93
6610	129.0	13.2	3.55
6800	130.0	10.45	3.88
6800	131.0	10.84	4.88
6810	130.0	9.57	3.76
6810	131.0	9.76	4.68
6810	132.0	11.98	5.84
6820	130.0	8.64	3.64
6820	131.0	8.72	4.51
6820	132.0	10.83	5.96
6830	130.0	7.75	3.47
6830	131.0	7.6	4.33
6830	132.0	9.66	6.05
6840	130.0	6.94	3.3
6840	131.0	6.53	4.24
6840	132.0	8.51	6.16
6850	130.0	5.97	3.07
6850	131.0	5.44	4.12
6850	132.0	7.34	6.15
6860	130.0	4.99	2.95
6860	131.0	4.38	3.96
6860	132.0	6.18	6.15
6870	130.0	3.96	2.89
6870	131.0	3.26	3.88
6870	132.0	4.99	6.22
6880	130.0	2.98	3.08
6880	131.0	2.19	3.76
6880	132.0	3.86	6.24
6890	130.0	1.95	3.0
6890	131.0	1.06	3.58
6890	132.0	2.58	6.29
6900	130.0	0.94	2.78
6900	131.0	0.11	3.29
6900	132.0	1.41	6.37
6910	130.0	0.01	2.47
6910	131.0	-0.85	2.95
6910	132.0	0.31	6.42
6920	130.0	-1.02	1.85
6920	131.0	-1.72	2.51
6920	132.0	-0.93	6.39
6920	140.0	-3.83	-2.44
6930	130.0	-1.95	1.31
6930	131.0	-2.58	1.89
6930	132.0	-2.03	6.35
6930	140.0	-3.44	-1.6
6940	130.0	-2.81	0.61
6940	131.0	-3.48	1.24
6940	132.0	-3.08	6.52
6940	140.0	-2.84	-0.75
6950	130.0	-3.41	-0.17
6950	131.0	-4.1	0.5
6950	132.0	-4.13	6.77
6950	140.0	-2.07	0.08
6960	140.0	-1.04	0.7
6970	140.0	-0.23	1.27
6980	140.0	0.86	1.65
6980	143.0	-4.93	5.21
6990	140.0	1.84	2.07
6990	143.0	-3.95	5.24
7000	140.0	2.81	2.37
7000	143.0	-2.91	5.21
7010	140.0	3.83	2.78
7010	143.0	-2.01	5.18
7020	140.0	4.89	3.08
7020	143.0	-1.24	5.07
7030	140.0	5.94	3.42
7030	143.0	-0.26	5.12
7040	140.0	7.16	3.69
7040	143.0	0.77	5.11
7050	140.0	8.2	3.96
7050	143.0	1.84	5.16
7060	140.0	9.29	4.21
7060	143.0	2.84	5.46
7070	140.0	10.43	4.5
7070	143.0	3.89	5.42
7080	140.0	11.52	4.58
7080	143.0	4.89	5.51
7090	140.0	12.51	4.87
7090	143.0	5.95	5.57
7100	143.0	6.87	5.57
7110	143.0	7.45	5.61
7120	143.0	8.16	5.58
7130	143.0	8.77	5.26
7140	143.0	9.53	4.71
7150	143.0	10.61	4.37
7160	143.0	11.72	4.44
7300	146.0	-1.88	4.28
7310	146.0	-0.89	4.33
7310	147.0	-3.31	7.24
7320	146.0	0.35	4.33
7320	147.0	-2.3	7.09
7330	146.0	1.42	4.38
7330	147.0	-1.15	6.87
7340	146.0	2.52	4.43
7340	147.0	-0.08	6.85
7350	146.0	3.65	4.47
7350	147.0	1.02	6.79
7360	146.0	4.79	4.55
7360	147.0	2.13	6.69
7370	146.0	5.97	4.59
7370	147.0	3.2	6.54
7370	149.0	12.67	6.34
7380	146.0	7.08	4.71
7380	147.0	4.16	6.39
7380	149.0	11.58	6.88
7390	146.0	8.2	4.88
7390	147.0	5.26	6.15
7390	149.0	10.56	7.08
7400	146.0	9.35	5.08
7400	147.0	6.47	5.95
7400	149.0	9.61	7.49
7400	151.0	12.46	5.79
7410	146.0	10.5	5.31
7410	147.0	7.64	5.74
7410	149.0	8.55	7.66
7410	151.0	11.28	6.05
7420	146.0	11.6	5.43
7420	147.0	8.65	5.49
7420	149.0	7.39	7.61
7420	151.0	10.27	6.03
7430	146.0	12.44	5.54
7430	147.0	9.84	5.42
7430	149.0	6.33	7.69
7430	151.0	9.24	6.07
7440	147.0	10.97	5.54
7440	149.0	5.37	7.91
7440	151.0	8.24	6.23
7450	147.0	12.05	5.49
7450	149.0	4.29	7.78
7450	151.0	7.25	6.28
7460	149.0	3.19	7.76
7460	151.0	6.2	6.48
7470	149.0	2.08	7.81
7470	151.0	5.13	6.76
7480	149.0	1.05	7.92
7480	151.0	4.11	7.07
7490	149.0	-0.15	7.9
7490	151.0	3.09	7.31
7500	149.0	-1.28	7.96
7500	151.0	2.03	7.35
7510	149.0	-2.09	7.86
7510	151.0	0.96	7.34
7580	156.0	12.44	6.66
7590	156.0	11.16	6.91
7600	156.0	10.08	6.75
7610	156.0	8.78	6.75
7620	156.0	7.64	6.72
7630	156.0	6.47	6.55
7640	156.0	5.29	6.36
7650	156.0	4.15	6.29
7660	156.0	2.88	6.25
7670	156.0	1.64	6.22
7680	156.0	0.68	6.23
7690	156.0	-0.61	6.33
7700	156.0	-1.73	6.5
7750	159.0	-1.09	5.33
7760	159.0	-0.07	5.35
7770	159.0	1.04	5.35
7780	159.0	2.08	5.27
7780	162.0	12.88	5.97
7790	159.0	3.18	5.27
7790	162.0	11.72	6.08
7800	159.0	4.17	5.24
7800	162.0	10.57	6.15
7810	159.0	5.29	5.23
7810	162.0	9.34	6.25
7820	159.0	6.3	5.26
7820	162.0	8.11	6.34
7830	159.0	7.36	5.24
7830	162.0	6.9	6.33
7840	159.0	8.32	5.31
7840	162.0	5.69	6.29
7850	159.0	9.37	5.38
7850	162.0	4.46	6.32
7860	159.0	10.44	5.49
7860	162.0	3.27	6.41
7870	159.0	11.52	5.6
7870	162.0	2.1	6.5
7880	159.0	12.53	5.69
7880	162.0	0.96	6.66
7890	162.0	-0.25	6.82
7900	162.0	-1.44	6.92
7910	162.0	-2.49	6.89
7920	162.0	-3.69	6.98
7930	162.0	-4.76	6.88
8120	171.0	-0.68	8.4
8130	171.0	-0.71	8.35
8140	171.0	-0.91	8.42
8150	171.0	-1.08	8.47
8150	172.0	-1.9	0.09
8160	171.0	-1.24	8.36
8160	172.0	-1.01	0.97
8170	171.0	-1.53	8.27
8170	172.0	-0.15	1.51
8180	171.0	-1.87	8.41
8180	172.0	0.84	1.98
8190	171.0	-1.91	8.44
8190	172.0	1.8	2.43
8200	171.0	-2.31	8.41
8200	172.0	2.82	2.87
8210	171.0	-2.66	8.63
8210	172.0	3.96	3.2
8220	171.0	-2.66	8.63
8220	172.0	4.96	3.54
8230	171.0	-2.66	8.63
8230	172.0	6.06	3.88
8240	171.0	-2.66	8.63
8240	172.0	7.14	4.17
8250	171.0	-2.69	8.56
8250	172.0	8.22	4.38
8260	171.0	-2.69	8.52
8260	172.0	9.31	4.57
8270	171.0	-2.39	8.73
8270	172.0	10.36	4.77
8280	171.0	-2.1	8.77
8280	172.0	11.45	4.96
8290	171.0	-1.72	8.74
8290	172.0	12.54	5.23
8290	174.0	-3.14	13.21
8290	175.0	-1.98	0.1
8300	171.0	-1.55	8.62
8300	172.0	13.91	5.62
8300	174.0	-2.68	12.24
8300	175.0	-1.19	0.75
8310	171.0	-1.52	8.59
8310	174.0	-2.1	11.41
8310	175.0	-0.37	1.29
8320	171.0	-1.52	8.59
8320	174.0	-1.38	10.59
8320	175.0	0.53	1.7
8330	171.0	-1.52	8.59
8330	174.0	-0.71	10.15
8330	175.0	1.5	2.13
8340	171.0	-1.52	8.59
8340	174.0	0.08	9.64
8340	175.0	2.4	2.45
8350	171.0	-1.52	8.59
8350	174.0	0.99	9.2
8350	175.0	3.47	2.82
8360	171.0	-1.52	8.59
8360	174.0	2.17	8.84
8360	175.0	4.44	3.03
8370	171.0	-1.97	8.35
8370	174.0	3.15	8.54
8370	175.0	5.39	3.23
8380	171.0	-2.04	8.35
8380	174.0	4.14	8.31
8380	175.0	6.43	3.44
8390	171.0	-2.41	8.33
8390	174.0	5.2	8.09
8390	175.0	7.47	3.7
8400	171.0	-2.62	8.16
8400	174.0	6.25	7.82
8400	175.0	8.48	4.0
8400	182.0	-1.33	5.83
8400	184.0	-1.68	7.01
8410	171.0	-2.83	7.99
8410	174.0	7.27	7.53
8410	175.0	9.5	4.38
8410	182.0	-0.03	5.9
8410	184.0	-0.46	7.21
8420	171.0	-2.83	7.99
8420	174.0	8.28	7.22
8420	175.0	10.48	4.72
8420	182.0	1.21	5.92
8420	184.0	0.72	7.33
8430	171.0	-2.83	7.99
8430	174.0	9.31	6.83
8430	175.0	11.54	4.97
8430	182.0	2.48	5.89
8430	184.0	1.91	7.52
8440	171.0	-2.83	7.99
8440	174.0	10.33	6.48
8440	175.0	12.66	5.2
8440	182.0	3.76	5.87
8440	184.0	3.17	7.73
8450	171.0	-2.83	7.99
8450	174.0	11.32	6.16
8450	175.0	14.15	5.64
8450	182.0	5.0	5.88
8450	184.0	4.47	7.71
8460	171.0	-2.91	8.04
8460	174.0	12.18	5.82
8460	182.0	6.21	5.92
8460	184.0	5.7	7.52
8460	185.0	-1.98	6.4
8470	171.0	-2.92	8.02
8470	174.0	13.11	5.66
8470	182.0	7.42	5.96
8470	184.0	6.9	7.38
8470	185.0	-1.15	6.14
8480	171.0	-3.01	8.06
8480	182.0	8.66	6.07
8480	184.0	8.14	7.33
8480	185.0	0.02	5.85
8490	171.0	-3.05	8.05
8490	182.0	9.93	6.18
8490	184.0	9.35	7.23
8490	185.0	1.02	6.01
8500	171.0	-3.05	8.05
8500	182.0	11.06	6.2
8500	184.0	10.44	7.22
8500	185.0	2.15	5.94
8510	171.0	-3.05	8.05
8510	182.0	12.2	6.11
8510	184.0	11.72	6.94
8510	185.0	3.17	6.0
8510	191.0	1.19	1.87
8520	171.0	-3.05	8.05
8520	182.0	13.05	6.11
8520	184.0	12.53	6.79
8520	185.0	4.21	6.1
8520	191.0	2.39	2.3
8530	171.0	-3.05	8.05
8530	184.0	13.36	6.75
8530	185.0	5.29	6.07
8530	191.0	3.36	2.52
8540	171.0	-3.05	8.05
8540	185.0	6.44	5.97
8540	191.0	4.69	2.92
8550	171.0	-2.6	8.07
8550	185.0	7.46	5.73
8550	191.0	5.89	3.18
8560	171.0	-2.51	7.78
8560	185.0	8.58	5.61
8560	191.0	7.1	3.34
8570	171.0	-2.38	7.73
8570	185.0	9.71	5.55
8570	191.0	8.26	3.53
8580	171.0	-1.91	7.79
8580	185.0	10.78	5.64
8580	191.0	9.45	4.04
8590	171.0	-1.54	7.72
8590	185.0	11.92	5.71
8590	191.0	10.66	4.32
8600	171.0	-1.04	7.8
8600	185.0	13.06	5.59
8600	191.0	11.74	4.72
8610	171.0	-0.62	7.82
8610	191.0	12.86	5.08
8620	171.0	-0.16	7.77
8620	191.0	13.31	5.34
8630	171.0	0.28	7.86
8640	171.0	0.67	7.8
8650	171.0	1.02	7.75
8660	171.0	1.44	7.87
8670	171.0	1.86	7.85
8680	171.0	2.22	7.89
8690	171.0	2.6	8.01
8700	171.0	3.04	7.99
8710	171.0	3.5	8.06
8720	171.0	3.94	8.17
8730	171.0	4.33	8.23
8740	171.0	4.73	8.38
8750	171.0	5.04	8.46
8760	171.0	5.33	8.54
8770	171.0	5.87	8.6
8780	171.0	6.27	8.5
8790	171.0	6.7	8.4
8800	171.0	6.96	8.4
8810	171.0	6.96	8.4
8820	171.0	7.2	7.95
8830	171.0	7.23	7.85
8840	171.0	7.23	7.85
8850	171.0	7.23	7.85
8860	171.0	7.23	7.85
8870	171.0	7.2	7.88
8880	171.0	7.07	7.94
8890	171.0	6.81	7.86
8900	171.0	6.51	7.74
8910	171.0	6.16	7.76
8910	197.0	12.43	6.04
8920	171.0	5.78	7.73
8920	197.0	11.5	6.03
8930	171.0	5.4	7.69
8930	197.0	10.81	5.8
8940	171.0	4.99	7.72
8940	197.0	10.28	5.52
8940	199.0	-1.31	4.48
8950	171.0	4.59	7.71
8950	197.0	9.8	5.22
8950	199.0	-0.13	4.59
8960	171.0	4.13	7.78
8960	197.0	8.97	4.98
8960	199.0	1.08	4.71
8970	171.0	3.73	7.92
8970	197.0	8.18	4.88
8970	199.0	2.28	4.86
8980	171.0	3.3	7.97
8980	197.0	7.24	4.8
8980	199.0	3.45	5.07
8990	171.0	2.87	8.04
8990	197.0	6.35	4.58
8990	199.0	4.64	5.32
8990	204.0	-2.58	4.48
8990	205.0	13.12	4.75
9000	171.0	2.42	8.16
9000	197.0	5.42	4.35
9000	199.0	5.85	5.49
9000	204.0	-1.45	4.7
9000	205.0	11.82	4.28
9010	171.0	1.97	8.24
9010	197.0	4.42	4.2
9010	199.0	7.05	5.63
9010	204.0	-0.25	4.82
9010	205.0	10.66	3.65
9020	171.0	1.52	8.35
9020	197.0	3.5	4.0
9020	199.0	8.23	5.61
9020	204.0	0.76	5.02
9020	205.0	9.57	3.33
9030	171.0	1.15	8.41
9030	197.0	2.6	3.85
9030	199.0	9.46	5.64
9030	204.0	1.95	5.38
9030	205.0	8.36	2.95
9040	171.0	0.74	8.37
9040	197.0	1.68	3.68
9040	199.0	10.63	5.64
9040	204.0	3.06	5.65
9040	205.0	7.22	2.79
9050	171.0	0.31	8.36
9050	197.0	0.78	3.47
9050	199.0	11.92	5.64
9050	204.0	4.25	5.74
9050	205.0	5.95	2.54
9050	207.0	-2.81	5.16
9060	171.0	-0.14	8.31
9060	197.0	-0.11	3.23
9060	204.0	5.39	5.76
9060	205.0	4.74	2.34
9060	207.0	-1.77	5.1
9070	171.0	-0.58	8.25
9070	197.0	-0.93	2.87
9070	204.0	6.54	5.69
9070	205.0	3.5	1.98
9070	207.0	-0.85	5.1
9080	171.0	-1.01	8.35
9080	197.0	-1.75	2.32
9080	204.0	7.73	5.64
9080	205.0	2.6	1.82
9080	207.0	0.24	5.1
9090	171.0	-1.36	8.51
9090	197.0	-3.09	1.52
9090	204.0	8.89	5.61
9090	205.0	1.55	1.45
9090	207.0	1.45	5.11
9100	171.0	-1.5	8.5
9100	197.0	-3.83	0.91
9100	204.0	10.1	5.57
9100	205.0	0.99	1.34
9100	207.0	2.53	5.13
9110	171.0	-2.08	8.54
9110	197.0	-4.47	0.28
9110	204.0	11.24	5.58
9110	205.0	-0.2	1.13
9110	207.0	3.62	5.2
9120	171.0	-2.41	8.59
9120	204.0	12.41	5.5
9120	205.0	-1.09	0.97
9120	207.0	4.74	5.32
9130	171.0	-2.81	8.43
9130	204.0	13.77	5.49
9130	207.0	5.88	5.36
9140	171.0	-2.89	8.55
9140	207.0	7.21	5.41
9150	171.0	-2.93	8.65
9150	207.0	8.34	5.45
9160	171.0	-2.98	8.75
9160	207.0	9.48	5.36
9170	171.0	-2.98	8.75
9170	207.0	10.65	5.35
9180	171.0	-2.96	8.42
9180	207.0	11.71	5.24
9190	171.0	-2.96	8.42
9190	207.0	12.68	5.03
9200	171.0	-3.31	8.09
9200	207.0	13.6	4.99
9210	171.0	-3.38	8.03
9220	171.0	-3.38	8.03
9230	171.0	-3.87	7.94
9240	171.0	-3.96	7.92
9250	171.0	-3.96	7.92
9420	221.0	-2.45	0.24
9430	221.0	-1.79	1.08
9440	221.0	-0.74	1.72
9450	221.0	0.23	2.23
9460	221.0	1.23	2.66
9470	221.0	2.23	3.11
9480	221.0	3.23	3.5
9490	221.0	4.26	3.81
9500	221.0	5.31	3.97
9510	221.0	6.46	4.11
9520	221.0	7.67	4.19
9530	221.0	8.84	4.27
9530	223.0	-0.71	5.6
9540	221.0	9.98	4.51
9540	223.0	0.37	5.63
9550	221.0	11.13	4.79
9550	223.0	1.48	5.61
9560	221.0	12.32	5.04
9560	223.0	2.68	5.6
9570	221.0	13.5	5.21
9570	223.0	3.83	5.57
9580	223.0	4.94	5.51
9590	223.0	6.07	5.5
9600	223.0	7.32	5.55
9610	223.0	8.37	5.53
9620	223.0	9.47	5.48
9630	223.0	10.53	5.45
9630	227.0	1.07	6.45
9640	223.0	11.65	5.43
9640	227.0	2.45	6.36
9650	223.0	12.72	5.52
9650	227.0	3.72	6.29
9660	227.0	5.03	6.19
9670	227.0	6.3	6.11
9680	227.0	7.55	5.84
9680	230.0	-3.11	5.32
9680	231.0	-3.38	4.31
9690	227.0	8.76	5.61
9690	230.0	-2.09	5.21
9690	231.0	-2.48	4.25
9700	227.0	10.03	5.57
9700	230.0	-1.28	5.33
9700	231.0	-1.51	4.28
9710	227.0	11.43	5.48
9710	230.0	-0.44	5.26
9710	231.0	-0.43	4.34
9720	227.0	12.6	5.57
9720	230.0	0.45	5.28
9720	231.0	0.48	4.39
9730	227.0	13.48	5.38
9730	230.0	1.34	5.34
9730	231.0	1.36	4.49
9740	230.0	2.28	5.27
9740	231.0	2.24	4.5
9750	230.0	3.18	5.2
9750	231.0	3.05	4.41
9760	230.0	4.11	5.16
9760	231.0	3.89	4.27
9770	230.0	5.03	5.09
9770	231.0	4.7	4.11
9780	230.0	6.02	5.04
9780	231.0	5.54	4.15
9790	230.0	7.01	5.03
9790	231.0	6.36	4.2
9800	230.0	8.05	4.96
9800	231.0	7.17	4.25
9810	230.0	8.94	4.89
9810	231.0	8.09	4.24
9820	230.0	9.88	4.84
9820	231.0	8.97	4.1
9830	230.0	10.74	4.75
9830	231.0	9.76	4.21
9830	235.0	-3.15	0.11
9840	230.0	11.7	4.6
9840	231.0	10.5	4.2
9840	235.0	-2.61	0.63
9850	230.0	12.52	4.3
9850	231.0	11.12	4.05
9850	235.0	-2.39	0.96
9860	230.0	13.01	4.26
9860	231.0	11.67	4.0
9860	235.0	-2.08	1.37
9870	230.0	13.05	4.4
9870	231.0	12.02	3.8
9870	235.0	-2.04	1.43
9870	236.0	12.83	5.79
9880	230.0	13.05	4.4
9880	231.0	12.2	3.83
9880	235.0	-2.07	1.55
9880	236.0	11.73	5.73
9890	230.0	12.68	4.6
9890	231.0	12.29	3.76
9890	235.0	-2.57	2.14
9890	236.0	10.73	5.85
9900	230.0	12.61	4.7
9900	231.0	12.26	3.82
9900	235.0	-3.17	2.78
9900	236.0	9.8	6.02
9910	230.0	12.62	4.76
9910	231.0	12.25	3.84
9910	236.0	8.87	6.15
9920	230.0	12.65	4.76
9920	231.0	12.25	3.84
9920	236.0	8.01	6.23
9920	240.0	-1.36	4.73
9920	241.0	-1.38	8.19
9920	242.0	-0.92	9.05
9930	230.0	12.65	4.76
9930	231.0	12.25	3.84
9930	236.0	7.09	6.33
9930	240.0	-0.48	4.76
9930	241.0	-0.08	8.1
9930	242.0	0.43	8.91
9940	230.0	12.65	4.76
9940	231.0	12.25	3.84
9940	236.0	6.25	6.31
9940	240.0	0.49	4.84
9940	241.0	1.16	7.94
9940	242.0	1.62	8.69
9950	230.0	12.68	4.76
9950	231.0	12.25	3.84
9950	236.0	5.46	6.21
9950	240.0	1.47	4.88
9950	241.0	2.39	7.74
9950	242.0	2.83	8.41
9960	230.0	12.62	4.88
9960	231.0	12.25	3.93
9960	236.0	4.72	6.05
9960	240.0	2.4	4.83
9960	241.0	3.65	7.49
9960	242.0	4.11	8.12
9970	230.0	13.18	5.24
9970	231.0	12.58	4.26
9970	236.0	3.98	6.02
9970	240.0	3.31	4.79
9970	241.0	4.87	7.24
9970	242.0	5.42	7.89
9980	230.0	13.18	5.24
9980	231.0	13.53	5.0
9980	236.0	3.09	5.81
9980	240.0	4.22	4.83
9980	241.0	6.06	6.99
9980	242.0	6.58	7.59
9990	236.0	2.28	5.53
9990	240.0	5.11	4.88
9990	241.0	7.28	6.75
9990	242.0	7.78	7.26
10000	236.0	1.51	5.06
10000	240.0	5.97	4.96
10000	241.0	8.51	6.47
10000	242.0	8.99	6.94
10010	236.0	0.75	4.51
10010	240.0	6.78	4.97
10010	241.0	9.76	6.13
10010	242.0	10.19	6.7
10020	236.0	0.15	3.78
10020	240.0	7.51	5.02
10020	241.0	11.28	5.73
10020	242.0	11.51	6.62
10030	240.0	8.27	5.04
10030	241.0	12.63	5.51
10030	242.0	12.75	6.4
10040	240.0	9.2	5.08
10040	241.0	13.98	5.64
10040	242.0	13.9	6.27
10050	240.0	10.14	5.01
10060	240.0	11.0	4.93
10070	240.0	11.86	4.87
10080	240.0	12.71	4.91
10090	240.0	13.46	5.1
10100	249.0	2.6	5.47
10110	249.0	3.53	5.45
10120	249.0	4.41	5.4
10130	249.0	5.41	5.4
10140	249.0	6.39	5.3
10150	249.0	7.53	5.2
10160	249.0	8.49	5.3
10170	249.0	9.39	5.3
10180	249.0	10.28	5.3
10190	249.0	11.2	5.45
10200	249.0	12.08	5.65
10200	251.0	2.92	6.64
10210	249.0	12.75	5.77
10210	251.0	3.98	6.63
10220	249.0	13.09	5.88
10220	251.0	5.02	6.58
10220	254.0	0.54	5.08
10230	249.0	13.13	5.87
10230	251.0	6.31	6.62
10230	254.0	1.81	5.19
10240	251.0	7.26	6.58
10240	254.0	3.05	5.29
10250	251.0	8.17	6.49
10250	254.0	4.32	5.39
10260	251.0	9.24	6.17
10260	254.0	5.64	5.48
10270	251.0	10.23	5.97
10270	254.0	6.93	5.48
10280	251.0	11.11	5.92
10280	254.0	8.25	5.49
10290	251.0	12.11	5.83
10290	254.0	9.41	5.48
10300	251.0	12.84	5.71
10300	254.0	10.48	5.53
10300	266.0	-1.85	2.67
10310	251.0	13.7	5.67
10310	254.0	11.43	5.68
10310	266.0	-0.95	2.62
10320	254.0	12.18	5.82
10320	266.0	0.0	2.69
10320	273.0	13.18	6.25
10330	254.0	12.65	5.8
10330	266.0	0.95	2.78
10330	273.0	12.31	6.71
10340	254.0	12.96	5.75
10340	266.0	2.06	3.0
10340	273.0	11.4	6.8
10350	254.0	13.09	5.74
10350	266.0	3.01	3.1
10350	273.0	10.43	6.65
10350	275.0	12.96	6.42
10360	254.0	13.12	5.78
10360	266.0	3.98	3.28
10360	273.0	9.43	6.49
10360	275.0	12.33	6.31
10360	277.0	13.75	6.05
10370	254.0	13.45	5.7
10370	266.0	4.89	3.42
10370	273.0	8.49	6.3
10370	275.0	11.79	6.27
10370	277.0	13.75	6.05
10380	266.0	5.8	3.55
10380	273.0	7.63	6.14
10380	275.0	11.27	6.2
10380	277.0	13.75	6.05
10390	266.0	6.7	3.71
10390	273.0	6.7	6.0
10390	275.0	10.76	6.07
10390	277.0	13.75	6.05
10400	266.0	7.54	3.83
10400	273.0	5.73	5.95
10400	275.0	10.27	6.17
10400	277.0	13.75	6.05
10410	266.0	8.39	3.96
10410	273.0	4.73	5.81
10410	275.0	9.76	6.01
10410	277.0	13.75	6.05
10420	266.0	9.29	4.07
10420	273.0	3.72	5.71
10420	275.0	9.25	5.97
10430	266.0	10.43	4.18
10430	273.0	2.75	5.57
10430	275.0	8.62	5.83
10440	266.0	11.23	4.26
10440	273.0	1.82	5.39
10440	275.0	8.01	5.58
10440	286.0	-3.81	9.19
10450	266.0	11.88	4.5
10450	273.0	0.89	5.19
10450	275.0	7.37	5.49
10450	286.0	-3.48	9.39
10460	266.0	12.79	4.6
10460	273.0	-0.03	4.95
10460	275.0	6.89	5.24
10460	286.0	-3.07	9.24
10460	289.0	13.35	5.73
10470	266.0	13.41	4.79
10470	273.0	-1.18	4.74
10470	275.0	6.25	5.15
10470	286.0	-2.85	9.25
10470	289.0	12.82	5.83
10480	275.0	5.65	4.95
10480	286.0	-2.38	9.26
10480	289.0	12.23	5.98
10490	275.0	5.04	4.9
10490	286.0	-2.03	9.08
10490	289.0	11.25	6.09
10490	291.0	12.95	4.01
10500	275.0	4.46	4.85
10500	286.0	-1.88	9.01
10500	289.0	10.34	6.02
10500	291.0	13.0	4.01
10510	275.0	3.91	4.75
10510	286.0	-1.8	8.98
10510	289.0	9.41	6.09
10510	291.0	12.99	4.12
10520	275.0	3.23	4.67
10520	286.0	-1.8	8.98
10520	289.0	8.38	6.15
10520	291.0	12.9	4.38
10520	292.0	-3.16	2.26
10530	275.0	2.57	4.4
10530	289.0	7.41	6.19
10530	291.0	13.01	4.57
10530	292.0	-2.29	2.58
10670	293.0	2.74	2.62
10670	295.0	-1.18	4.97
10670	296.0	-1.52	6.1
10670	301.0	5.15	7.64
10680	293.0	1.62	1.98
10680	295.0	-1.18	4.97
10680	296.0	-1.52	6.1
10680	301.0	6.05	7.39
10690	293.0	0.6	1.55
10690	295.0	-1.18	4.97
10690	296.0	-1.52	6.1
10690	301.0	6.97	7.06
10690	303.0	12.9	6.16
10700	293.0	-0.18	1.04
10700	295.0	-1.18	4.97
10700	296.0	-1.52	6.1
10700	301.0	7.85	6.69
10700	303.0	12.31	6.32
10710	293.0	-1.44	0.46
10710	295.0	-1.18	4.97
10710	296.0	-1.51	6.24
10710	301.0	8.78	6.44
10710	303.0	11.61	6.67
10720	293.0	-2.32	-0.3
10720	295.0	-1.18	4.97
10720	296.0	-1.38	5.87
10720	301.0	9.7	6.17
10720	303.0	10.95	7.1
10730	295.0	-1.18	4.97
10730	296.0	-1.37	5.91
10730	301.0	10.62	5.92
10730	303.0	10.28	7.37
10740	295.0	-1.18	4.97
10740	296.0	-1.37	5.91
10740	301.0	11.5	5.8
10740	303.0	9.63	7.55
10750	295.0	-1.18	4.97
10750	296.0	-1.37	5.91
10750	301.0	12.35	5.89
10750	303.0	8.91	7.66
10760	295.0	-1.18	4.97
10760	296.0	-1.37	5.91
10760	301.0	13.28	5.88
10760	303.0	8.16	7.78
10770	303.0	7.39	7.94
10780	303.0	6.61	8.11
10780	309.0	0.52	7.43
10780	310.0	1.31	7.78
10790	303.0	5.81	8.31
10790	309.0	1.39	7.19
10790	310.0	2.16	7.54
10800	303.0	5.08	8.41
10800	309.0	2.21	6.97
10800	310.0	3.04	7.31
10810	303.0	4.24	8.45
10810	309.0	3.12	6.78
10810	310.0	3.94	7.08
10810	311.0	0.84	7.47
10810	312.0	0.34	6.96
10810	313.0	-0.27	2.74
10820	303.0	3.38	8.52
10820	309.0	3.93	6.56
10820	310.0	4.75	6.89
10820	311.0	1.8	7.37
10820	312.0	1.31	6.87
10820	313.0	0.53	2.93
10830	303.0	2.46	8.62
10830	309.0	4.77	6.37
10830	310.0	5.56	6.75
10830	311.0	2.81	7.15
10830	312.0	2.34	6.65
10830	313.0	1.43	3.09
10840	303.0	1.56	8.66
10840	309.0	5.64	6.19
10840	310.0	6.37	6.61
10840	311.0	3.82	7.02
10840	312.0	3.36	6.52
10840	313.0	2.27	3.25
10850	303.0	0.76	8.61
10850	309.0	6.48	6.04
10850	310.0	7.2	6.43
10850	311.0	4.86	6.96
10850	312.0	4.45	6.43
10850	313.0	3.09	3.35
10860	303.0	-0.06	8.59
10860	309.0	7.41	5.96
10860	310.0	8.17	6.25
10860	311.0	5.78	6.93
10860	312.0	5.46	6.16
10860	313.0	3.99	3.44
10870	303.0	-0.74	8.44
10870	309.0	8.33	5.81
10870	310.0	9.09	6.05
10870	311.0	6.88	6.79
10870	312.0	6.59	6.14
10870	313.0	4.8	3.68
10880	303.0	-1.45	8.46
10880	309.0	9.25	5.66
10880	310.0	10.02	5.87
10880	311.0	7.91	6.66
10880	312.0	7.63	6.02
10880	313.0	5.65	3.99
10890	309.0	10.1	5.57
10890	310.0	10.96	5.81
10890	311.0	8.93	6.53
10890	312.0	8.69	5.9
10890	313.0	6.48	4.13
10900	309.0	10.94	5.55
10900	310.0	11.96	5.77
10900	311.0	9.87	6.42
10900	312.0	9.64	5.79
10900	313.0	7.3	4.29
10910	309.0	11.77	5.61
10910	310.0	13.05	5.84
10910	311.0	10.73	6.37
10910	312.0	10.54	5.71
10910	313.0	8.16	4.48
10920	309.0	12.52	5.77
10920	311.0	11.54	6.27
10920	312.0	11.36	5.61
10920	313.0	8.99	4.7
10930	311.0	12.28	6.2
10930	312.0	12.11	5.55
10930	313.0	9.84	4.97
10940	311.0	12.99	6.19
10940	312.0	12.82	5.36
10940	313.0	10.75	5.2
10950	311.0	13.29	6.3
10950	312.0	13.5	5.36
10950	313.0	11.64	5.36
10960	313.0	12.6	5.41
10970	313.0	13.7	5.3
11240	321.0	11.16	4.54
11240	322.0	11.11	5.18
11250	321.0	10.26	4.48
11250	322.0	10.21	5.33
11260	321.0	9.57	4.41
11260	322.0	9.36	5.23
11270	321.0	8.71	4.26
11270	322.0	8.49	5.13
11280	321.0	7.9	4.22
11280	322.0	7.66	5.08
11280	329.0	-2.76	-0.13
11290	321.0	7.04	4.15
11290	322.0	6.74	5.12
11290	329.0	-2.04	0.53
11300	321.0	6.19	4.1
11300	322.0	5.92	5.01
11300	329.0	-1.18	1.02
11310	321.0	5.4	4.03
11310	322.0	5.04	4.88
11310	329.0	-0.36	1.48
11320	321.0	4.52	4.14
11320	322.0	4.18	4.8
11320	329.0	0.34	1.92
11330	321.0	3.7	4.16
11330	322.0	3.27	4.83
11330	329.0	0.84	2.35
11340	321.0	2.89	4.17
11340	322.0	2.43	4.85
11340	329.0	1.59	2.64
11350	321.0	2.06	4.04
11350	322.0	1.54	4.72
11350	329.0	2.39	2.91
11360	321.0	1.17	3.87
11360	322.0	0.55	4.53
11360	329.0	3.18	3.17
11370	321.0	0.44	3.52
11370	322.0	-0.29	4.27
11370	329.0	4.04	3.44
11380	321.0	-0.33	3.2
11380	322.0	-1.04	3.95
11380	329.0	4.89	3.69
11390	321.0	-1.03	2.81
11390	322.0	-1.79	3.57
11390	329.0	5.78	3.96
11390	335.0	-4.03	5.21
11400	321.0	-1.74	2.34
11400	322.0	-2.59	2.94
11400	329.0	6.76	4.08
11400	335.0	-3.15	5.13
11410	321.0	-2.25	1.87
11410	322.0	-3.29	2.54
11410	329.0	7.76	4.15
11410	335.0	-2.07	5.1
11420	329.0	8.61	4.16
11420	335.0	-0.05	5.18
11430	329.0	9.5	4.18
11430	335.0	0.82	5.13
11440	329.0	10.38	4.34
11440	335.0	1.88	5.19
11450	329.0	11.21	4.74
11450	335.0	2.86	5.16
11460	329.0	12.09	4.9
11460	335.0	3.82	5.11
11470	329.0	12.91	5.06
11470	335.0	4.9	5.03
11480	329.0	13.89	5.4
11480	335.0	5.92	5.0
11490	335.0	6.86	4.96
11500	335.0	7.86	4.97
11510	335.0	8.8	5.0
11520	335.0	9.75	4.94
11530	335.0	10.72	4.93
11540	335.0	11.66	4.87
11550	335.0	12.52	4.8
11610	341.0	11.65	6.69
11620	341.0	10.67	6.41
11630	341.0	9.62	6.07
11640	341.0	8.64	5.72
11650	341.0	7.61	5.48
11660	341.0	6.62	5.21
11670	341.0	5.63	4.92
11680	341.0	4.62	4.56
11690	341.0	3.61	4.11
11700	341.0	2.53	3.62
11710	341.0	1.48	3.06
11720	341.0	0.55	2.57
11730	341.0	-0.44	2.06
11740	341.0	-1.35	1.42
11750	341.0	-2.23	0.69
11860	343.0	0.13	1.43
11860	344.0	-0.75	1.87
11870	343.0	1.12	1.94
11870	344.0	0.39	2.42
11870	346.0	-2.7	0.74
11880	343.0	1.94	2.32
11880	344.0	1.4	2.82
11880	346.0	-1.8	1.32
11890	343.0	2.86	2.6
11890	344.0	2.4	3.17
11890	346.0	-1.04	1.87
11900	343.0	3.89	2.92
11900	344.0	3.39	3.42
11900	346.0	-0.06	2.38
11910	343.0	5.11	3.06
11910	344.0	4.4	3.61
11910	346.0	0.89	2.76
11920	343.0	6.22	3.24
11920	344.0	5.58	3.77
11920	346.0	1.98	3.1
11930	343.0	7.35	3.3
11930	344.0	6.77	3.82
11930	346.0	3.02	3.31
11940	343.0	8.49	3.53
11940	344.0	7.84	3.91
11940	346.0	4.14	3.53
11950	343.0	9.6	3.81
11950	344.0	8.96	4.19
11950	346.0	5.34	3.75
11960	343.0	10.61	4.09
11960	344.0	9.99	4.46
11960	346.0	6.47	3.91
11970	343.0	11.74	4.48
11970	344.0	11.04	4.86
11970	346.0	7.53	4.13
11970	354.0	12.78	6.08
11980	343.0	12.84	4.85
11980	344.0	12.1	5.17
11980	346.0	8.63	4.4
11980	354.0	11.42	6.19
11990	343.0	13.96	5.38
11990	344.0	13.22	5.51
11990	346.0	9.67	4.74
11990	354.0	10.29	6.32
12000	346.0	10.73	5.07
12000	354.0	9.19	6.34
12010	346.0	11.71	5.41
12010	354.0	8.07	6.4
12020	346.0	12.6	5.66
12020	354.0	7.01	6.49
12020	356.0	-5.54	1.26
12020	358.0	-6.55	7.2
12030	346.0	13.85	6.2
12030	354.0	6.01	6.68
12030	356.0	-4.46	1.58
12030	358.0	-6.05	7.26
12040	354.0	4.97	6.64
12040	356.0	-3.33	1.77
12040	358.0	-5.49	7.27
12050	354.0	3.88	6.52
12050	356.0	-2.07	1.82
12050	358.0	-4.99	7.41
12060	354.0	2.91	6.16
12060	356.0	-0.86	1.87
12060	358.0	-4.5	7.46
12070	354.0	1.94	5.78
12070	356.0	0.4	2.03
12070	358.0	-4.07	7.51
12080	354.0	0.97	5.26
12080	356.0	1.61	2.3
12080	358.0	-3.78	7.53
12090	354.0	0.12	4.74
12090	356.0	2.83	2.57
12090	358.0	-3.23	7.55
12100	354.0	-0.84	4.19
12100	356.0	4.08	2.78
12100	358.0	-2.61	7.56
12110	354.0	-1.57	3.5
12110	356.0	5.34	3.13
12110	358.0	-2.24	7.62
12120	354.0	-2.18	2.63
12120	356.0	6.51	3.49
12120	358.0	-1.84	7.67
12130	356.0	7.7	3.84
12130	358.0	-1.3	7.52
12140	356.0	8.91	4.13
12140	358.0	-0.9	7.53
12150	356.0	10.09	4.43
12150	358.0	-0.49	7.47
12160	356.0	11.24	4.64
12160	358.0	-0.03	7.4
12170	356.0	12.33	4.89
12170	358.0	0.44	7.34
12180	356.0	13.6	5.17
12180	358.0	0.87	7.36
12190	358.0	1.33	7.27
12200	358.0	1.79	7.27
12200	361.0	-1.42	2.71
12210	358.0	2.28	7.21
12210	361.0	-0.4	2.86
12220	358.0	2.81	7.21
12220	361.0	0.65	2.95
12220	362.0	-0.86	4.45
12230	358.0	3.24	7.11
12230	361.0	1.67	3.02
12230	362.0	0.14	4.42
12240	358.0	3.72	7.14
12240	361.0	2.74	3.06
12240	362.0	1.25	4.44
12250	358.0	4.14	7.14
12250	361.0	3.79	3.15
12250	362.0	2.34	4.5
12260	358.0	4.61	7.15
12260	361.0	4.81	3.24
12260	362.0	3.38	4.43
12270	358.0	5.07	7.12
12270	361.0	5.88	3.4
12270	362.0	4.48	4.44
12270	367.0	12.63	7.26
12280	358.0	5.53	7.1
12280	361.0	6.99	3.63
12280	362.0	5.6	4.5
12280	367.0	12.11	7.63
12290	358.0	6.09	7.1
12290	361.0	8.11	3.85
12290	362.0	6.68	4.54
12290	367.0	11.62	8.06
12300	358.0	6.65	7.02
12300	361.0	9.22	4.02
12300	362.0	7.83	4.6
12300	367.0	11.33	8.28
12310	358.0	7.2	7.02
12310	361.0	10.37	4.31
12310	362.0	8.9	4.65
12310	367.0	11.23	8.41
12320	358.0	7.76	6.92
12320	361.0	11.52	4.57
12320	362.0	9.96	4.75
12320	367.0	11.2	8.44
12330	358.0	8.22	6.9
12330	361.0	12.61	4.8
12330	362.0	11.02	4.88
12330	367.0	11.2	8.44
12340	358.0	8.66	6.81
12340	361.0	13.39	4.85
12340	362.0	12.04	4.98
12340	367.0	11.2	8.44
12350	358.0	9.1	6.79
12350	362.0	12.85	5.08
12350	367.0	11.2	8.44
12360	358.0	9.53	6.76
12360	367.0	11.2	8.44
12370	358.0	9.96	6.74
12370	367.0	11.2	8.44
12380	358.0	10.35	6.75
12380	367.0	11.2	8.44
