80.0	3.0	4.03819405839	0.128876291845
90.0	3.0	4.43092195295	0.940319610871
100.0	3.0	4.84616961424	1.60737375107
110.0	3.0	5.27636029831	2.17800933218
120.0	3.0	5.73664749306	2.73098408812
130.0	3.0	6.26786142976	3.24243203891
140.0	3.0	6.79297187827	3.71521710214
150.0	3.0	7.29408930429	4.03335061516
160.0	3.0	7.81267533441	4.34360835478
170.0	3.0	8.48932066186	4.5822681545
180.0	3.0	9.15333808272	4.83548620199
190.0	3.0	9.81230434096	5.09490940428
200.0	3.0	10.4660089715	5.30970322402
210.0	3.0	11.1119263929	5.45791095965
220.0	3.0	11.7578438143	5.60611869527
230.0	3.0	12.3963949569	5.83523210299
240.0	3.0	13.0277902858	6.14548984262
250.0	3.0	13.6065693373	6.47603366522
260.0	3.0	14.1327321114	6.8271022306
270.0	3.0	14.6588948854	7.17793213618
280.0	3.0	15.1850576595	7.52900070156
400.0	10.0	0.0631395328877	8.68721670957
410.0	10.0	0.273604642513	8.44855690986
420.0	10.0	0.484069752139	8.20989711014
430.0	10.0	0.694534861764	7.97123731043
440.0	10.0	1.03675113002	7.87362545235
450.0	10.0	1.41201042048	7.81133524462
460.0	10.0	1.81505110541	7.72923627352
470.0	10.0	2.24587318481	7.62685121944
480.0	10.0	2.68216735707	7.53639915535
490.0	10.0	3.1266696686	7.46336925664
500.0	10.0	3.57096151502	7.39057801773
510.0	10.0	4.01525336144	7.31754811901
520.0	10.0	4.45807195209	7.2490527565
530.0	10.0	4.90068007763	7.18175069298
540.0	10.0	5.34307773806	7.11444862946
550.0	10.0	5.78568586361	7.04714656594
560.0	10.0	6.17083701422	7.04046409155
560.0	15.0	15.2627192849	5.22402435593
570.0	10.0	6.54967421155	7.04046409155
570.0	15.0	14.7792809281	5.4097016801
580.0	10.0	6.92851140887	7.04046409155
580.0	15.0	14.2960530364	5.59514034448
590.0	10.0	7.26630790982	7.01373419398
590.0	15.0	13.8128251447	5.78081766866
600.0	10.0	7.59947417836	6.98390171901
600.0	15.0	13.2995007423	5.92305890929
610.0	10.0	7.88823230876	6.90681460371
610.0	15.0	12.7828088982	6.06052695392
620.0	10.0	8.13237183593	6.78271150786
620.0	15.0	12.2663275192	6.19799499856
620.0	17.0	0.223303481313	9.9105868429
630.0	10.0	8.3765113631	6.65860841201
630.0	15.0	11.7921496272	6.36648881716
630.0	17.0	0.333166268537	9.58887343289
640.0	10.0	8.71136135251	6.50682077939
640.0	15.0	11.3465949901	6.55622335793
640.0	17.0	0.459234869203	9.28171827066
640.0	18.0	-0.0119965112487	8.94974248925
650.0	10.0	9.04621134192	6.35479448697
650.0	15.0	10.9008298879	6.7457192389
650.0	17.0	0.650547653853	9.03208012016
650.0	18.0	0.25866161973	8.71108268954
660.0	10.0	9.43515086451	6.25813726809
660.0	15.0	10.4550647858	6.92471408869
660.0	17.0	0.841860438502	8.78268062945
660.0	18.0	0.529109285599	8.47242288983
670.0	10.0	9.83777061923	6.17508365779
670.0	15.0	10.0086682882	7.06218213332
670.0	17.0	1.12956624336	8.60774299626
670.0	18.0	0.799767416577	8.23376309011
680.0	10.0	10.2595426989	6.12233984205
680.0	15.0	9.56206132562	7.19965017796
680.0	17.0	1.41706158311	8.43256670328
680.0	18.0	1.19270577625	8.05071102373
690.0	10.0	10.7002566385	6.09990582088
690.0	15.0	9.1156648281	7.33687956279
690.0	17.0	1.70476738797	8.25762907009
690.0	18.0	1.58543367081	7.86789761715
700.0	10.0	11.1407601129	6.0777104595
700.0	15.0	8.62906949465	7.42947956508
700.0	17.0	2.12569760722	8.13448061343
700.0	18.0	1.97837203048	7.68484555077
710.0	10.0	11.5774752154	6.03164911816
710.0	15.0	8.13805439389	7.51706771157
710.0	17.0	2.54662782647	8.01133215678
710.0	18.0	2.42098015602	7.58604039369
720.0	10.0	12.0047193879	5.93021870328
720.0	15.0	7.64682882802	7.60441719827
720.0	17.0	2.96755804572	7.88818370013
720.0	18.0	2.86379874667	7.48723523661
730.0	10.0	12.4321740256	5.8290269482
730.0	15.0	7.18822535415	7.72350843833
730.0	17.0	3.41458593856	7.76455792388
730.0	18.0	3.30577547689	7.38604348153
740.0	10.0	12.8594181981	5.72783519312
740.0	15.0	6.73319978714	7.84617957538
740.0	17.0	3.86456034294	7.64117080743
740.0	18.0	3.7412277887	7.26265636508
750.0	10.0	13.2327833026	5.56626250872
750.0	15.0	6.27817422013	7.96861205263
750.0	17.0	4.31453474732	7.51778369097
750.0	18.0	4.17668010052	7.13926924863
760.0	10.0	13.6061484071	5.40445116451
760.0	15.0	5.82651609487	8.0755316429
760.0	17.0	4.70684171167	7.39845379112
760.0	18.0	4.6222347376	7.02089398797
770.0	10.0	13.9797239767	5.24287848011
770.0	15.0	5.38895913196	8.11944504605
770.0	17.0	5.0989382109	7.27912389126
770.0	18.0	5.1077777455	6.92304347009
780.0	10.0	14.2958425713	4.98202331902
780.0	15.0	4.95140216905	8.1633584492
780.0	17.0	5.54701842929	7.23401718911
780.0	18.0	5.59353121852	6.82495429241
790.0	10.0	14.6056472127	4.71018980714
790.0	15.0	4.51384520614	8.20727185235
790.0	17.0	6.00877887981	7.20752595135
790.0	18.0	6.07928469153	6.72710377452
800.0	10.0	14.9154518541	4.43835629527
800.0	15.0	4.05671498803	8.23089917252
800.0	17.0	6.47053933033	7.18103471358
800.0	18.0	6.56209165301	6.65025531902
810.0	10.0	15.2254669605	4.1665227834
810.0	15.0	3.56990918947	8.22326205893
810.0	17.0	6.93924512946	7.1597939914
810.0	18.0	7.03879512632	6.62209346265
820.0	15.0	3.08331385601	8.21586360514
820.0	17.0	7.43489046263	7.1597939914
820.0	18.0	7.51549859962	6.59393160628
830.0	15.0	2.6085045687	8.22636463632
830.0	17.0	7.9305357958	7.1597939914
830.0	18.0	7.99220207292	6.56600840972
840.0	15.0	2.18083946594	8.30846360742
840.0	17.0	8.42723345452	7.15645275421
840.0	18.0	8.49437182449	6.57030428611
850.0	15.0	1.75338482829	8.39032391873
850.0	17.0	8.93529622915	7.12351770185
850.0	18.0	8.99948808759	6.5781800595
860.0	15.0	1.32593019064	8.47242288983
860.0	17.0	9.44335900379	7.09058264949
860.0	18.0	9.50460435069	6.58629449269
870.0	15.0	1.01359996796	8.65714557481
870.0	17.0	9.94679154601	7.07148986551
870.0	18.0	10.0404485198	6.62734397824
880.0	15.0	0.701269745272	8.84186825978
880.0	17.0	10.4314926935	7.10776615507
880.0	18.0	10.5798705958	6.67197336079
890.0	15.0	0.388939522588	9.02682960456
890.0	17.0	10.9161938409	7.14380378482
890.0	18.0	11.1190822066	6.71684140314
900.0	15.0	0.310436036698	9.22778115592
900.0	17.0	11.4008949884	7.18008007438
900.0	18.0	11.6050461448	6.84714965378
910.0	15.0	0.257819759291	9.43064198568
910.0	17.0	11.8226670681	7.37959966694
910.0	18.0	12.0680693859	7.01421151358
920.0	15.0	0.205203481885	9.63350281543
920.0	17.0	12.2372833341	7.59701874448
920.0	18.0	12.5310926271	7.18127337338
930.0	15.0	0.152587204479	9.83636364519
930.0	17.0	12.6521100651	7.81467648182
930.0	18.0	12.9863286592	7.33449296479
940.0	17.0	13.0660949358	7.98746617681
940.0	18.0	13.4381972496	7.48198472102
950.0	17.0	13.4794484111	8.11538782946
950.0	18.0	13.89006584	7.62947647724
960.0	17.0	13.8930123515	8.2430708223
960.0	18.0	14.3299379191	7.76670586207
970.0	17.0	14.3234135007	8.34163731958
970.0	18.0	14.7416076735	7.88102390614
980.0	17.0	14.7611809287	8.42755484748
980.0	18.0	15.153487893	7.9951032904
990.0	17.0	15.1989483567	8.51347237538
990.0	19.0	0.313593013342	5.1674619834
1000.0	19.0	0.937622063382	5.20851146895
1010.0	19.0	1.56186157853	5.2497996143
1020.0	19.0	2.17263132666	5.27843879026
1030.0	19.0	2.7638278196	5.28870116165
1040.0	19.0	3.35481384743	5.29872487324
1050.0	19.0	3.94601034037	5.30898724463
1060.0	19.0	4.5369963682	5.31901095621
1070.0	19.0	5.14313588392	5.3280800286
1080.0	19.0	5.75579981804	5.33667178139
1090.0	19.0	6.36846375216	5.34502487438
1100.0	19.0	6.98112768628	5.35361662717
1110.0	19.0	7.59358115529	5.36220837996
1120.0	19.0	8.2081392754	5.36101508096
1130.0	19.0	8.83953460427	5.27271095507
1140.0	19.0	9.47092993315	5.18464548897
1150.0	19.0	10.102325262	5.09634136308
1160.0	19.0	10.7337205909	5.00827589699
1170.0	19.0	11.3207077816	4.95075888526
1180.0	19.0	11.8632868343	4.92426764749
1190.0	19.0	12.4056554218	4.89777640972
1190.0	23.0	0.0631395328877	5.17891765378
1200.0	19.0	12.9482344744	4.87128517195
1200.0	23.0	0.520059285885	5.27438157367
1210.0	19.0	13.490813527	4.84479393418
1210.0	23.0	0.977189503991	5.36984549355
1220.0	19.0	13.9172158391	4.82021197481
1220.0	23.0	1.43410925699	5.46530941344
1230.0	19.0	14.3434076861	4.79586867524
1230.0	23.0	1.90428831189	5.56602384892
1240.0	19.0	14.7698099982	4.77128671587
1240.0	23.0	2.38751620359	5.67222745979
1250.0	19.0	15.1962123103	4.7469434163
1250.0	23.0	2.8709545604	5.77819241086
1260.0	23.0	3.31356268594	5.86840581515
1270.0	23.0	3.74627895133	5.95456200285
1280.0	23.0	4.17899521672	6.04071819055
1290.0	23.0	4.60792311014	6.10825891387
1300.0	23.0	5.02211844588	6.10062180028
1310.0	23.0	5.43652424674	6.09322334648
1320.0	23.0	5.85093004759	6.08582489269
1330.0	23.0	6.27186026684	6.06983468611
1340.0	23.0	6.69279048609	6.05408313933
1350.0	23.0	7.11372070534	6.03809293275
1360.0	23.0	7.45741022936	5.99036097281
1370.0	23.0	7.80131021849	5.94262901286
1380.0	23.0	8.14499974251	5.89489705292
1390.0	23.0	8.52383693983	5.85671148497
1400.0	23.0	8.90267413716	5.81852591701
1410.0	23.0	9.30950319407	5.81136612302
1420.0	23.0	9.74453457566	5.83523210299
1430.0	23.0	10.1795659573	5.85909808297
1440.0	23.0	10.5960764092	5.86458725836
1450.0	23.0	10.9942763966	5.85169962917
1460.0	23.0	11.392476384	5.83881199999
1470.0	23.0	11.7906763714	5.82592437081
1480.0	23.0	12.1552019413	5.72783519312
1490.0	23.0	12.5113089068	5.60850529327
1490.0	33.0	14.8798832505	4.95314548325
1500.0	23.0	12.8640484305	5.47366250643
1500.0	33.0	14.4589530313	5.12211662145
1510.0	23.0	13.2024763268	5.27652951186
1510.0	33.0	14.0371809516	5.28893982145
1520.0	23.0	13.5411146882	5.0793965173
1520.0	33.0	13.6088844535	5.43380631988
1530.0	23.0	13.9620449074	4.87271713075
1530.0	33.0	13.1803774903	5.5786728183
1540.0	23.0	14.3922355915	4.6653217648
1540.0	33.0	12.7714437823	5.72783519312
1550.0	23.0	14.8167437176	4.53453619456
1550.0	33.0	12.407970538	5.88702127953
1560.0	23.0	15.2376739369	4.45506248125
1560.0	33.0	12.0442868285	6.04596870614
1570.0	33.0	11.6808135842	6.20515479255
1580.0	33.0	11.2853496432	6.23403262832
1590.0	33.0	10.8898857022	6.26291046408
1600.0	33.0	10.4946322264	6.29202695965
1610.0	33.0	10.0596008448	6.35455582717
1620.0	33.0	9.60773225441	6.43188160228
1630.0	33.0	9.15586366404	6.50920737738
1640.0	33.0	8.69915437615	6.59106768869
1650.0	33.0	8.23150090256	6.68390635077
1660.0	33.0	7.76384742898	6.77650635306
1670.0	33.0	7.29619395539	6.86934501515
1680.0	33.0	6.84474629524	6.92041821229
1690.0	33.0	6.40045444882	6.95359192445
1700.0	33.0	5.9561626024	6.98676563661
1710.0	33.0	5.51313354664	7.02638316336
1720.0	33.0	5.0814696068	7.12423368125
1730.0	33.0	4.64959520185	7.22232285893
1740.0	33.0	4.21793126201	7.32017337681
1750.0	33.0	3.77237662493	7.41802389469
1760.0	33.0	3.27083826869	7.51635173218
1770.0	33.0	2.76951037756	7.61467956966
1780.0	33.0	2.26797202132	7.71300740714
1790.0	33.0	1.84788366251	7.89176359712
1800.0	33.0	1.44799995422	8.09056721029
1800.0	41.0	0.330430222112	4.61496454706
1810.0	33.0	1.04811624594	8.28937082345
1810.0	41.0	0.940779040026	4.64479702202
1820.0	33.0	0.769460440791	8.52015484977
1820.0	41.0	1.55112785794	4.67462949699
1830.0	33.0	0.521322076542	8.75881464948
1830.0	41.0	2.16147667585	4.70446197195
1840.0	33.0	0.272973247184	8.9974744492
1840.0	41.0	2.78592665611	4.72904393132
1850.0	33.0	0.0248348829358	9.23613424891
1850.0	41.0	3.44299872836	4.74049960171
1860.0	41.0	4.09986033551	4.75219393189
1870.0	41.0	4.75693240776	4.76388826208
1880.0	41.0	5.37780448115	4.80851764463
1890.0	41.0	5.85303469869	4.98560321601
1900.0	41.0	6.32826491622	5.1626887874
1910.0	41.0	6.79697071536	5.31829497681
1920.0	41.0	7.2067462838	5.28058672846
1930.0	41.0	7.54012301744	5.2471743565
1930.0	42.0	0.196363947281	4.81830269641
1940.0	41.0	7.56769394681	5.22999085092
1940.0	42.0	0.851120903326	4.80947228383
1950.0	41.0	7.59526487617	5.21280734534
1950.0	42.0	1.50608832448	4.80064187124
1960.0	41.0	7.62262534042	5.19562383976
1960.0	42.0	2.15895109454	4.77391197367
1970.0	41.0	7.65019626978	5.17844033418
1970.0	42.0	2.81076153905	4.73548774591
1980.0	41.0	7.67776719914	5.1612568286
1980.0	42.0	3.46257198356	4.69706351816
1990.0	41.0	7.70512766339	5.14407332302
1990.0	42.0	4.13795452035	4.59300784549
2000.0	41.0	7.73269859275	5.12688981744
2000.0	42.0	4.83733007963	4.42355938769
2010.0	41.0	7.76026952211	5.10970631186
2010.0	42.0	5.53649517381	4.25434958969
2020.0	41.0	7.78784045147	5.09276146609
2020.0	42.0	6.22555794272	4.09158360629
2030.0	41.0	7.81520091572	5.07557796051
2030.0	42.0	6.89904629352	3.93884133447
2040.0	41.0	7.84277184509	5.05839445493
2040.0	42.0	7.57253464433	3.78609906265
2050.0	41.0	7.87034277445	5.04121094935
2050.0	42.0	8.33694392249	3.73645782431
2060.0	41.0	7.8977032387	5.02402744377
2060.0	42.0	9.11145552591	3.69827225636
2070.0	41.0	7.92527416806	5.00684393819
2070.0	42.0	9.90974968672	3.69302174077
2080.0	41.0	7.95284509742	4.98966043261
2080.0	42.0	10.7438229162	3.73717380371
2080.0	46.0	15.2597727734	5.65408931501
2090.0	41.0	8.29927066786	4.94813362746
2090.0	42.0	11.5778961456	3.78132586666
2090.0	46.0	14.6953053494	5.74096148211
2100.0	41.0	8.68126484183	4.90398156451
2100.0	42.0	12.3694554229	3.829773806
2100.0	46.0	14.1308379254	5.8275949894
2110.0	41.0	9.06578459712	4.87152383175
2110.0	42.0	13.1429147008	3.87965370414
2110.0	46.0	13.5648972456	5.9125578781
2120.0	41.0	9.46040667767	4.88655939913
2120.0	42.0	13.9161635135	3.92953360228
2120.0	46.0	12.9976937751	5.9956114884
2130.0	41.0	9.85502875822	4.90135630672
2130.0	42.0	14.6894123263	3.97941350042
2130.0	46.0	12.4494321646	6.09059808869
2140.0	41.0	10.2496508388	4.9163918741
2140.0	42.0	15.4628716042	4.02953205836
2140.0	46.0	11.977990319	6.23379396852
2150.0	41.0	10.6960473363	4.90923208011
2150.0	46.0	11.5065484734	6.37698984834
2160.0	41.0	11.1424438338	4.90183362631
2160.0	46.0	11.0024845359	6.47770428382
2170.0	41.0	11.5890507964	4.89467383232
2170.0	46.0	10.484319436	6.56028057452
2180.0	41.0	11.9891449698	4.9953882678
2180.0	46.0	9.9705741034	6.63784500943
2190.0	41.0	12.369665888	5.14216404463
2190.0	46.0	9.49534388587	6.66863212359
2200.0	41.0	12.738190295	5.30397538883
2200.0	46.0	9.02011366833	6.69941923776
2210.0	41.0	12.9987461007	5.59943622088
2210.0	46.0	8.5448834508	6.73020635192
2220.0	41.0	13.2593019064	5.89489705292
2220.0	46.0	8.06376021019	6.71660274334
2230.0	41.0	13.408311204	6.30252799083
2230.0	46.0	7.5828474347	6.70299913475
2240.0	41.0	13.5575309667	6.71039758854
2240.0	46.0	7.10172419409	6.68939552617
2250.0	41.0	13.6545553823	7.12256306265
2250.0	46.0	6.61028816312	6.66099501
2260.0	41.0	13.7168530547	7.53806977395
2260.0	46.0	6.10832887666	6.61827490585
2270.0	41.0	13.7791507272	7.95357648525
2270.0	46.0	5.6063695902	6.57531614191
2280.0	41.0	13.821033284	8.4113259811
2280.0	46.0	5.10462076886	6.53259603776
2290.0	41.0	13.8603902595	8.87361001315
2290.0	46.0	4.63654636505	6.4987063462
2300.0	41.0	13.8999577001	9.33613270499
2300.0	46.0	4.19120219308	6.47102180943
2310.0	41.0	13.89006584	9.77455075706
2310.0	46.0	3.74585802112	6.44333727266
2320.0	41.0	13.8591274688	10.2027064377
2320.0	46.0	3.30030338404	6.4154140761
2330.0	41.0	13.8281890977	10.6308621184
2330.0	46.0	2.85664293295	6.39703727152
2340.0	41.0	13.8081949123	11.0525739845
2340.0	46.0	2.41698131894	6.40061716852
2350.0	41.0	13.8138774703	11.4590116234
2350.0	46.0	1.97710923982	6.40419706551
2360.0	41.0	13.8195600282	11.8652106026
2360.0	46.0	1.5372371607	6.40777696251
2370.0	41.0	13.8252425862	12.2716482415
2370.0	46.0	1.0975755467	6.4113568595
2380.0	46.0	0.65770346758	6.4149367565
2390.0	46.0	0.218041853572	6.41851665349
3210.0	60.0	0.116176740513	6.87244759255
3220.0	60.0	0.592038353377	6.7478671771
3230.0	60.0	1.06789996624	6.62328676165
3240.0	60.0	1.54291971866	6.58891975049
3250.0	60.0	2.01772900598	6.56433779112
3260.0	60.0	2.4927487584	6.53999449155
3270.0	60.0	2.96755804572	6.51541253218
3280.0	60.0	3.49372081978	6.50801407839
3290.0	60.0	4.01988359385	6.5003769648
3300.0	60.0	4.54604636791	6.492978511
3310.0	60.0	5.04758472415	6.47555634563
3320.0	60.0	5.54301959221	6.45574758225
3330.0	60.0	6.03866492538	6.43593881887
3340.0	60.0	6.53409979343	6.4158913957
3350.0	60.0	7.02953466149	6.39608263232
3360.0	60.0	7.53170441306	6.30395994963
3370.0	60.0	8.03408462974	6.21159860714
3380.0	60.0	8.5362543813	6.11947592445
3390.0	60.0	9.03842413287	6.02735324176
3400.0	60.0	9.51996830369	5.89895426952
3410.0	60.0	9.98783224239	5.7464506575
3420.0	60.0	10.455485716	5.59394704548
3430.0	60.0	10.9231391896	5.44144343347
3440.0	60.0	11.4703484746	5.29132641945
3450.0	60.0	12.0175577596	5.14144806523
3460.0	60.0	12.5647670446	4.99133105121
3470.0	60.0	13.1258670269	4.89300321373
3480.0	60.0	13.7008577064	4.84646455278
3490.0	60.0	14.2756379208	4.79992589184
3500.0	60.0	14.8506286003	4.75338723089
3510.0	60.0	15.4256192798	4.70684856995
3760.0	68.0	-0.0694534861764	5.2440717791
3770.0	68.0	0.383256964628	5.39585941172
3780.0	68.0	0.836177880542	5.54764704434
3790.0	68.0	1.28888833135	5.69967333676
3800.0	68.0	1.72581389893	5.82449241201
3810.0	68.0	2.14674411818	5.92234292989
3820.0	68.0	2.56767433743	6.02043210757
3830.0	68.0	2.98860455668	6.11828262545
3840.0	68.0	3.42658244981	6.15742283261
3850.0	68.0	3.87592545886	6.15742283261
3860.0	68.0	4.32526846791	6.15742283261
3870.0	68.0	4.77461147696	6.15742283261
3880.0	68.0	5.22332309069	6.10086046007
3890.0	68.0	5.67203470441	6.03809293275
3900.0	68.0	6.12074631813	5.97532540543
3910.0	68.0	6.57008932718	5.90444344491
3920.0	68.0	7.02595675463	5.76124756508
3930.0	68.0	7.48203464719	5.61805168525
3940.0	68.0	7.93790207464	5.47413982603
3950.0	68.0	8.39166485099	5.32497745121
3960.0	68.0	8.84542762734	5.17581507639
3970.0	68.0	9.29919040369	5.02665270156
3980.0	68.0	9.80472759701	4.95052022546
3990.0	68.0	10.3157368832	4.88226352274
4000.0	68.0	10.8284298902	4.81806403662
4010.0	68.0	11.3545926643	4.79014084005
4020.0	68.0	11.8807554384	4.76197898368
4030.0	68.0	12.4069182124	4.73381712732
4040.0	68.0	12.9471821488	4.78226506666
4050.0	68.0	13.4935495734	4.86364805836
4060.0	68.0	14.039916998	4.94479239026
4070.0	68.0	14.5860739575	5.02617538197
4080.0	68.0	15.1324413821	5.10731971387
4560.0	84.0	8.1622578815	-0.273742790271
4570.0	84.0	8.22413462373	0.709058264949
4580.0	84.0	8.28622183107	1.69162066037
4580.0	85.0	11.2112659246	0.422189185693
4590.0	84.0	8.58150437987	2.43432995708
4590.0	85.0	11.5400124259	1.51095519199
4600.0	84.0	8.90267413716	3.15030935622
4600.0	85.0	11.7458473031	2.34650315078
4610.0	84.0	9.30024272924	3.65412019341
4610.0	85.0	11.8988554378	3.07322224091
4620.0	84.0	9.69612760045	4.10972175107
4620.0	85.0	12.1158449658	3.70376143175
4630.0	84.0	10.0854880533	4.37224753075
4630.0	85.0	12.3963949569	4.23788206351
4640.0	84.0	10.5022089703	4.59825836108
4640.0	85.0	12.7461879691	4.67582279599
4650.0	84.0	11.0283717444	4.67773207438
4650.0	85.0	13.2012135362	4.96698775164
4660.0	84.0	11.5444321932	4.75267125149
4660.0	85.0	13.6716030562	5.23357074792
4670.0	84.0	12.0455496192	4.82092795421
4670.0	85.0	14.1222088559	5.44645528926
4680.0	84.0	12.5342496037	4.90111764692
4680.0	85.0	14.5431390751	5.5779568389
4690.0	84.0	12.9932740078	5.00970785579
4690.0	85.0	14.9640692944	5.70969704834
4700.0	84.0	13.4518774817	5.11710476566
4700.0	85.0	15.3849995136	5.84143725779
4710.0	84.0	13.9052193278	5.21495528354
4720.0	84.0	14.358561174	5.31304446122
4730.0	84.0	14.8119030201	5.4108949791
4740.0	84.0	15.2652448662	5.50874549699
4830.0	90.0	-0.0970244155374	4.12785989584
4840.0	90.0	0.250663945564	4.19015010357
4850.0	90.0	0.598352306665	4.25220165149
4860.0	90.0	0.96119415566	4.30375216823
4870.0	90.0	1.35876274774	4.330243406
4880.0	90.0	1.75612087472	4.35697330357
4890.0	90.0	2.1865220239	4.330243406
4890.0	91.0	15.0297344086	3.39589029012
4900.0	90.0	2.63860107938	4.26843051788
4900.0	91.0	14.4107565212	3.78896298025
4900.0	92.0	14.8859867387	4.27201041487
4910.0	90.0	3.09068013485	4.20661762975
4910.0	91.0	13.7987239824	4.12976917424
4910.0	92.0	14.3446704767	4.59014392789
4920.0	90.0	3.53370919061	4.15745371101
4920.0	91.0	13.1936367922	4.4180702123
4920.0	92.0	13.7793611923	4.89013929613
4930.0	90.0	3.97568592083	4.10972175107
4930.0	91.0	12.5858135556	4.69968877596
4930.0	92.0	13.1180798178	5.11758208526
4940.0	90.0	4.31453474732	4.04528360514
4940.0	91.0	11.9544182267	4.91997177109
4940.0	92.0	12.4631123967	5.34287693618
4950.0	90.0	4.64243938812	3.98275473762
4950.0	91.0	11.3230228979	5.14025476623
4950.0	92.0	11.866654276	5.55170426093
4960.0	90.0	4.97392193578	3.95387690185
4960.0	91.0	10.7112008242	5.38750631873
4960.0	92.0	11.2704066204	5.76053158568
4970.0	90.0	5.30561494855	3.92476040629
4970.0	91.0	10.1187415406	5.6614877688
4970.0	92.0	10.6550066399	5.98415581802
4980.0	90.0	5.63730796132	3.89588257052
4980.0	91.0	9.52628225698	5.93546921887
4980.0	92.0	10.0313985201	6.21398520514
4990.0	90.0	6.04034864625	3.95960473705
4990.0	91.0	8.98370320437	6.19536974076
4990.0	92.0	9.40779040026	6.44381459226
5000.0	90.0	6.4612788655	4.04647690414
5000.0	91.0	8.45375205833	6.45169036565
5000.0	92.0	8.90898809045	6.6648135668
5010.0	90.0	6.88220908475	4.13311041144
5010.0	91.0	7.92485323784	6.69989655736
5010.0	92.0	8.40997531553	6.88581254133
5020.0	90.0	7.29977186225	4.21019752674
5020.0	91.0	7.40668813794	6.87435687095
5020.0	92.0	7.89159975052	7.0776950203
5030.0	90.0	7.7141776631	4.27726093046
5030.0	91.0	6.88873350315	7.04881718454
5030.0	92.0	7.32755325672	7.20179811615
5040.0	90.0	8.12858346396	4.34432433418
5040.0	91.0	6.31879398629	7.19010378597
5040.0	92.0	6.76350676293	7.325901212
5050.0	90.0	8.57056019417	4.39134031473
5050.0	91.0	5.69686958734	7.29869399484
5050.0	92.0	6.17799282795	7.40203368811
5060.0	90.0	9.07693924793	4.39134031473
5060.0	91.0	5.09641262958	7.37458781115
5060.0	92.0	5.58700680012	7.46647183404
5070.0	90.0	9.58331830169	4.39134031473
5070.0	91.0	4.54604636791	7.37458781115
5070.0	92.0	5.00675449288	7.52828472216
5080.0	90.0	10.0882240997	4.39324959313
5080.0	91.0	3.99568010624	7.37458781115
5080.0	92.0	4.46880567268	7.5815058575
5090.0	90.0	10.5794496655	4.4132970163
5090.0	91.0	3.46888593685	7.39487389412
5090.0	92.0	3.93106731759	7.63448833303
5100.0	90.0	11.0704647663	4.43310577968
5100.0	91.0	2.95219409272	7.42375172989
5100.0	92.0	3.40743012484	7.71873524233
5110.0	90.0	11.5614798671	4.45291454305
5110.0	91.0	2.4357127137	7.45262956565
5110.0	92.0	2.89831502465	7.83424658539
5120.0	90.0	12.012506597	4.5008851628
5120.0	91.0	1.95101156623	7.50895327838
5120.0	92.0	2.38919992447	7.94975792846
5130.0	90.0	12.4231240259	4.57654031931
5130.0	91.0	1.51450692887	7.60608781687
5130.0	92.0	1.91207552095	8.10035226207
5140.0	90.0	12.8337414547	4.65219547581
5140.0	91.0	1.0780022915	7.70346101515
5140.0	92.0	1.48335809264	8.30369041143
5150.0	90.0	13.2443588836	4.72785063232
5150.0	91.0	0.753465092459	7.87100019455
5150.0	92.0	1.05464066433	8.50678990099
5160.0	90.0	13.6772856141	4.81448413962
5160.0	91.0	0.476913938411	8.06884916851
5160.0	92.0	0.737259279018	8.70893475134
5170.0	90.0	14.1438867622	4.9175851731
5170.0	91.0	0.200152319254	8.26645948267
5170.0	92.0	0.467653473588	8.9101249625
5180.0	90.0	14.6102774451	5.02092486637
5180.0	91.0	-0.0763988347941	8.46430845664
5180.0	92.0	0.198047668158	9.11155383346
5190.0	90.0	15.076668128	5.12402589985
5190.0	92.0	-0.0717686023823	9.31298270442
5200.0	99.0	14.9476530158	9.04926362573
5210.0	99.0	14.5907041899	8.82110485721
5220.0	99.0	14.2360704802	8.58745691329
5230.0	99.0	13.9012204908	8.30536103003
5240.0	99.0	13.5663705014	8.02326514677
5250.0	99.0	13.2031077221	7.70083575735
5260.0	99.0	12.8368984314	7.37363317195
5270.0	99.0	12.4561670481	7.06433007152
5280.0	99.0	12.0183996201	6.8256702718
5290.0	99.0	11.580632192	6.58701047209
5290.0	100.0	-0.0652441839839	4.58966660829
5300.0	99.0	11.0479449996	6.46935119083
5300.0	100.0	0.362841848994	4.56508464892
5310.0	99.0	10.474638041	6.40348108611
5310.0	100.0	0.791138347082	4.54026402975
5320.0	99.0	9.90133108233	6.33761098139
5320.0	100.0	1.21922438006	4.51568207038
5330.0	99.0	9.34675551847	6.42925634448
5330.0	100.0	1.63720808778	4.53071763776
5340.0	99.0	8.79681018702	6.56004191472
5340.0	100.0	2.05266621418	4.55577691673
5350.0	99.0	8.24686485557	6.69082748497
5350.0	100.0	2.46791387547	4.5810748555
5360.0	99.0	7.76489975452	6.85669604577
5360.0	100.0	2.88337200187	4.60613413447
5370.0	99.0	7.31197883861	7.03760017395
5370.0	100.0	3.29967198871	4.57439238111
5380.0	99.0	6.85926838781	7.21826564233
5380.0	100.0	3.71597197555	4.54241196795
5390.0	99.0	6.41055677408	7.34332337738
5390.0	100.0	4.13206149728	4.51067021458
5400.0	99.0	5.96773818343	7.38437286293
5400.0	100.0	4.54836148412	4.47892846122
5410.0	99.0	5.52513005789	7.42566100828
5410.0	100.0	4.95750565723	4.46293825464
5420.0	99.0	5.03727193378	7.37530379054
5420.0	100.0	5.3592835515	4.46293825464
5430.0	99.0	4.50458474132	7.23353986951
5430.0	100.0	5.76106144578	4.46293825464
5440.0	99.0	3.97189754885	7.09201460828
5440.0	100.0	6.16283934005	4.46293825464
5450.0	99.0	3.46551849509	6.95383058425
5450.0	100.0	6.56419630411	4.46914340943
5460.0	99.0	3.02038478824	6.82423831301
5460.0	100.0	6.96218582641	4.53143361716
5470.0	99.0	2.57546154649	6.69464604176
5470.0	100.0	7.36038581382	4.59372382488
5480.0	99.0	2.13053830474	6.56529243032
5480.0	100.0	7.75837533613	4.65601403261
5490.0	99.0	1.7011894811	6.47030583003
5490.0	100.0	8.15636485843	4.71830424033
5500.0	99.0	1.27583949455	6.38391098254
5500.0	100.0	8.54656717167	4.78083310786
5510.0	99.0	0.850279042887	6.29751613504
5510.0	100.0	8.92877181075	4.84360063518
5520.0	99.0	0.424929056334	6.21135994734
5520.0	100.0	9.31076598472	4.90636816251
5530.0	99.0	-0.000420930219251	6.12496509985
5530.0	100.0	9.6929706238	4.96913568983
5540.0	100.0	10.0840147975	5.03381249556
5550.0	100.0	10.478636878	5.09944394048
5560.0	100.0	10.8732589586	5.1650753854
5570.0	100.0	11.2678810391	5.23070683032
5580.0	100.0	11.6709217241	5.28774652245
5580.0	110.0	14.8142181363	4.22905165092
5590.0	100.0	12.0779612461	5.34072899799
5590.0	110.0	14.3343576864	4.18131969098
5600.0	100.0	12.484790303	5.39371147352
5600.0	110.0	13.8544972364	4.13358773104
5610.0	100.0	12.8916193599	5.44669394906
5610.0	110.0	13.3668495774	4.14408876222
5610.0	111.0	-0.0966034853181	4.46508619284
5620.0	100.0	13.2868728358	5.47795838282
5620.0	110.0	12.8781495929	4.1612722678
5620.0	111.0	0.436083707144	4.45768773905
5630.0	100.0	13.6349821271	5.42139601029
5630.0	110.0	12.3913437943	4.18800216537
5630.0	111.0	0.968770899606	4.45028928526
5640.0	100.0	13.9833018835	5.36507229756
5640.0	110.0	11.9199019488	4.30255886923
5640.0	111.0	1.50145809207	4.44289083147
5650.0	100.0	14.33162164	5.30874858483
5650.0	110.0	11.4484601032	4.4171155731
5650.0	111.0	2.01562435488	4.39682949012
5660.0	100.0	14.6797309313	5.25218621229
5660.0	110.0	10.998906629	4.51067021458
5660.0	111.0	2.51126968805	4.31210526122
5670.0	100.0	15.0280506877	5.19586249956
5670.0	110.0	10.5638752474	4.59014392789
5670.0	111.0	3.00691502122	4.22738103232
5680.0	110.0	10.1290543309	4.66985630099
5680.0	111.0	3.44699756545	4.13096247324
5690.0	110.0	9.68497294964	4.67200423919
5690.0	111.0	3.80394639137	4.01664442918
5700.0	110.0	9.23499854526	4.62260166065
5700.0	111.0	4.14826731072	3.91879391129
5710.0	110.0	8.78502414088	4.57319908211
5710.0	111.0	4.37977893131	3.96652587124
5720.0	110.0	8.36367299141	4.52594444177
5720.0	111.0	4.62349752825	4.00566607839
5730.0	110.0	7.95431835319	4.47940578082
5730.0	111.0	4.97707891242	3.96748051044
5740.0	110.0	7.54517418008	4.43310577968
5740.0	111.0	5.3306602966	3.92929494248
5750.0	110.0	7.14171256492	4.39492021172
5750.0	111.0	5.62362772919	3.90256504491
5760.0	110.0	6.79107769229	4.43024186208
5760.0	111.0	5.87618586074	3.88347226094
5770.0	110.0	6.44023235454	4.46556351244
5770.0	111.0	6.1135905044	3.87082329155
5780.0	110.0	6.08096841241	4.50589701859
5780.0	111.0	6.21503468724	3.9149753545
5790.0	110.0	5.70928702881	4.55362897853
5790.0	111.0	6.31626840497	3.95912741745
5800.0	110.0	5.3373951801	4.60136093848
5800.0	111.0	6.43181375016	4.01903102717
5810.0	110.0	4.92488356524	4.65124083662
5810.0	111.0	6.56861607141	4.10256195707
5820.0	110.0	4.45133706858	4.70422331215
5820.0	111.0	6.65511723147	4.15268051501
5830.0	110.0	3.97779057192	4.75720578769
5830.0	111.0	6.66627188228	4.15268051501
5830.0	115.0	0.0721895326016	10.1158342707
5840.0	110.0	3.50424407527	4.81042692302
5840.0	111.0	6.67721606798	4.15268051501
5840.0	115.0	0.222461620874	9.85999096536
5850.0	110.0	3.0239626951	4.827133109
5850.0	111.0	6.68837071879	4.15268051501
5850.0	115.0	0.372733709147	9.60438631987
5860.0	110.0	2.54178712895	4.8347702226
5860.0	111.0	6.6995253696	4.15268051501
5860.0	115.0	0.541947657286	9.34949765377
5870.0	110.0	2.05982202791	4.84240733619
5870.0	111.0	6.7104695553	4.15268051501
5870.0	115.0	0.739153465005	9.09604094648
5880.0	110.0	1.6005871587	4.84861249098
5880.0	111.0	6.72162420611	4.15268051501
5880.0	115.0	0.936569737834	8.84234557938
5890.0	110.0	1.15082321943	4.85410166637
5890.0	111.0	6.73256839181	4.15268051501
5890.0	115.0	1.15271740542	8.59533268668
5900.0	110.0	0.701269745272	4.85935218197
5900.0	111.0	6.74372304262	4.15268051501
5900.0	115.0	1.44421158225	8.37504969154
5910.0	110.0	0.251505806003	4.86484135736
5910.0	111.0	6.75487769343	4.15268051501
5910.0	115.0	1.73549529397	8.15476669641
5920.0	110.0	-0.198047668158	4.87033053275
5920.0	111.0	6.76582187913	4.15268051501
5920.0	115.0	2.08423598062	7.93734761887
5930.0	111.0	6.77697652994	4.15268051501
5930.0	115.0	2.47128131722	7.72183781973
5940.0	111.0	6.77844978571	4.15339649441
5940.0	115.0	2.85832665382	7.50632802059
5950.0	111.0	6.77992304148	4.15435113361
5950.0	115.0	3.28514989614	7.38365688353
5960.0	111.0	6.78139629724	4.15506711301
5960.0	115.0	3.7521719744	7.35382440857
5970.0	111.0	6.78286955301	4.15602175221
5970.0	115.0	4.21919405266	7.32399193361
5980.0	111.0	6.78413234367	4.15673773161
5980.0	115.0	4.69421380509	7.27816925206
5990.0	111.0	6.78560559944	4.15769237081
5990.0	115.0	5.18796495227	7.19559296136
6000.0	111.0	6.7870788552	4.15840835021
6000.0	115.0	5.68171609945	7.11301667066
6010.0	111.0	6.78855211097	4.15936298941
6010.0	115.0	6.16031375874	7.02232594677
6010.0	118.0	0.350424407527	9.88672086293
6020.0	111.0	6.79002536674	4.16007896881
6020.0	115.0	6.63217653452	6.92829398568
6020.0	118.0	0.377995336887	9.56500745292
6020.0	117.0	14.7241390694	7.89009297853
6030.0	111.0	6.79149862251	4.1607949482
6030.0	115.0	7.10424977541	6.83426202459
6030.0	118.0	0.422403475018	9.26954662087
6030.0	117.0	14.1179995537	7.72780431472
6040.0	111.0	6.79297187827	4.1617495874
6040.0	115.0	7.57674394652	6.73020635192
6040.0	118.0	0.534581378449	9.0786187811
6040.0	117.0	13.511860038	7.56551565092
6050.0	111.0	6.79444513404	4.1624655668
6050.0	115.0	8.05029044318	6.61087645206
6050.0	118.0	0.646759281879	8.88769094133
6050.0	117.0	12.8230077342	7.44618575106
6060.0	111.0	6.79591838981	4.163420206
6060.0	115.0	8.52383693983	6.49154655221
6060.0	118.0	0.791769742411	8.72397031873
6060.0	117.0	12.1343658955	7.3268558512
6060.0	119.0	0.0109441857005	8.39080123833
6070.0	111.0	6.79739164558	4.1641361854
6070.0	115.0	8.99738343649	6.37221665235
6070.0	118.0	1.06684764069	8.66883990499
6070.0	117.0	11.4602461493	7.35955224376
6070.0	119.0	0.377574406668	8.32158989641
6080.0	111.0	6.79865443623	4.1650908246
6080.0	115.0	9.51828458281	6.28868572245
6080.0	118.0	1.34213600408	8.61370949126
6080.0	117.0	10.7899147752	7.43019554448
6080.0	119.0	0.743994162526	8.25213989469
6090.0	111.0	6.800127692	4.165806804
6090.0	115.0	10.0509717753	6.21398520514
6090.0	118.0	1.68035343525	8.60106052187
6090.0	117.0	10.111796192	7.498690907
6090.0	119.0	1.11062438349	8.18292855278
6100.0	111.0	6.80160094777	4.1667614432
6100.0	115.0	10.5838694328	6.13952334763
6100.0	118.0	2.06045342323	8.61633474905
6100.0	117.0	9.36464505279	7.54642286694
6100.0	119.0	1.49135576681	8.1621651502
6110.0	111.0	6.80307420354	4.1674774226
6110.0	115.0	11.1416019734	6.09035942889
6110.0	118.0	2.44076387633	8.63184763604
6110.0	117.0	8.62422879713	7.58651771329
6110.0	119.0	1.8781906383	8.1621651502
6120.0	111.0	6.8045474593	4.1684320618
6120.0	115.0	11.7161717226	6.05814035593
6120.0	118.0	2.82465223628	8.64258732702
6120.0	117.0	7.94421602793	7.55907183632
6120.0	119.0	2.26502550979	8.1621651502
6130.0	111.0	6.80602071507	4.16914804119
6130.0	115.0	12.2905310068	6.02592128296
6130.0	118.0	3.21232896821	8.64879248182
6130.0	117.0	7.26420325873	7.53162595936
6130.0	119.0	2.65186038128	8.1621651502
6140.0	111.0	6.80749397084	4.16986402059
6140.0	115.0	12.8651007561	5.99370221
6140.0	118.0	3.60000570014	8.65523629641
6140.0	117.0	6.59303002413	7.49129245321
6140.0	119.0	3.10899059939	8.14569762402
6150.0	111.0	6.80896722661	4.17081865979
6150.0	115.0	13.4169402735	5.85408622717
6150.0	118.0	3.98768243207	8.6614414512
6150.0	117.0	5.93048585903	7.43830997767
6150.0	119.0	3.5663312826	8.12923009784
6160.0	111.0	6.81044048237	4.17153463919
6160.0	115.0	13.9662542096	5.70277591415
6160.0	118.0	4.38946032635	8.61108423346
6160.0	117.0	5.26794169393	7.38508884233
6160.0	119.0	4.02219871005	8.11013731386
6170.0	111.0	6.81191373814	4.17248927839
6170.0	115.0	14.5153576807	5.55146560113
6170.0	118.0	4.7973417088	8.53662237595
6170.0	117.0	4.60771264503	7.48270070042
6170.0	119.0	4.46522776582	8.06598525092
6180.0	111.0	6.8131765288	4.17320525779
6180.0	115.0	15.0646716168	5.40015528812
6180.0	118.0	5.20501262615	8.46192185864
6180.0	117.0	3.94832545657	7.61802080685
6180.0	119.0	4.90825682158	8.02207184777
6190.0	111.0	6.81464978456	4.17415989699
6190.0	118.0	5.60552772977	8.39008525893
6190.0	117.0	3.28893826812	7.75334091329
6190.0	119.0	5.35128587734	7.97815844462
6200.0	111.0	6.81612304033	4.17487587639
6200.0	118.0	5.99888701966	8.32111257681
6200.0	117.0	2.71415805373	7.9146749379
6200.0	119.0	5.7877905147	7.92756256708
6210.0	111.0	6.8175962961	4.17583051559
6210.0	118.0	6.39203584444	8.25190123489
6210.0	117.0	2.16084528053	8.0826914369
6210.0	119.0	6.20872073395	7.86193112216
6220.0	111.0	6.81906955187	4.17654649499
6220.0	118.0	6.78518466922	8.18292855278
6220.0	117.0	1.6224755301	8.26836876107
6220.0	119.0	6.6296509532	7.79629967724
6230.0	111.0	6.82054280763	4.17726247438
6230.0	118.0	7.19790674919	8.0760089625
6230.0	117.0	1.22069763583	8.61561876966
6230.0	119.0	7.05058117246	7.73066823232
6240.0	111.0	6.8220160634	4.17821711358
6240.0	118.0	7.61883696844	7.95309916565
6240.0	117.0	0.818919741553	8.96286877824
6240.0	119.0	7.46814394995	7.65095585921
6250.0	111.0	6.82348931917	4.17893309298
6250.0	118.0	8.0397671877	7.8301893688
6250.0	117.0	0.604455794845	9.4098785831
6250.0	119.0	7.8781299835	7.53783111415
6250.0	122.0	0.160795343754	8.69795640056
6260.0	111.0	6.82496257494	4.17988773218
6260.0	118.0	8.45564624432	7.71157544834
6260.0	117.0	0.410827893989	9.86810539855
6260.0	119.0	8.28790555194	7.42494502889
6260.0	122.0	0.313803478452	8.48101464262
6270.0	111.0	6.82622536559	4.18060371158
6270.0	118.0	8.86436948721	7.59916668268
6270.0	117.0	0.217199993134	10.326332214
6270.0	119.0	8.69768112038	7.31182028382
6270.0	122.0	0.466811613149	8.26407288468
6280.0	111.0	6.82769862136	4.18155835078
6280.0	118.0	9.27288226499	7.48699657681
6280.0	119.0	9.11608575832	7.18437595077
6280.0	122.0	0.639182537933	8.06574659112
6290.0	111.0	6.82917187713	4.18227433018
6290.0	118.0	9.68139504277	7.37458781115
6290.0	119.0	9.54269853553	7.04237336994
6290.0	122.0	0.888583692839	7.94212081486
6300.0	111.0	6.8306451329	4.18322896938
6300.0	118.0	10.0751752629	7.27458935507
6300.0	119.0	9.96931131274	6.90060944891
6300.0	122.0	1.13798484775	7.81825637881
6310.0	111.0	6.83211838866	4.18394494878
6310.0	118.0	10.468955483	7.17435223919
6310.0	119.0	10.39592409	6.75860686809
6310.0	122.0	1.38654414221	7.72136050013
6320.0	111.0	6.83359164443	4.18466092818
6320.0	118.0	10.8627357031	7.07435378311
6320.0	119.0	10.8143287279	6.60156871987
6320.0	122.0	1.63426157624	7.65119451901
6330.0	111.0	6.8350649002	4.18561556737
6330.0	118.0	11.3188135957	6.94977336766
6330.0	119.0	11.2306287147	6.44071201487
6330.0	122.0	1.88176854516	7.5810285379
6340.0	111.0	6.83653815597	4.18633154677
6340.0	118.0	11.7818368368	6.82256769441
6340.0	119.0	11.6469287016	6.27985530986
6340.0	122.0	2.12717086299	7.497497608
6350.0	111.0	6.83801141173	4.18728618597
6350.0	118.0	12.244860078	6.69512336136
6350.0	119.0	12.0632286884	6.11899860485
6350.0	122.0	2.35321039072	7.29415945864
6360.0	111.0	6.8394846675	4.18800216537
6360.0	118.0	12.6916775057	6.51684449098
6360.0	119.0	12.4942612329	5.95575530185
6360.0	122.0	2.57946038357	7.09082130929
6370.0	111.0	6.84074745816	4.18895680457
6370.0	118.0	13.1366007475	6.3325991256
6370.0	119.0	12.9842240081	5.78201096766
6370.0	122.0	2.79918595802	6.9158836761
6380.0	111.0	6.84222071393	4.18967278397
6380.0	118.0	13.5815239892	6.14859242002
6380.0	119.0	13.4739763182	5.60850529327
6380.0	122.0	3.00965106765	6.78318882746
6390.0	111.0	6.84369396969	4.19062742317
6390.0	118.0	14.0285518821	5.96577901344
6390.0	119.0	13.9637286283	5.43499961887
6390.0	122.0	3.22011617727	6.65073263861
6400.0	111.0	6.84516722546	4.19134340257
6400.0	118.0	14.4785262865	5.78463622545
6400.0	119.0	14.4536914035	5.26125528468
6400.0	122.0	3.45731035582	6.60586459627
6410.0	111.0	6.84664048123	4.19229804177
6410.0	118.0	14.9285006908	5.60349343747
6410.0	119.0	14.9434437136	5.08774961029
6410.0	122.0	3.7060801154	6.59846614248
6420.0	111.0	6.848113737	4.19301402117
6420.0	118.0	15.3784750952	5.42258930929
6420.0	122.0	3.95484987497	6.59130634849
6430.0	111.0	6.84958699276	4.19373000056
6430.0	122.0	4.23561033121	6.61087645206
6440.0	111.0	6.85106024853	4.19468463976
6440.0	122.0	4.56435683245	6.67054140199
6450.0	111.0	6.8525335043	4.19540061916
6450.0	122.0	4.89331379879	6.73020635192
6460.0	111.0	6.85400676006	4.19635525836
6460.0	122.0	5.23195216018	6.79894037424
6470.0	111.0	6.85526955072	4.19707123776
6470.0	122.0	5.60952656685	6.90418934591
6480.0	111.0	6.85674280649	4.19802587696
6480.0	122.0	5.98710097352	7.00967697738
6490.0	111.0	6.85821606226	4.19874185636
6490.0	122.0	6.36467538019	7.11492594906
6500.0	111.0	6.85968931802	4.19969649556
6500.0	122.0	6.75066839124	7.09416254648
6510.0	111.0	6.86116257379	4.20041247496
6510.0	122.0	7.13876605339	7.04189605035
6520.0	111.0	6.86263582956	4.20112845436
6520.0	122.0	7.52665325043	6.98986821401
6530.0	111.0	6.86410908533	4.20208309355
6530.0	122.0	7.92590556339	6.90466666551
6540.0	111.0	6.86558234109	4.20279907295
6540.0	122.0	8.33231369007	6.79774707524
6550.0	111.0	6.86705559686	4.20375371215
6550.0	122.0	8.73872181676	6.69058882517
6560.0	111.0	6.86831838752	4.20446969155
6560.0	122.0	9.14323575746	6.59989810128
6570.0	111.0	6.86979164329	4.20542433075
6570.0	122.0	9.54711830283	6.51612851158
6570.0	129.0	-0.0269395340321	5.44383003146
6580.0	111.0	6.87126489905	4.20614031015
6580.0	122.0	9.9510008482	6.43212026208
6580.0	129.0	0.633499979973	5.78964808125
6590.0	111.0	6.87273815482	4.20709494935
6590.0	122.0	10.3548833936	6.34835067238
6590.0	129.0	1.29393949398	6.13522747123
6600.0	111.0	6.87421141059	4.20781092875
6600.0	122.0	10.7271961725	6.22591819512
6600.0	129.0	1.95437900798	6.48080686122
6610.0	111.0	6.87568466636	4.20852690815
6610.0	122.0	11.0995089514	6.10348571787
6610.0	129.0	2.65186038128	6.79392851844
6620.0	111.0	6.87715792212	4.20948154735
6620.0	122.0	11.4720321955	5.98129190042
6620.0	129.0	3.35334059166	7.10323161887
6630.0	111.0	6.87863117789	4.21019752674
6630.0	122.0	11.8502379975	5.85838210357
6630.0	129.0	4.04892777898	7.37100791415
6640.0	111.0	6.88010443366	4.21115216594
6640.0	122.0	12.2823228675	5.73284704892
6640.0	129.0	4.72094287401	7.47196100943
6650.0	111.0	6.88157768943	4.21186814534
6650.0	122.0	12.7144077376	5.60731199427
6650.0	129.0	5.39274750393	7.57291410471
6660.0	111.0	6.88284048008	4.21282278454
6660.0	122.0	13.1462821425	5.48153827982
6660.0	129.0	6.0719184127	7.59534812588
6670.0	111.0	6.88431373585	4.21353876394
6670.0	122.0	13.5720530593	5.35290064777
6670.0	129.0	6.75593001898	7.56551565092
6680.0	111.0	6.88578699162	4.21449340314
6680.0	122.0	13.9828809533	5.21638724234
6680.0	129.0	7.4384683695	7.52923936136
6690.0	111.0	6.88726024739	4.21520938254
6690.0	122.0	14.3937088473	5.0801124967
6690.0	129.0	8.11574509227	7.46694915363
6700.0	111.0	6.88873350315	4.21616402174
6700.0	122.0	14.8047472064	4.94359909126
6700.0	129.0	8.79281134994	7.40465894591
6710.0	111.0	6.89020675892	4.21688000114
6710.0	122.0	15.2155751004	4.80732434563
6710.0	129.0	9.50607760646	7.35859760456
6720.0	111.0	6.89168001469	4.21759598054
6720.0	129.0	10.223132235	7.31444554162
6730.0	111.0	6.89315327046	4.21855061973
6730.0	129.0	10.9433438401	7.29821667524
6740.0	111.0	6.89462652622	4.21926659913
6740.0	129.0	11.6757624216	7.39368059512
6750.0	111.0	6.89609978199	4.22022123833
6750.0	129.0	12.4081810031	7.48914451501
6760.0	111.0	6.89736257265	4.22093721773
6760.0	129.0	13.0698833077	7.63902286923
6770.0	111.0	6.89883582842	4.22189185693
6770.0	129.0	13.7012786366	7.81205122402
6780.0	111.0	6.90030908418	4.22260783633
6780.0	129.0	14.3326739655	7.98507957881
6790.0	111.0	6.90178233995	4.22356247553
6790.0	129.0	14.9640692944	8.1581079336
6800.0	111.0	6.90325559572	4.22427845493
6810.0	111.0	6.90304513061	4.22427845493
6820.0	111.0	6.90262420039	4.22427845493
6830.0	111.0	6.90241373528	4.22427845493
6840.0	111.0	6.90199280506	4.22427845493
6850.0	111.0	6.90178233995	4.22427845493
6860.0	111.0	6.90136140973	4.22427845493
6870.0	111.0	6.90115094462	4.22427845493
6880.0	111.0	6.9007300144	4.22427845493
6890.0	111.0	6.90051954929	4.22427845493
6900.0	111.0	6.90030908418	4.22427845493
6910.0	111.0	6.89988815396	4.22427845493
6920.0	111.0	6.89967768885	4.22427845493
6930.0	111.0	6.89925675863	4.22427845493
6940.0	111.0	6.89904629352	4.22427845493
6950.0	111.0	6.89862536331	4.22427845493
6960.0	111.0	6.8984148982	4.22427845493
6970.0	111.0	6.89799396798	4.22427845493
6980.0	111.0	6.89778350287	4.22427845493
6990.0	111.0	6.89757303776	4.22427845493
7000.0	111.0	6.89715210754	4.22427845493
7010.0	111.0	6.89694164243	4.22427845493
7020.0	111.0	6.89652071221	4.22427845493
7030.0	111.0	6.8963102471	4.22427845493
7040.0	111.0	6.89588931688	4.22427845493
7050.0	111.0	6.89567885177	4.22427845493
7060.0	111.0	6.89525792155	4.22427845493
7070.0	111.0	6.89504745644	4.22427845493
7080.0	111.0	6.89483699133	4.22427845493
7090.0	111.0	6.89441606111	4.22427845493
7100.0	111.0	6.894205596	4.22427845493
7110.0	111.0	6.89378466578	4.22427845493
7120.0	111.0	6.89357420067	4.22427845493
7130.0	111.0	6.89315327046	4.22427845493
7140.0	111.0	6.89294280535	4.22427845493
7140.0	137.0	0.255504643085	4.38680577853
7150.0	111.0	6.89252187513	4.22427845493
7150.0	137.0	0.682327885406	4.47296196623
7160.0	111.0	6.89231141002	4.22427845493
7160.0	137.0	1.10894066262	4.55911815393
7170.0	111.0	6.89210094491	4.22427845493
7170.0	137.0	1.53576390494	4.64527434162
7180.0	111.0	6.89168001469	4.22427845493
7180.0	137.0	1.88850342867	4.84908981058
7190.0	111.0	6.89146954958	4.22427845493
7190.0	137.0	2.23282434802	5.06603156852
7200.0	111.0	6.89104861936	4.22427845493
7200.0	137.0	2.68974410101	5.22306971673
7210.0	111.0	6.89083815425	4.22427845493
7210.0	137.0	3.19486036412	5.35433260657
7220.0	111.0	6.89041722403	4.22427845493
7220.0	137.0	3.72291732417	5.46172951644
7230.0	111.0	6.89020675892	4.22427845493
7230.0	137.0	4.26065567926	5.55910271473
7240.0	111.0	6.8897858287	4.22427845493
7240.0	137.0	4.79860449946	5.65623725321
7250.0	111.0	6.88957536359	4.22427845493
7250.0	137.0	5.34854983091	5.7485985957
7260.0	111.0	6.88936489848	4.22427845493
7260.0	137.0	5.89849516237	5.84095993819
7270.0	111.0	6.88894396826	4.22427845493
7270.0	137.0	6.44844049382	5.93332128068
7280.0	111.0	6.88873350315	4.22427845493
7280.0	137.0	6.95797652422	5.86530323776
7290.0	111.0	6.88831257293	4.22427845493
7290.0	137.0	7.46309278732	5.77938570986
7300.0	111.0	6.88810210782	4.22427845493
7300.0	137.0	7.9917811427	5.63237127324
7310.0	111.0	6.88768117761	4.22427845493
7310.0	137.0	8.5558276365	5.39371147352
7320.0	111.0	6.8874707125	4.22427845493
7320.0	137.0	9.11987413029	5.15505167381
7330.0	111.0	6.88704978228	4.22427845493
7330.0	137.0	9.68960318205	4.95099754506
7340.0	111.0	6.88683931717	4.22427845493
7340.0	137.0	10.259753164	4.7507619731
7350.0	111.0	6.88662885206	4.22427845493
7350.0	137.0	10.8301136111	4.55076506094
7360.0	111.0	6.88620792184	4.22427845493
7360.0	137.0	11.4267821969	4.44074289327
7370.0	111.0	6.88599745673	4.22427845493
7370.0	137.0	12.0301856662	4.35315474677
7380.0	111.0	6.88557652651	4.22427845493
7380.0	137.0	12.6335891355	4.26556660028
7390.0	111.0	6.8853660614	4.22427845493
7390.0	137.0	13.2376240001	4.23835938311
7400.0	111.0	6.88494513118	4.22427845493
7400.0	137.0	13.842079795	4.22618773333
7410.0	111.0	6.88473466607	4.22427845493
7410.0	137.0	14.4465355898	4.21377742374
7420.0	111.0	6.88431373585	4.22427845493
7420.0	137.0	15.0509913847	4.20160577396
7430.0	111.0	6.88410327074	4.22427845493
7430.0	143.0	15.2717692846	7.9110950409
7440.0	111.0	6.88389280563	4.22427845493
7440.0	143.0	14.8072727877	7.71372338654
7450.0	111.0	6.88347187541	4.22427845493
7450.0	143.0	14.3427762908	7.51611307238
7460.0	111.0	6.8832614103	4.22427845493
7460.0	143.0	13.8782797938	7.31874141801
7470.0	111.0	6.88284048008	4.22427845493
7470.0	143.0	13.437144924	7.19344502316
7480.0	111.0	6.88263001497	4.22427845493
7480.0	143.0	13.0016926122	7.08652543289
7480.0	144.0	-0.0542999982834	4.56150475192
7490.0	111.0	6.88220908475	4.22427845493
7490.0	143.0	12.5662403004	6.97960584262
7490.0	144.0	0.407249987125	4.63071609384
7500.0	111.0	6.88199861965	4.22427845493
7500.0	143.0	12.0550205491	6.96218367724
7500.0	144.0	0.869010437644	4.70016609556
7510.0	111.0	6.88157768943	4.22427845493
7510.0	143.0	11.5353821935	6.95478522345
7510.0	144.0	1.33077088816	4.76937743747
7520.0	111.0	6.88136722432	4.22427845493
7520.0	143.0	11.0159543029	6.94714810986
7520.0	144.0	1.78369180408	4.84622589298
7520.0	148.0	15.0314181295	7.78269606866
7530.0	111.0	6.88115675921	4.22427845493
7530.0	143.0	10.5417764109	7.13210945464
7530.0	144.0	2.23093016203	4.92832486408
7530.0	148.0	14.6525809321	7.56790224891
7540.0	111.0	6.88073582899	4.22427845493
7540.0	143.0	10.0871717741	7.39940843032
7540.0	144.0	2.67816851998	5.01042383518
7540.0	148.0	14.2680611768	7.36002956336
7550.0	111.0	6.88052536388	4.22427845493
7550.0	143.0	9.62583225383	7.63711359083
7550.0	144.0	3.11951385487	5.13452693104
7550.0	148.0	13.8319774697	7.21516306494
7560.0	111.0	6.88010443366	4.22427845493
7560.0	143.0	9.13713226928	7.75644349069
7560.0	144.0	3.55180919004	5.32139755421
7560.0	148.0	13.3961042277	7.07029656651
7570.0	111.0	6.87989396855	4.22427845493
7570.0	143.0	8.64864274984	7.87577339054
7570.0	144.0	3.98410452521	5.50850683719
7570.0	148.0	12.9497077301	6.94500017166
7580.0	111.0	6.87947303833	4.22427845493
7580.0	143.0	8.15910090485	7.97290792903
7580.0	144.0	4.41639986038	5.69561612016
7580.0	148.0	12.4784763497	6.86552645836
7590.0	111.0	6.87926257322	4.22427845493
7590.0	143.0	7.66787533899	8.03639143575
7590.0	144.0	4.80260333654	5.82186715421
7590.0	148.0	12.0545996189	6.78772336365
7600.0	111.0	6.878841643	4.22427845493
7600.0	143.0	7.17686023823	8.10011360227
7600.0	144.0	5.16923355751	5.92186561029
7600.0	148.0	11.8195100915	6.71755738253
7610.0	111.0	6.87863117789	4.22427845493
7610.0	143.0	6.67069164958	8.13066205664
7610.0	144.0	5.53586377848	6.02186406637
7610.0	148.0	11.5875775407	6.71350016594
7620.0	111.0	6.87842071278	4.22427845493
7620.0	143.0	6.14158236398	8.11109195306
7620.0	144.0	5.90754516208	6.06195891272
7620.0	148.0	11.3588019665	6.77579037366
7630.0	111.0	6.87799978256	4.22427845493
7630.0	143.0	5.61268354349	8.09176050928
7630.0	144.0	6.28238352232	6.06195891272
7630.0	148.0	11.123712439	6.83998985979
7630.0	151.0	0.324326733933	4.80851764463
7640.0	111.0	6.87778931745	4.22427845493
7640.0	143.0	5.0835742579	8.07242906551
7640.0	144.0	6.65722188257	6.06195891272
7640.0	148.0	10.8642089589	6.9115877997
7640.0	151.0	0.767145324585	4.95672538025
7650.0	111.0	6.87736838723	4.22427845493
7650.0	143.0	4.57445915771	8.11634246865
7650.0	144.0	6.9903881511	6.07222128411
7650.0	148.0	10.6047054787	6.98318573962
7650.0	151.0	1.20975345013	5.10493311587
7660.0	111.0	6.87715792212	4.22427845493
7660.0	143.0	4.07397312702	8.18722442917
7660.0	144.0	7.26104628208	6.09775788268
7660.0	148.0	10.3224717667	7.05693161773
7660.0	151.0	1.65572901742	5.21877384033
7670.0	111.0	6.8767369919	4.22427845493
7670.0	143.0	3.57327663122	8.25834504948
7670.0	144.0	7.53170441306	6.12329448125
7670.0	148.0	9.94952759244	7.13855326923
7670.0	151.0	2.10465109626	5.29824755364
7680.0	111.0	6.87652652679	4.22427845493
7680.0	143.0	3.07279060053	8.32922701
7680.0	144.0	7.7381706856	6.10969087266
7680.0	148.0	9.57679388329	7.22041358053
7680.0	151.0	2.55357317509	5.37772126694
7680.0	152.0	15.1627483579	4.12666659685
7690.0	111.0	6.87610559658	4.22427845493
7690.0	143.0	2.58598480197	8.41872443489
7690.0	144.0	7.90170207578	6.06983468611
7690.0	148.0	9.20384970903	7.30227389183
7690.0	151.0	2.9780813012	5.46220683604
7690.0	152.0	14.6496344206	4.14886195822
7690.0	153.0	14.9878518518	4.87605836795
7700.0	111.0	6.87589513147	4.22427845493
7700.0	143.0	2.09938946851	8.50822185978
7700.0	144.0	8.18351485757	5.9956114884
7700.0	148.0	8.79302181504	7.30656976823
7700.0	151.0	3.37796500949	5.55170426093
7700.0	152.0	14.1367309484	4.17129597939
7700.0	153.0	14.4747379145	4.9132892967
7710.0	111.0	6.87568466636	4.22427845493
7710.0	143.0	1.61258366995	8.59771928468
7710.0	144.0	8.4945822896	5.9125578781
7710.0	148.0	8.3655671774	7.27769193246
7710.0	151.0	3.77784871778	5.64120168583
7710.0	152.0	13.6236170112	4.19373000056
7710.0	153.0	13.9618344423	4.95075888526
7720.0	111.0	6.87526373614	4.22427845493
7720.0	143.0	1.23690344927	8.71848114333
7720.0	144.0	8.83890320894	5.85050633018
7720.0	148.0	7.93832300486	7.2488140967
7720.0	151.0	4.17773242607	5.73069911072
7720.0	152.0	13.1528065609	4.2510083525
7720.0	153.0	13.4487205051	4.98798981401
7730.0	111.0	6.87505327103	4.22427845493
7730.0	143.0	0.888794157949	8.84688011558
7730.0	144.0	9.2162671505	5.80921818483
7730.0	148.0	7.50686953012	7.23902904491
7730.0	151.0	4.60118822663	5.79036406065
7730.0	152.0	12.699885645	4.32332227181
7730.0	153.0	12.9467612186	4.9970588864
7740.0	111.0	6.87463234081	4.22427845493
7740.0	143.0	0.571202307524	9.01799919197
7740.0	144.0	9.59363109206	5.76816869927
7740.0	148.0	7.06868117188	7.25859914848
7740.0	151.0	5.04842658459	5.82019653561
7740.0	152.0	12.2471751942	4.39563619112
7740.0	153.0	12.4450123973	5.00636661859
7750.0	111.0	6.8744218757	4.22427845493
7750.0	143.0	0.375890685791	9.35880538596
7750.0	144.0	9.97794038224	5.75599704949
7750.0	148.0	6.63070327875	7.27793059226
7750.0	151.0	5.49566494254	5.85002901058
7750.0	152.0	11.8047775338	4.44957330586
7750.0	153.0	11.983672877	5.02736868096
7760.0	111.0	6.87400094548	4.22427845493
7760.0	143.0	0.180368598949	9.69985023975
7760.0	144.0	10.3670903699	5.76315684348
7760.0	148.0	6.19272538562	7.29726203604
7760.0	151.0	5.93827306808	5.88200942374
7760.0	152.0	11.3779542915	4.47630320343
7760.0	153.0	11.5829473082	5.06579290872
7770.0	111.0	6.87379048037	4.22427845493
7770.0	143.0	-0.0149430227834	10.0406564337
7770.0	144.0	10.7560298925	5.77055529727
7770.0	148.0	5.78673818915	7.26241770528
7770.0	151.0	6.37014747304	5.91876303289
7770.0	152.0	10.9511310491	4.50279444119
7770.0	153.0	11.1824322046	5.10421713647
7780.0	111.0	6.87336955015	4.22427845493
7780.0	144.0	11.0618356968	5.76291818368
7780.0	148.0	5.3942207597	7.20418471415
7780.0	151.0	6.80181141288	5.95551664205
7780.0	152.0	10.5245182719	4.52928567896
7780.0	153.0	10.7905461705	5.15505167381
7780.0	156.0	0.105232554813	5.70396921315
7790.0	111.0	6.87315908504	4.22427845493
7790.0	144.0	11.1731717398	5.72091405893
7790.0	148.0	5.00170333025	7.14619038282
7790.0	151.0	7.23347535272	5.99227025121
7790.0	152.0	10.1865113059	4.58537073189
7790.0	153.0	10.4186543218	5.23452538712
7790.0	156.0	0.539211610861	5.78606818425
7800.0	111.0	6.87294861993	4.22427845493
7800.0	144.0	11.1727508096	5.70898106895
7800.0	148.0	4.6091859008	7.08819605149
7800.0	151.0	7.65629975796	6.04000221115
7800.0	152.0	9.87081364144	4.64909289842
7800.0	153.0	10.0469729382	5.31423776022
7800.0	156.0	0.973401132018	5.86792849555
7810.0	111.0	6.87252768971	4.22427845493
7810.0	144.0	11.0976147654	5.71757282174
7810.0	148.0	4.25139521444	7.09416254648
7810.0	151.0	8.06586486129	6.10444035707
7810.0	152.0	9.555115977	4.71281506494
7810.0	153.0	9.6994950422	5.36483363776
7810.0	156.0	1.40738018807	5.95002746666
7820.0	111.0	6.8723172246	4.22427845493
7820.0	144.0	11.0222682562	5.72616457452
7820.0	148.0	3.89360452807	7.10012904148
7820.0	151.0	8.47542996462	6.16911716279
7820.0	152.0	9.26741017214	4.7510006329
7820.0	153.0	9.40926365603	5.34836611158
7820.0	156.0	1.85819645288	6.01565891158
7830.0	111.0	6.87189629438	4.22427845493
7830.0	144.0	11.0873019751	5.71351560514
7830.0	148.0	3.53581384171	7.10609553647
7830.0	151.0	8.88499506795	6.23355530872
7830.0	152.0	8.98686018101	4.78274238626
7830.0	153.0	9.11903226985	5.3318985854
7830.0	156.0	2.31301155478	6.0774717997
7840.0	111.0	6.87168582927	4.22427845493
7840.0	144.0	11.1872729021	5.69561612016
7840.0	148.0	3.17802315535	7.11206203146
7840.0	151.0	9.25351947491	6.35718108497
7840.0	152.0	8.70631018988	4.81448413962
7840.0	153.0	8.84521716223	5.36554961716
7840.0	156.0	2.76803712179	6.13904602803
7850.0	111.0	6.87126489905	4.22427845493
7850.0	144.0	11.2872438292	5.67771663518
7850.0	148.0	2.81223479482	7.08366151529
7850.0	151.0	9.60415434754	6.50634345979
7850.0	152.0	8.41060671086	4.96770373104
7850.0	153.0	8.59644740265	5.47390116623
7850.0	156.0	3.23127082808	6.2462042781
7860.0	111.0	6.87105443394	4.22427845493
7860.0	144.0	11.3872147563	5.6598171502
7860.0	148.0	2.44644643429	7.05526099913
7860.0	151.0	9.97983456822	6.63617439083
7860.0	152.0	8.11090439475	5.15147177681
7860.0	153.0	8.35777996834	5.58607127209
7860.0	156.0	3.69829290634	6.37293263175
7870.0	111.0	6.87063350373	4.22427845493
7870.0	144.0	11.7814159066	5.64907745922
7870.0	148.0	2.08065807376	7.02686048296
7870.0	151.0	10.4129717638	6.72042130013
7870.0	152.0	7.82235672945	5.329989307
7870.0	153.0	8.15910090485	5.71184498654
7870.0	156.0	4.1653149846	6.4996609854
7880.0	111.0	6.87042303862	4.22427845493
7880.0	144.0	12.2490693802	5.64024704663
7880.0	148.0	1.71486971323	6.9984599668
7880.0	151.0	10.8349543086	6.72280789813
7880.0	152.0	7.57674394652	5.48917539341
7880.0	153.0	7.96021137626	5.83785736079
7880.0	156.0	4.58813938984	6.65860841201
7890.0	111.0	6.87021257351	4.22427845493
7890.0	144.0	12.7221949466	5.62712075764
7890.0	148.0	1.38906972353	6.96695687324
7890.0	151.0	11.2493601095	6.67054140199
7890.0	152.0	7.33113116359	5.64836147982
7890.0	153.0	7.76153231277	5.96386973504
7890.0	156.0	4.96697658716	6.84953625178
7900.0	111.0	6.86979164329	4.22427845493
7900.0	144.0	13.2437274883	5.57533158111
7900.0	148.0	1.07337205909	6.93497646007
7900.0	151.0	11.6637659103	6.61827490585
7900.0	152.0	7.07520559028	5.78559086465
7900.0	153.0	7.49866139085	6.06506149012
7900.0	156.0	5.34581378449	7.04046409155
7910.0	111.0	6.86958117818	4.22427845493
7910.0	144.0	13.7652600299	5.52330374477
7910.0	148.0	0.757674394652	6.90275738711
7910.0	151.0	12.0806972925	6.52662954276
7910.0	152.0	6.77697652994	5.83523210299
7910.0	153.0	7.19306605167	6.14978571902
7910.0	156.0	5.72465098181	7.23139193132
7920.0	111.0	6.86916024796	4.22427845493
7920.0	144.0	14.2870030367	5.47151456823
7920.0	148.0	0.441976730214	6.87053831415
7920.0	151.0	12.5016275118	6.37531922975
7920.0	152.0	6.4787474696	5.88487334133
7920.0	153.0	6.88768117761	6.23450994791
7920.0	156.0	6.10938120221	7.30537646923
7930.0	111.0	6.86894978285	4.22427845493
7930.0	144.0	14.8085355784	5.41972539169
7930.0	148.0	0.126279065775	6.83855790099
7930.0	151.0	12.922557731	6.22424757653
7930.0	152.0	6.12348236455	5.85360890757
7930.0	153.0	6.56230211812	6.28629912445
7930.0	156.0	6.4939009575	7.37959966694
7940.0	111.0	6.86852885263	4.22427845493
7940.0	144.0	15.33006812	5.36769755536
7940.0	151.0	13.3472763222	6.07508520171
7940.0	152.0	5.75369516694	5.80205839083
7940.0	153.0	6.21713933834	6.30539190843
7940.0	156.0	6.88220908475	7.44785636966
7950.0	111.0	6.86831838752	4.22427845493
7950.0	151.0	13.7778879365	5.92854808468
7950.0	152.0	5.38390796933	5.7505078741
7950.0	153.0	5.87197655855	6.32448469241
7950.0	156.0	7.30313930401	7.46551719484
7960.0	111.0	6.8678974573	4.22427845493
7960.0	151.0	14.2082890857	5.78201096766
7960.0	152.0	5.00654402777	5.70038931616
7960.0	153.0	5.46178005989	6.39799191072
7960.0	156.0	7.72406952326	7.48341667981
7970.0	111.0	6.86768699219	4.22427845493
7970.0	151.0	14.6389007	5.63571251043
7970.0	152.0	4.56141032091	5.663635707
7970.0	153.0	5.05179402634	6.47126046923
7970.0	156.0	8.11784974337	7.47148368983
7980.0	111.0	6.86747652708	4.22427845493
7980.0	151.0	15.0693018492	5.48917539341
7980.0	152.0	4.11627661406	5.62688209784
7980.0	153.0	4.64159752768	6.54476768754
7980.0	156.0	8.4705892671	7.4153986369
7990.0	111.0	6.86705559686	4.22427845493
7990.0	152.0	3.65514755887	5.68010323318
7990.0	153.0	4.23582079632	6.62209346265
7990.0	156.0	8.82353925594	7.35907492416
8000.0	111.0	6.86684513175	4.22427845493
8000.0	152.0	3.17802315535	5.82329911301
8000.0	153.0	3.8702429009	6.73521820771
8000.0	156.0	9.17627877967	7.30298987123
8010.0	111.0	6.86642420153	4.22427845493
8010.0	152.0	2.70089875182	5.96649499284
8010.0	153.0	3.50487547059	6.84834295278
8010.0	156.0	9.5900531852	7.20418471415
8020.0	111.0	6.86621373642	4.22427845493
8020.0	152.0	2.23934876642	6.09059808869
8020.0	153.0	3.13929757517	6.96122903804
8020.0	156.0	10.0036171256	7.10537955707
8030.0	111.0	6.8657928062	4.22427845493
8030.0	152.0	1.79316273401	6.19560840056
8030.0	153.0	2.78508479567	7.09010532989
8030.0	156.0	10.4186543218	7.00657439999
8040.0	111.0	6.86558234109	4.22427845493
8040.0	152.0	1.3469767016	6.30061871244
8040.0	153.0	2.45781155021	7.25597389069
8040.0	156.0	10.8458984943	6.90514398511
8050.0	111.0	6.86516141088	4.22427845493
8050.0	152.0	0.973822062237	6.47412438683
8050.0	153.0	2.13032783963	7.42160379169
8050.0	156.0	11.273353132	6.80395223003
8060.0	111.0	6.86495094577	4.22427845493
8060.0	152.0	0.600877887981	6.64786872102
8060.0	153.0	1.80305459416	7.58747235249
8060.0	156.0	11.7005973045	6.70276047495
8070.0	111.0	6.86474048066	4.22427845493
8070.0	152.0	0.3257999897	6.87340223175
8070.0	153.0	1.53092320742	7.81706307981
8070.0	156.0	12.1274205468	6.5765094409
8080.0	111.0	6.86431955044	4.22427845493
8080.0	152.0	0.0751360441363	7.11206203146
8080.0	153.0	1.28278484317	8.07409968411
8080.0	156.0	12.5542437892	6.44381459226
8090.0	111.0	6.86410908533	4.22427845493
8090.0	153.0	1.03443601381	8.3311362884
8090.0	156.0	12.9810670315	6.31111974362
8100.0	111.0	6.86368815511	4.22427845493
8100.0	153.0	0.786297649561	8.58817289269
8100.0	156.0	13.4055751576	6.17627695678
8110.0	111.0	6.86347769	4.22427845493
8110.0	153.0	0.656440676922	8.80773990842
8110.0	156.0	13.8216646793	6.03188777796
8120.0	111.0	6.86305675978	4.22427845493
8120.0	153.0	0.55625928474	9.01799919197
8120.0	156.0	14.2377542011	5.88773725893
8130.0	111.0	6.86284629467	4.22427845493
8130.0	153.0	0.456077892559	9.22825847552
8130.0	156.0	14.6538437228	5.7433480801
8140.0	111.0	6.86242536445	4.22427845493
8140.0	153.0	0.355686035267	9.43851775907
8140.0	156.0	15.0697227794	5.59895890128
8150.0	111.0	6.86221489934	4.22427845493
8160.0	111.0	6.86200443423	4.22427845493
8170.0	111.0	6.86158350401	4.22427845493
8180.0	111.0	6.8613730389	4.22427845493
8180.0	162.0	0.14606278608	4.25649752789
8190.0	111.0	6.86095210868	4.22427845493
8190.0	162.0	0.765040673489	4.34074443719
8190.0	163.0	0.369997662722	4.79395939684
8200.0	111.0	6.86074164357	4.22427845493
8200.0	162.0	1.3840185609	4.42499134649
8200.0	163.0	0.983924387499	4.88345682174
8210.0	111.0	6.86032071335	4.22427845493
8210.0	162.0	2.00320691342	4.50923825579
8210.0	163.0	1.59658832162	4.98106867982
8220.0	111.0	6.86011024824	4.22427845493
8220.0	162.0	2.58935224372	4.65458207381
8220.0	163.0	2.19788713982	5.15171043661
8230.0	111.0	6.85968931802	4.22427845493
8230.0	162.0	3.16160687679	4.82617846981
8230.0	163.0	2.79918595802	5.32211353361
8240.0	111.0	6.85947885292	4.22427845493
8240.0	162.0	3.73386150987	4.9977748658
8240.0	163.0	3.3891196603	5.4946645688
8250.0	111.0	6.85926838781	4.22427845493
8250.0	162.0	4.32337428193	5.17056456079
8250.0	163.0	3.95274522388	5.67175014019
8260.0	111.0	6.85884745759	4.22427845493
8260.0	162.0	4.9305661232	5.34502487438
8260.0	163.0	4.51616032234	5.84859705178
8270.0	111.0	6.85863699248	4.22427845493
8270.0	162.0	5.53775796447	5.51948518797
8270.0	163.0	5.07873356037	6.00372592159
8280.0	111.0	6.85821606226	4.22427845493
8280.0	162.0	6.10138352804	5.55170426093
8280.0	163.0	5.63772889154	6.07078932531
8290.0	111.0	6.85800559715	4.22427845493
8290.0	162.0	6.6601683941	5.56817178711
8290.0	163.0	6.19693468781	6.13809138883
8300.0	111.0	6.85758466693	4.22427845493
8300.0	162.0	7.21895326016	5.58463931329
8300.0	163.0	6.75593001898	6.20515479255
8310.0	111.0	6.85737420182	4.22427845493
8310.0	162.0	7.72406952326	5.4142362163
8310.0	163.0	7.31976604767	6.12854499684
8310.0	167.0	14.1853483888	12.3148456652
8310.0	170.0	-0.0812395323155	5.43810219627
8320.0	111.0	6.8569532716	4.22427845493
8320.0	162.0	8.22918578636	5.2435944595
8320.0	163.0	7.88339161124	6.05169654133
8320.0	167.0	14.1563042036	11.8704611181
8320.0	170.0	0.399883708289	5.60850529327
8330.0	111.0	6.85674280649	4.22427845493
8330.0	162.0	8.73430204946	5.07319136251
8330.0	163.0	8.45017415146	5.95122076565
8330.0	167.0	14.1272600185	11.4260765711
8330.0	170.0	0.881006948892	5.77890839026
8340.0	111.0	6.85653234138	4.22427845493
8340.0	162.0	9.27540784631	4.92999548268
8340.0	163.0	9.02895320294	5.75504241029
8340.0	167.0	14.095479787	10.9800214054
8340.0	170.0	1.36191972439	5.94955014706
8340.0	171.0	15.0743530118	7.56456101172
8350.0	111.0	6.85611141116	4.22427845493
8350.0	162.0	9.85271364201	4.81400682002
8350.0	163.0	9.60773225441	5.55910271473
8350.0	167.0	14.0394960678	10.5184533528
8350.0	170.0	1.84199063944	6.10587231587
8350.0	171.0	14.6029111663	7.33544760399
8360.0	111.0	6.85590094605	4.22427845493
8360.0	162.0	10.4300194377	4.69825681716
8360.0	163.0	10.1892473523	5.42044137109
8360.0	167.0	13.9833018835	10.0571239599
8360.0	170.0	2.31722085698	6.20587077195
8360.0	171.0	14.1314693207	7.10633419627
8370.0	111.0	6.85548001583	4.22427845493
8370.0	162.0	11.0073252334	4.5822681545
8370.0	163.0	10.7745508222	5.36841353475
8370.0	167.0	13.9254239784	9.59412394848
8370.0	170.0	2.79245107451	6.30610788783
8370.0	171.0	13.6396123595	6.89321099512
8380.0	111.0	6.85526955072	4.22427845493
8380.0	162.0	11.603572889	4.61400990786
8380.0	163.0	11.359854292	5.31614703862
8380.0	167.0	13.8515507249	9.11680434905
8380.0	170.0	3.26978594314	6.39465067352
8380.0	171.0	13.1170274923	6.70395377395
8390.0	111.0	6.8548486205	4.22427845493
8390.0	162.0	12.2000310097	4.64599032102
8390.0	163.0	11.9483147386	5.27963208926
8390.0	167.0	13.7774670063	8.63948474963
8390.0	170.0	3.7673254623	6.38009242574
8390.0	171.0	12.5944426251	6.51469655278
8400.0	111.0	6.85463815539	4.22427845493
8400.0	162.0	12.7962786652	4.67773207438
8400.0	163.0	12.5489821614	5.30564600743
8400.0	167.0	13.7035937528	8.1621651502
8400.0	170.0	4.26486498145	6.36577283776
8400.0	171.0	12.0665961302	6.38009242574
8410.0	111.0	6.85421722517	4.22427845493
8410.0	162.0	13.3944205068	4.65887795021
8410.0	163.0	13.1498600494	5.3316599256
8410.0	167.0	13.6078321279	7.67148060199
8410.0	170.0	4.7621940355	6.35121458997
8410.0	171.0	11.5334880075	6.30061871244
8420.0	111.0	6.85400676006	4.22427845493
8420.0	162.0	13.9925623483	4.64002382603
8420.0	163.0	13.7507379374	5.35767384377
8420.0	167.0	13.4790274809	7.1612259502
8420.0	170.0	5.20901146323	6.29465221744
8420.0	171.0	11.0003798848	6.22114499913
8430.0	111.0	6.85379629496	4.22427845493
8430.0	162.0	14.5907041899	4.62116970185
8430.0	163.0	14.3514053603	5.38368776194
8430.0	167.0	13.3504332989	6.65073263861
8430.0	170.0	5.64299051928	6.22758881372
8430.0	171.0	10.4860031569	6.23522592731
8440.0	111.0	6.85337536474	4.22427845493
8440.0	162.0	15.1888460315	4.60231557767
8440.0	163.0	14.9522832482	5.4097016801
8440.0	167.0	13.2218391169	6.14023932703
8440.0	170.0	6.07718004044	6.1602867502
8440.0	171.0	9.9903578237	6.34286149698
8450.0	111.0	6.85316489963	4.22427845493
8450.0	167.0	13.0431542388	5.63308725264
8450.0	170.0	6.53241607256	6.07102798511
8450.0	171.0	9.49471249054	6.45073572645
8460.0	111.0	6.85274396941	4.22427845493
8460.0	167.0	12.8518414542	5.12688981744
8460.0	170.0	7.00196373213	5.96721097224
8460.0	171.0	9.01337878482	6.55049552274
8470.0	111.0	6.8525335043	4.22427845493
8470.0	167.0	12.6605286695	4.62069238225
8470.0	170.0	7.47151139171	5.86315529956
8470.0	171.0	8.5537229854	6.63856098883
8470.0	172.0	0.0277813944706	7.32423059341
8480.0	111.0	6.85211257408	4.22427845493
8480.0	167.0	12.4650065827	4.19778721716
8480.0	170.0	7.94105905128	5.75909962689
8480.0	171.0	8.09406718598	6.72638779512
8480.0	172.0	0.415458126401	7.21754966293
8480.0	173.0	0.267501154334	6.45073572645
8490.0	111.0	6.85190210897	4.22427845493
8490.0	167.0	12.2656961239	3.85865164177
8490.0	170.0	8.44491252372	5.68606972817
8490.0	171.0	7.63441138656	6.81445326122
8490.0	172.0	0.803134858331	7.11086873246
8490.0	173.0	0.634131375302	6.27365015507
8500.0	111.0	6.85148117875	4.22427845493
8500.0	167.0	12.1438368254	3.67058771959
8500.0	170.0	8.96349855384	5.62640477824
8500.0	171.0	7.19474977255	6.92304347009
8500.0	172.0	1.19081159026	7.00394914219
8500.0	173.0	1.00076159627	6.09656458368
8510.0	111.0	6.85127071364	4.22427845493
8510.0	167.0	12.0737519439	3.5829995731
8510.0	170.0	9.48229504907	5.56673982832
8510.0	171.0	6.76834746045	7.04547594734
8510.0	172.0	1.57848832219	6.89726821172
8510.0	173.0	1.39138483973	5.94406097166
8520.0	111.0	6.85106024853	4.22427845493
8520.0	167.0	12.0034565973	3.4956500864
8520.0	170.0	10.0002496839	5.62688209784
8520.0	171.0	6.34194514835	7.16766976479
8520.0	172.0	1.99941854144	6.84834295278
8520.0	173.0	1.81841854716	5.828072309
8530.0	111.0	6.85063931831	4.22427845493
8530.0	167.0	11.8645496249	3.46056709585
8530.0	170.0	10.5184147838	5.70038931616
8530.0	171.0	5.91575330135	7.29010224205
8530.0	172.0	2.42034876069	6.79965635364
8530.0	173.0	2.24545225459	5.71208364634
8540.0	111.0	6.8504288532	4.22427845493
8540.0	167.0	11.6795507936	3.46056709585
8540.0	170.0	11.0363694185	5.77365787467
8540.0	171.0	5.49671726809	7.34785791358
8540.0	172.0	2.84127897994	6.75073109469
8540.0	173.0	2.67227549692	5.59633364348
8550.0	111.0	6.85000792298	4.22427845493
8550.0	167.0	11.4945519622	3.46056709585
8550.0	170.0	11.5545345184	5.84716509298
8550.0	171.0	5.08104867658	7.37769038854
8550.0	172.0	3.2622091992	6.70204449555
8550.0	173.0	3.14245455182	5.62330220085
8560.0	111.0	6.84979745787	4.22427845493
8560.0	167.0	11.296504294	3.43264389928
8560.0	170.0	12.1177391518	5.82138983461
8560.0	171.0	4.66559055018	7.40752286351
8560.0	172.0	3.71681383599	6.71755738253
8560.0	173.0	3.61726383913	5.666022305
8570.0	111.0	6.84937652765	4.22427845493
8570.0	167.0	11.0677287199	3.33908925779
8570.0	170.0	12.68073332	5.79561457624
8570.0	171.0	4.24992195867	7.43735533847
8570.0	172.0	4.19393823951	6.77579037366
8570.0	173.0	4.09228359156	5.70898106895
8580.0	111.0	6.84916606254	4.22427845493
8580.0	167.0	10.8389531457	3.2457732761
8580.0	170.0	13.2439379534	5.76983931787
8580.0	171.0	3.87739871463	7.44236719426
8580.0	172.0	4.67085217792	6.83426202459
8580.0	173.0	4.56709287887	5.75170117309
8590.0	111.0	6.84874513232	4.22427845493
8590.0	167.0	10.7610810552	3.25460368869
8590.0	170.0	13.8073530519	5.73642694591
8590.0	171.0	3.52339640024	7.43687801887
8590.0	172.0	5.14797658144	6.89249501572
8590.0	173.0	5.06989402577	5.8311748864
8600.0	111.0	6.84853466721	4.22427845493
8600.0	167.0	10.6829984995	3.26343410128
8600.0	170.0	14.3709786155	5.68511508897
8600.0	171.0	3.16939408585	7.43162750328
8600.0	172.0	5.63162540336	6.94380687266
8600.0	173.0	5.57269517266	5.9108872595
8610.0	111.0	6.84832420211	4.22427845493
8610.0	167.0	10.6114403622	3.19804131616
8610.0	170.0	14.9348146441	5.63404189184
8610.0	171.0	2.81539177146	7.42613832788
8610.0	172.0	6.17504631641	6.93282852188
8610.0	173.0	6.07549631956	5.99036097281
8620.0	111.0	6.84790327189	4.22427845493
8620.0	167.0	10.5548252477	2.95938151645
8620.0	170.0	15.4984402077	5.5829686947
8620.0	171.0	2.43634410903	7.44356049326
8620.0	172.0	6.71825676436	6.92161151129
8620.0	173.0	6.57829746646	6.03809293275
8630.0	111.0	6.84769280678	4.22427845493
8630.0	167.0	10.4982101332	2.72072171673
8630.0	171.0	1.99836621589	7.51444245378
8630.0	172.0	7.2614672123	6.9106331605
8630.0	173.0	7.08088814824	6.03809293275
8640.0	111.0	6.84727187656	4.22427845493
8640.0	167.0	10.4664299017	2.32335315021
8640.0	171.0	1.56038832276	7.58556307409
8640.0	172.0	7.80488812535	6.89941614992
8640.0	173.0	7.58368929514	6.03809293275
8650.0	111.0	6.84706141145	4.22427845493
8650.0	167.0	10.4453833907	1.85796654077
8650.0	171.0	1.12219996452	7.65644503461
8650.0	172.0	8.34641485242	6.85192284977
8650.0	173.0	8.08649044203	6.03809293275
8660.0	111.0	6.84664048123	4.22427845493
8660.0	167.0	10.4144450196	1.26585157768
8660.0	171.0	0.736627883689	7.84928215278
8660.0	172.0	8.88773111438	6.79488315764
8660.0	173.0	8.61307414632	5.95957385864
8670.0	111.0	6.84643001612	4.22427845493
8670.0	167.0	10.3795078114	0.619560840056
8670.0	171.0	0.385782545944	8.12326360285
8670.0	172.0	9.42883691122	6.73808212531
8670.0	173.0	9.14534040856	5.86124602116
8680.0	111.0	6.8460090859	4.22427845493
8680.0	167.0	10.3443601381	-0.0269685573676
8680.0	171.0	0.0351476733075	8.39724505292
8680.0	172.0	9.96994270807	6.68128109298
8680.0	173.0	9.6776066708	5.76291818368
8690.0	111.0	6.84579862079	4.22427845493
8690.0	172.0	10.420969438	6.64834604062
8690.0	173.0	10.1770403759	5.68081921258
8700.0	111.0	6.84558815568	4.22427845493
8700.0	172.0	10.8118031466	6.63140119484
8700.0	173.0	10.6270147803	5.62330220085
8710.0	111.0	6.84516722546	4.22427845493
8710.0	172.0	11.2028473203	6.61421768926
8710.0	173.0	11.0769891847	5.56578518912
8720.0	111.0	6.84495676035	4.22427845493
8720.0	172.0	11.457720568	6.65860841201
8720.0	173.0	11.4021577791	5.54263518855
8730.0	111.0	6.84453583013	4.22427845493
8730.0	172.0	11.6787089331	6.71827336193
8730.0	173.0	11.6027310285	5.55385219913
8740.0	111.0	6.84432536502	4.22427845493
8740.0	172.0	11.8190891612	6.63020789584
8740.0	173.0	11.8106705569	5.57270632331
8750.0	111.0	6.8439044348	4.22427845493
8750.0	172.0	11.9394752039	6.50515016079
8750.0	173.0	12.029764736	5.60253879827
8760.0	111.0	6.84369396969	4.22427845493
8760.0	172.0	12.2349682179	6.36434087896
8760.0	173.0	12.2490693802	5.63237127324
8770.0	111.0	6.84327303947	4.22427845493
8770.0	172.0	12.605807741	6.21661046294
8770.0	173.0	12.8383716872	5.47962900142
8780.0	111.0	6.84306257436	4.22427845493
8780.0	172.0	13.1090298181	6.12663571844
8780.0	173.0	13.4276739941	5.3268867296
8790.0	111.0	6.84285210925	4.22427845493
8790.0	172.0	13.7002263111	6.07556252131
8790.0	173.0	13.997613511	5.26435786208
8800.0	111.0	6.84243117904	4.22427845493
8800.0	172.0	14.2916332691	6.02448932417
8800.0	173.0	14.5479797726	5.29180373905
8800.0	175.0	0.0153639530027	4.92474496709
8810.0	111.0	6.84222071393	4.22427845493
8810.0	172.0	14.8828297621	5.97341612703
8810.0	173.0	15.0983460343	5.31924961601
8810.0	175.0	0.493119751853	4.84097537739
8810.0	176.0	0.283706967775	5.44764858826
8820.0	111.0	6.84179978371	4.22427845493
8820.0	172.0	15.4742367201	5.92210427009
8820.0	175.0	0.971086015812	4.75696712789
8820.0	176.0	0.860591833259	5.35934446237
8830.0	111.0	6.8415893186	4.22427845493
8830.0	175.0	1.44884181466	4.67319753819
8830.0	176.0	1.43747669874	5.27080167667
8840.0	111.0	6.84116838838	4.22427845493
8840.0	175.0	1.9350162179	4.62164702145
8840.0	176.0	1.98889528596	5.25648208869
8850.0	111.0	6.84095792327	4.22427845493
8850.0	175.0	2.45507550378	4.69873413676
8850.0	176.0	2.51505806003	5.31614703862
8860.0	111.0	6.84053699305	4.22427845493
8860.0	175.0	2.97492432456	4.77605991187
8860.0	176.0	3.04122083409	5.37581198855
8870.0	111.0	6.84032652794	4.22427845493
8870.0	175.0	3.49498361044	4.85314702717
8870.0	176.0	3.57790686363	5.46721869184
8880.0	111.0	6.84011606283	4.22427845493
8880.0	175.0	3.98242080433	5.0013547628
8880.0	176.0	4.13921731101	5.63308725264
8880.0	177.0	14.7626541845	4.13907690643
8890.0	111.0	6.83969513261	4.22427845493
8890.0	175.0	4.46186032406	5.1669846638
8890.0	176.0	4.70031729327	5.79871715364
8890.0	177.0	14.1914518769	4.20733360915
8900.0	111.0	6.8394846675	4.22427845493
8900.0	175.0	4.94129984379	5.3326145648
8900.0	176.0	5.26162774064	5.96458571444
8900.0	177.0	13.6200391043	4.27535165207
8910.0	111.0	6.83906373728	4.22427845493
8910.0	175.0	5.42999982834	5.48440219742
8910.0	176.0	5.78189749163	6.0791424183
8910.0	177.0	13.0488367968	4.34360835478
8920.0	111.0	6.83885327217	4.22427845493
8920.0	175.0	5.9561626024	5.5798661173
8920.0	176.0	6.28469863853	6.17198108039
8920.0	177.0	12.5058368139	4.42236608869
8930.0	111.0	6.83843234195	4.22427845493
8930.0	175.0	6.48232537647	5.67533003719
8930.0	176.0	6.78749978542	6.26481974248
8930.0	177.0	12.0287124104	4.52570578197
8940.0	111.0	6.83822187684	4.22427845493
8940.0	175.0	7.00280559257	5.76458880228
8940.0	176.0	7.29051139743	6.35169190957
8940.0	177.0	11.551798472	4.62928413504
8950.0	111.0	6.83780094662	4.22427845493
8950.0	175.0	7.50076604194	5.8285496286
8950.0	176.0	7.79562766053	6.38582026093
8950.0	177.0	11.0896170913	4.72164547753
8960.0	111.0	6.83759048151	4.22427845493
8960.0	175.0	7.99872649132	5.89251045493
8960.0	176.0	8.30074392363	6.41994861229
8960.0	177.0	10.6619519885	4.78894754105
8970.0	111.0	6.8373800164	4.22427845493
8970.0	175.0	8.49668694069	5.95670994105
8970.0	176.0	8.80586018673	6.45407696365
8970.0	177.0	10.2344973509	4.85601094477
8980.0	111.0	6.83695908619	4.22427845493
8980.0	175.0	8.99359506452	6.01255633418
8980.0	176.0	9.28214272981	6.50849139799
8980.0	177.0	9.80893689921	4.9137666163
8990.0	111.0	6.83674862108	4.22427845493
8990.0	175.0	9.48229504907	5.9953728286
8990.0	176.0	9.73906248281	6.5767481007
8990.0	177.0	9.39958226099	4.88727537853
9000.0	111.0	6.83632769086	4.22427845493
9000.0	175.0	9.97078456851	5.97842798282
9000.0	176.0	10.1961927009	6.64500480342
9000.0	177.0	9.00264506423	4.9163918741
9010.0	111.0	6.83611722575	4.22427845493
9010.0	175.0	10.4544333904	5.99250891101
9010.0	176.0	10.6560589655	6.72781975392
9010.0	177.0	8.63433112239	5.07557796051
9020.0	111.0	6.83569629553	4.22427845493
9020.0	175.0	10.9262961662	6.0793810781
9020.0	176.0	11.1422333687	6.94165893447
9020.0	177.0	8.26601718054	5.23452538712
9030.0	111.0	6.83548583042	4.22427845493
9030.0	175.0	11.3983694071	6.1660145854
9030.0	176.0	11.628618237	7.15573677481
9030.0	177.0	7.98146835233	5.4156681751
9040.0	111.0	6.8350649002	4.22427845493
9040.0	175.0	11.8702321829	6.25288675249
9040.0	176.0	12.1086891521	7.35859760456
9040.0	177.0	7.70617998894	5.59943622088
9050.0	111.0	6.83485443509	4.22427845493
9050.0	175.0	12.3526182141	6.53140273876
9050.0	176.0	12.5647670446	7.51778369097
9050.0	177.0	7.41763232364	5.74120014191
9060.0	111.0	6.83464396998	4.22427845493
9060.0	175.0	12.8347937803	6.80968006522
9060.0	176.0	13.0208449372	7.67696977738
9060.0	177.0	7.09814628723	5.78535220485
9070.0	111.0	6.83422303976	4.22427845493
9070.0	175.0	13.2961333006	6.9151676967
9070.0	176.0	13.4767123647	7.83591720399
9070.0	177.0	6.77844978571	5.8295042678
9080.0	111.0	6.83401257465	4.22427845493
9080.0	175.0	13.7433716585	6.90514398511
9080.0	176.0	13.936157699	7.79797029584
9080.0	177.0	6.47306491164	5.85766612417
9090.0	111.0	6.83359164443	4.22427845493
9090.0	175.0	14.1943983885	6.86624243776
9090.0	176.0	14.3979181495	7.62876049784
9090.0	177.0	6.17673003729	5.87556560915
9100.0	111.0	6.83338117932	4.22427845493
9100.0	175.0	14.6612100016	6.71039758854
9100.0	176.0	14.8594681349	7.45931204004
9100.0	177.0	5.88060562805	5.89322643432
9110.0	111.0	6.8329602491	4.22427845493
9110.0	175.0	15.1278111497	6.55479139913
9110.0	176.0	15.3212285854	7.28986358225
9110.0	177.0	5.604054474	5.88177076394
9120.0	111.0	6.83274978399	4.22427845493
9120.0	177.0	5.32981843616	5.86745117596
9130.0	111.0	6.83232885377	4.22427845493
9130.0	177.0	5.05558239831	5.85289292817
9140.0	111.0	6.83211838866	4.22427845493
9140.0	177.0	4.85753473016	5.832845505
9150.0	111.0	6.83190792355	4.22427845493
9150.0	177.0	4.71020915342	5.80897952503
9160.0	111.0	6.83148699334	4.22427845493
9160.0	177.0	4.56288357668	5.78511354505
9170.0	111.0	6.83127652823	4.22427845493
9170.0	177.0	4.46901613779	5.76649808068
9180.0	111.0	6.83085559801	4.22427845493
9180.0	177.0	4.41071730242	5.75122385349
9190.0	111.0	6.8306451329	4.22427845493
9190.0	177.0	4.35262893217	5.73594962631
9200.0	111.0	6.83022420268	4.22427845493
9200.0	177.0	4.2943300968	5.72067539913
9210.0	111.0	6.83001373757	4.22427845493
9210.0	177.0	4.23624172654	5.70540117195
9210.0	181.0	0.147325576738	4.0810825751
9220.0	111.0	6.82959280735	4.22427845493
9220.0	177.0	4.202567309	5.70707179055
9220.0	181.0	0.579410446799	4.09373154448
9230.0	111.0	6.82938234224	4.22427845493
9230.0	177.0	4.17162893789	5.71065168754
9230.0	181.0	1.01128485175	4.10614185407
9240.0	111.0	6.82917187713	4.22427845493
9240.0	177.0	4.14069056677	5.71423158454
9240.0	181.0	1.44336972181	4.11879082345
9250.0	111.0	6.82875094691	4.22427845493
9250.0	177.0	4.10954173055	5.71757282174
9250.0	181.0	1.88134761494	4.13716762803
9260.0	111.0	6.8285404818	4.22427845493
9260.0	177.0	4.07860335943	5.72115271873
9260.0	181.0	2.34352899568	4.17869443318
9270.0	111.0	6.82811955158	4.22427845493
9270.0	177.0	4.04766498832	5.72473261573
9270.0	181.0	2.80549991131	4.22022123833
9280.0	111.0	6.82790908647	4.22427845493
9280.0	177.0	4.02240917516	5.72616457452
9280.0	181.0	3.26768129205	4.26174804348
9290.0	111.0	6.82748815625	4.22427845493
9290.0	177.0	4.04766498832	5.70898106895
9290.0	181.0	3.72986267278	4.30303618883
9300.0	111.0	6.82727769114	4.22427845493
9300.0	177.0	4.07292080147	5.69179756337
9300.0	181.0	4.15373940357	4.43740165607
9300.0	184.0	15.2239937048	7.19344502316
9310.0	111.0	6.82685676092	4.22427845493
9310.0	177.0	4.09817661463	5.67461405779
9310.0	181.0	4.55214985609	4.63334135164
9310.0	184.0	14.7845425559	7.22852801372
9320.0	111.0	6.82664629581	4.22427845493
9320.0	177.0	4.12343242778	5.65743055221
9320.0	181.0	4.9503498435	4.829519707
9320.0	184.0	14.345091407	7.26361100428
9330.0	111.0	6.8264358307	4.22427845493
9330.0	177.0	4.14868824094	5.64024704663
9330.0	181.0	5.3285556455	5.10302383747
9330.0	184.0	13.9056402581	7.29869399484
9340.0	111.0	6.82601490048	4.22427845493
9340.0	177.0	4.17394405409	5.62306354105
9340.0	181.0	5.70171028487	5.39585941172
9340.0	184.0	13.4653472487	7.32184399541
9350.0	111.0	6.82580443538	4.22427845493
9350.0	177.0	4.19919986725	5.60588003547
9350.0	181.0	6.06665678496	5.5786728183
9350.0	184.0	13.0227391232	7.29726203604
9360.0	111.0	6.82538350516	4.22427845493
9360.0	177.0	4.2244556804	5.58869652989
9360.0	181.0	6.4261311922	5.68797900657
9360.0	184.0	12.5799205325	7.27244141687
9370.0	111.0	6.82517304005	4.22427845493
9370.0	177.0	4.24971149356	5.57151302431
9370.0	181.0	6.80496838952	5.76912333847
9370.0	184.0	12.1375228721	7.23139193132
9380.0	111.0	6.82475210983	4.22427845493
9380.0	177.0	4.27496730671	5.55432951873
9380.0	181.0	7.26104628208	5.73738158511
9380.0	184.0	11.6955461419	7.15191821801
9390.0	111.0	6.82454164472	4.22427845493
9390.0	177.0	4.30022311987	5.53714601315
9390.0	181.0	7.71712417464	5.70563983175
9390.0	184.0	11.2535694117	7.07220584491
9400.0	111.0	6.8241207145	4.22427845493
9400.0	177.0	4.32547893302	5.51996250757
9400.0	181.0	8.16373113726	5.67365941859
9400.0	184.0	10.8065415188	7.04738522574
9410.0	111.0	6.82391024939	4.22427845493
9410.0	177.0	4.32632079346	5.50993879598
9410.0	181.0	8.5732962406	5.64144034563
9410.0	184.0	10.3481485101	7.14953162002
9420.0	111.0	6.82369978428	4.22427845493
9420.0	177.0	4.31095684046	5.50516559999
9420.0	181.0	8.98286134393	5.60922127267
9420.0	184.0	9.88954503619	7.25191667409
9430.0	111.0	6.82327885406	4.22427845493
9430.0	177.0	4.29559288746	5.5001537442
9430.0	181.0	9.39242644726	5.5770021997
9430.0	184.0	9.46230086365	7.30298987123
9440.0	111.0	6.82306838895	4.22427845493
9440.0	177.0	4.28022893445	5.4951418884
9440.0	181.0	9.83903340988	5.5834460143
9440.0	184.0	9.06599506223	7.30298987123
9450.0	111.0	6.82264745873	4.22427845493
9450.0	177.0	4.26507544656	5.49013003261
9450.0	181.0	10.3224717667	5.62855271644
9450.0	184.0	8.66989972591	7.30298987123
9460.0	111.0	6.82243699362	4.22427845493
9460.0	177.0	4.24971149356	5.48511817681
9460.0	181.0	10.8059101235	5.67365941859
9460.0	184.0	8.27506718026	7.31038832502
9470.0	111.0	6.8220160634	4.22427845493
9470.0	177.0	4.23434754056	5.48010632102
9470.0	181.0	11.2895589454	5.71876612073
9470.0	184.0	7.89181021563	7.38365688353
9480.0	111.0	6.82180559829	4.22427845493
9480.0	177.0	4.21898358755	5.47533312503
9480.0	181.0	11.7269054432	5.75886096709
9480.0	184.0	7.50876371611	7.45716410185
9490.0	111.0	6.82138466807	4.22427845493
9490.0	177.0	4.20361963455	5.47032126923
9490.0	181.0	12.15267636	5.79776251444
9490.0	184.0	7.12550675148	7.53067132016
9500.0	111.0	6.82117420296	4.22427845493
9500.0	177.0	4.18825568155	5.46530941344
9500.0	181.0	12.5784472768	5.83666406179
9500.0	184.0	6.74309164729	7.58699503289
9510.0	111.0	6.82096373785	4.22427845493
9510.0	177.0	4.17289172855	5.46029755764
9510.0	181.0	13.0042181935	5.87556560915
9510.0	184.0	6.36320212442	7.5753007027
9520.0	111.0	6.82054280763	4.22427845493
9520.0	177.0	4.15752777554	5.45528570185
9520.0	181.0	13.4299891103	5.9130351977
9520.0	184.0	5.98331260154	7.56384503232
9530.0	111.0	6.82033234252	4.22427845493
9530.0	177.0	4.14216382254	5.45027384606
9530.0	181.0	13.855549562	5.94931148726
9530.0	184.0	5.60342307867	7.55215070213
9540.0	111.0	6.81991141231	4.22427845493
9540.0	177.0	4.12679986954	5.44550065006
9540.0	181.0	14.2808995485	5.98558777681
9540.0	184.0	5.22500681156	7.54332028954
9550.0	111.0	6.8197009472	4.22427845493
9550.0	177.0	4.11143591653	5.44048879427
9550.0	181.0	14.7064600002	6.02210272617
9550.0	184.0	4.85921845103	7.56050379512
9560.0	111.0	6.81928001698	4.22427845493
9560.0	177.0	4.09607196353	5.43547693847
9560.0	181.0	15.1320204519	6.05837901573
9560.0	184.0	4.49343009051	7.5774486409
9570.0	111.0	6.85316489963	4.22427845493
9570.0	177.0	4.08091847564	5.43046508268
9570.0	184.0	4.12764172998	7.59439348668
9580.0	111.0	7.19517070277	4.22427845493
9580.0	177.0	4.06555452264	5.42545322689
9580.0	184.0	3.76185336945	7.61157699226
9590.0	111.0	7.58137417893	4.30208154963
9590.0	177.0	4.05019056963	5.42044137109
9590.0	184.0	3.39269756716	7.60847441486
9600.0	111.0	8.0113543979	4.45768773905
9600.0	177.0	4.01756847764	5.42115735049
9600.0	184.0	3.02312083466	7.60322389927
9610.0	111.0	8.46722182534	4.58728001029
9610.0	177.0	3.95905917717	5.42998776308
9610.0	184.0	2.65375456727	7.59797338368
9620.0	111.0	9.0260066914	4.61186196966
9620.0	177.0	3.90054987669	5.43881817567
9620.0	184.0	2.28417783477	7.59248420828
9620.0	187.0	14.9613332479	4.94765630786
9630.0	111.0	9.58479155746	4.63668258883
9630.0	177.0	3.84225104132	5.44764858826
9630.0	184.0	1.94048831075	7.62040740485
9630.0	187.0	14.5263018664	4.98488723661
9640.0	111.0	10.138735726	4.69515423976
9640.0	177.0	3.78374174085	5.45647900085
9640.0	184.0	1.63531390179	7.69797183976
9640.0	187.0	14.0912704848	5.02187950557
9650.0	111.0	10.6811043135	4.8328609442
9650.0	177.0	3.72523244037	5.46530941344
9650.0	184.0	1.33013949283	7.77553627466
9650.0	187.0	13.6564495683	5.05911043433
9660.0	111.0	11.223472901	4.97056764863
9660.0	177.0	3.42952896135	5.46530941344
9660.0	184.0	1.02496508388	7.85310070957
9660.0	187.0	13.2214181867	5.09610270328
9670.0	111.0	11.6808135842	5.22283105693
9670.0	177.0	3.13382548232	5.46530941344
9670.0	184.0	0.767776719914	7.98364762001
9670.0	187.0	12.8730984302	5.00565063919
9680.0	111.0	12.1017438035	5.52425838397
9680.0	177.0	2.83833246841	5.46530941344
9680.0	184.0	0.582356958334	8.19390690356
9680.0	187.0	12.5620309982	4.86030682116
9690.0	111.0	12.6236972753	5.61327848926
9690.0	177.0	2.54262898939	5.46530941344
9690.0	184.0	0.396937196754	8.40416618711
9690.0	187.0	12.2000310097	4.72546403433
9700.0	111.0	13.1709065604	5.64907745922
9700.0	177.0	2.19199411675	5.42545322689
9700.0	184.0	0.211517435174	8.61442547066
9700.0	187.0	11.7614217212	4.60613413447
9710.0	111.0	13.7599984022	5.64478158282
9710.0	177.0	1.82767901199	5.37557332875
9710.0	184.0	0.0260976735936	8.8246847542
9710.0	187.0	11.3230228979	4.48680423461
9720.0	111.0	14.3594030344	5.63022333504
9720.0	177.0	1.46315344212	5.32569343061
9720.0	187.0	10.8545275638	4.44050423347
9730.0	111.0	14.9590181317	5.61566508726
9730.0	177.0	1.09883833735	5.27581353247
9730.0	187.0	10.3860322298	4.39444289212
9740.0	111.0	15.558422764	5.60134549927
9740.0	177.0	0.734523232593	5.22593363433
9740.0	187.0	9.91774736088	4.34814289098
9750.0	177.0	0.369997662722	5.17605373619
9750.0	187.0	9.4829264444	4.34862021058
9760.0	177.0	0.00568255795989	5.12617383805
9760.0	187.0	9.05210436499	4.35434804577
9770.0	187.0	8.62107182048	4.36007588097
9780.0	187.0	8.19003927597	4.36580371616
9790.0	187.0	7.76279510343	4.4101944389
9800.0	187.0	7.33681372155	4.47129134763
9810.0	187.0	6.91104280477	4.53238825636
9820.0	187.0	6.485271888	4.59348516508
9830.0	187.0	6.06560445941	4.63477331044
9840.0	187.0	5.65477656542	4.64622898082
9850.0	187.0	5.24415913654	4.65792331101
9850.0	190.0	0.326852315248	6.53426665635
9860.0	187.0	4.83354170766	4.66961764119
9860.0	190.0	0.77535346386	6.52161768697
9870.0	187.0	4.40924404665	4.6607872286
9870.0	190.0	1.22406507758	6.50920737738
9880.0	187.0	3.9531661541	4.60374753647
9880.0	190.0	1.67256622619	6.496558408
9890.0	187.0	3.49729872665	4.54694650414
9890.0	190.0	2.17452551265	6.49154655221
9900.0	187.0	3.04122083409	4.49014547181
9900.0	190.0	2.71163247242	6.49154655221
9900.0	191.0	15.1446483584	5.10421713647
9900.0	192.0	15.1244437079	5.63237127324
9910.0	187.0	2.58535340664	4.43573103747
9910.0	190.0	3.24894989729	6.49154655221
9910.0	191.0	14.6018588407	5.13548157023
9910.0	192.0	14.5738669811	5.63237127324
9920.0	187.0	2.1318010954	4.40279598511
9920.0	190.0	3.78605685705	6.49154655221
9920.0	191.0	14.059069323	5.1669846638
9920.0	192.0	14.0235007195	5.63237127324
9930.0	187.0	1.67824878415	4.36986093275
9930.0	190.0	4.26002428393	6.43546149927
9930.0	191.0	13.5162798053	5.19848775736
9930.0	192.0	13.4729239927	5.63237127324
9940.0	187.0	1.22469647291	4.33692588039
9940.0	190.0	4.71820682759	6.36529551816
9940.0	191.0	12.9699123807	5.23333208812
9940.0	192.0	12.922557731	5.63237127324
9950.0	187.0	0.771144161668	4.30399082803
9950.0	190.0	5.17617890613	6.29489087724
9950.0	191.0	12.3911333292	5.29967951244
9950.0	192.0	12.3774530971	5.73642694591
9960.0	187.0	0.317591850425	4.27129443547
9960.0	190.0	5.63920214731	6.22758881372
9960.0	191.0	11.8123542777	5.36578827696
9960.0	192.0	11.8325589283	5.84048261859
9970.0	187.0	-0.136170925928	4.23835938311
9970.0	190.0	6.10959166732	6.1643439668
9970.0	191.0	11.2335752263	5.43213570128
9970.0	192.0	11.2874542943	5.94453829126
9980.0	190.0	6.58019165244	6.10133777967
9980.0	191.0	10.6811043135	5.52091714677
9980.0	192.0	10.7507682648	6.05193520113
9990.0	190.0	7.05058117246	6.03809293275
9990.0	191.0	10.1549415394	5.63237127324
9990.0	192.0	10.2887973492	6.19131252417
10000.0	190.0	7.42289395138	5.89131715593
10000.0	191.0	9.62877876537	5.7438253997
10000.0	192.0	9.82703689864	6.3304511874
10010.0	190.0	7.79520673031	5.7443027193
10010.0	191.0	9.12408343249	5.87461096995
10010.0	192.0	9.36506598301	6.46958985063
10020.0	190.0	8.18330439246	5.63022333504
10020.0	191.0	8.64085554079	6.02472798397
10020.0	192.0	8.87384041714	6.60514861687
10030.0	190.0	8.59455321667	5.56506920972
10030.0	191.0	8.15741718398	6.17508365779
10030.0	192.0	8.35314973593	6.73712748611
10040.0	190.0	9.0260066914	5.51996250757
10040.0	191.0	7.66619161811	6.24095376251
10040.0	192.0	7.83266951982	6.86910635535
10050.0	190.0	9.53701597757	5.55385219913
10050.0	191.0	7.17286140115	6.28558314505
10050.0	192.0	7.31197883861	7.00084656479
10060.0	190.0	10.0436054964	5.58750323089
10060.0	191.0	6.67953118419	6.3304511874
10060.0	192.0	6.80917769171	7.05526099913
10070.0	190.0	10.5083124585	5.61733570586
10070.0	191.0	6.19251492051	6.35169190957
10070.0	192.0	6.31395328877	7.0762630615
10080.0	190.0	10.9732298857	5.64716818082
10080.0	191.0	5.70928702881	6.35694242517
10080.0	192.0	5.81872888582	7.09726512388
10090.0	190.0	11.503812427	5.57270632331
10090.0	191.0	5.22626960222	6.36243160056
10090.0	192.0	5.32876611061	7.0772177007
10100.0	190.0	12.0630182233	5.45337642345
10100.0	191.0	4.74304171052	6.36792077595
10100.0	192.0	4.85101031176	6.96122903804
10110.0	190.0	12.6220135545	5.3340465236
10110.0	191.0	4.24739637735	6.35813572417
10110.0	192.0	4.3730440478	6.84500171558
10120.0	190.0	13.1620670258	5.28297332646
10120.0	191.0	3.70123941787	6.28701510385
10120.0	192.0	3.89528824895	6.72901305292
10130.0	190.0	13.6831786372	5.29991817224
10130.0	191.0	3.15529292351	6.21613314334
10130.0	192.0	3.37943826526	6.65383521601
10140.0	190.0	14.2042902486	5.31710167782
10140.0	191.0	2.60913596403	6.14525118282
10140.0	192.0	2.83833246841	6.60610325607
10150.0	190.0	14.7256123252	5.3340465236
10150.0	191.0	2.08549877128	6.08677953189
10150.0	192.0	2.29701620645	6.55837129613
10160.0	190.0	15.2467239366	5.35099136938
10160.0	191.0	1.58396041504	6.04119551015
10160.0	192.0	1.75843599092	6.50968469698
10170.0	191.0	1.0824220588	5.9953728286
10170.0	192.0	1.24174414679	6.45169036565
10170.0	200.0	0.107968601238	8.31657804061
10180.0	191.0	0.580883702566	5.94978880686
10180.0	192.0	0.72505230266	6.39393469412
10180.0	200.0	0.515008123254	8.14140174762
10190.0	191.0	0.0793453463288	5.90396612531
10190.0	192.0	0.208570923639	6.33594036279
10190.0	200.0	0.92183718016	7.96646411443
10200.0	200.0	1.32866623707	7.79152648124
10210.0	200.0	1.79568831533	7.71324606694
10210.0	201.0	-0.0294651153476	1.12647425465
10220.0	200.0	2.27786388148	7.659547612
10220.0	201.0	0.0688220908475	1.90617582031
10230.0	200.0	2.75982898252	7.60561049727
10230.0	201.0	0.166898831933	2.68563872618
10240.0	200.0	3.28830687279	7.59439348668
10240.0	201.0	0.265186038128	3.46534029184
10240.0	202.0	0.235510457671	8.49103835421
10250.0	200.0	3.83677894847	7.60179194047
10250.0	201.0	0.36557789542	4.14480474162
10250.0	202.0	0.570570912195	8.22588731672
10260.0	200.0	4.38525102416	7.60895173446
10260.0	201.0	0.467022078259	4.78107176766
10260.0	202.0	0.905841831828	7.96073627924
10270.0	200.0	4.91814868173	7.56408369212
10270.0	201.0	0.568255795989	5.4175774535
10270.0	202.0	1.29751740084	7.76646720228
10280.0	200.0	5.42726378191	7.44069657567
10280.0	201.0	0.689483699133	5.98176922002
10280.0	202.0	1.74559761923	7.64331874562
10290.0	200.0	5.9363788821	7.31754811901
10290.0	201.0	0.810711602278	6.54572232674
10290.0	202.0	2.19367783763	7.52017028897
10300.0	200.0	6.42718351774	7.20752595135
10300.0	201.0	0.931729040312	7.10991409326
10300.0	202.0	2.65459642771	7.4118187399
10310.0	200.0	6.87526373614	7.12805223804
10310.0	201.0	0.937411598272	7.56456101172
10310.0	202.0	3.13487780787	7.3261398718
10320.0	200.0	7.32313348942	7.04833986494
10320.0	201.0	0.89363485547	7.97219194963
10320.0	202.0	3.61515918804	7.24046100371
10330.0	200.0	7.7710032427	6.96886615163
10330.0	201.0	0.797031370152	8.3323295874
10330.0	202.0	4.0954405682	7.15478213561
10340.0	200.0	8.21276950781	6.86433315936
10340.0	201.0	0.577937191032	8.5807744389
10340.0	202.0	4.59992543598	7.04523728754
10350.0	200.0	8.64506484298	6.72256923833
10350.0	201.0	0.358632546802	8.8294579502
10350.0	202.0	5.12861379135	6.9113491399
10360.0	200.0	9.07736017815	6.5805666575
10360.0	201.0	0.147325576738	8.98554145921
10360.0	202.0	5.65730214673	6.77746099226
10370.0	200.0	9.50965551332	6.43856407667
10370.0	201.0	-0.0631395328877	9.13136259684
10370.0	202.0	6.18620096722	6.64357284462
10380.0	200.0	9.9815182891	6.29369757824
10380.0	202.0	6.721413741	6.54834758454
10390.0	200.0	10.4702182737	6.14739912102
10390.0	202.0	7.26651837493	6.51183263518
10400.0	200.0	10.9591287233	6.00110066379
10400.0	202.0	7.81141254375	6.47507902603
10410.0	200.0	11.4358321966	5.92305890929
10410.0	202.0	8.35651717768	6.43832541687
10420.0	200.0	11.9047484609	5.89060117653
10420.0	202.0	8.8948869281	6.4108795399
10430.0	200.0	12.3812414691	5.85575684577
10430.0	202.0	9.42631132991	6.39298005492
10440.0	200.0	12.8695205234	5.81757127782
10440.0	202.0	9.95773573171	6.37508056995
10450.0	200.0	13.3577995777	5.77938570986
10450.0	202.0	10.4891601335	6.35718108497
10460.0	200.0	13.8222960747	5.68010323318
10460.0	202.0	11.0060624428	6.31374500142
10470.0	200.0	14.2840565252	5.57413828211
10470.0	202.0	11.5084426594	6.2445336595
10480.0	200.0	14.7460274408	5.46793467123
10480.0	202.0	12.0108228761	6.17508365779
10490.0	200.0	15.2077878913	5.36196972016
10490.0	202.0	12.534670534	6.05169654133
10500.0	202.0	13.0909298187	5.84716509298
10510.0	202.0	13.6288786389	5.75432643089
10520.0	202.0	14.166616994	5.6614877688
