200.0	11.0	0.473546496657	7.30298987123
210.0	11.0	0.999709270721	7.06433007152
220.0	11.0	1.56249297386	6.88294862374
230.0	11.0	2.21072551151	6.83521666379
240.0	11.0	2.85895804915	6.78748470385
250.0	11.0	3.53897081835	6.63116253504
260.0	11.0	4.22719172683	6.44739448926
270.0	11.0	4.91520217019	6.25479603089
280.0	11.0	5.60321261356	6.02520530357
290.0	11.0	6.29122305693	5.79585323604
300.0	11.0	6.97902303518	5.55600013733
310.0	11.0	7.66661254833	5.30946456423
320.0	11.0	8.35399159637	5.06269033132
330.0	11.0	9.06915203887	4.92951816308
340.0	11.0	9.80262294592	4.87152383175
350.0	11.0	10.536093853	4.81376816022
360.0	11.0	11.2626194114	4.7462274369
370.0	11.0	11.9729391564	4.65673001201
380.0	11.0	12.6832589014	4.56723258712
390.0	11.0	13.3921053906	4.48036042002
400.0	11.0	14.0881135081	4.4161609339
410.0	11.0	14.7843320908	4.35196144777
420.0	11.0	15.4805506734	4.28752330185
610.0	19.0	0.270868596088	8.29939453504
620.0	19.0	0.349793012198	8.09653370528
630.0	19.0	0.428717428307	7.89367287552
640.0	19.0	0.507641844417	7.69081204577
650.0	19.0	0.681065094748	7.48818987581
660.0	19.0	0.948987179302	7.28556770585
670.0	19.0	1.21690926385	7.0831841957
680.0	19.0	1.51345460332	6.9087238821
690.0	19.0	1.92533482285	6.84643367438
700.0	19.0	2.33700457728	6.78414346665
710.0	19.0	2.6697499156	6.79440583804
720.0	19.0	2.9934452542	6.81278264262
730.0	19.0	3.30430222112	6.81182800342
740.0	19.0	3.58485221225	6.76528934248
750.0	19.0	3.86561266849	6.71898934133
760.0	19.0	4.14616265962	6.67245068039
770.0	19.0	4.46606962625	6.663381608
780.0	19.0	4.80281380165	6.67030274219
790.0	19.0	5.13955797706	6.67698521658
800.0	19.0	5.46262192033	6.68915686637
810.0	19.0	5.73117540021	6.72209191873
820.0	19.0	5.99972888009	6.75478831129
830.0	19.0	6.2600742207	6.76457336308
840.0	19.0	6.50189863166	6.72042130013
850.0	19.0	6.74351257751	6.67626923718
860.0	19.0	7.01206605739	6.61875222545
860.0	21.0	13.9965611854	10.9373013013
870.0	19.0	7.29850907159	6.55264346093
870.0	21.0	13.945839094	10.476449228
880.0	19.0	7.58495208579	6.48629603661
880.0	21.0	13.8951170026	10.0155971548
890.0	19.0	7.87139509999	6.41994861229
890.0	21.0	13.7949356104	9.60032910327
900.0	19.0	8.2300276468	6.40228778711
900.0	21.0	13.6455053826	9.23064507352
910.0	19.0	8.58844972849	6.38462696193
910.0	21.0	13.4962856198	8.86119970356
920.0	19.0	8.92708808988	6.34906665178
920.0	21.0	13.3224414393	8.50655124119
930.0	19.0	9.21900319693	6.27221819627
930.0	21.0	13.1119763297	8.17409814019
940.0	19.0	9.51091830398	6.19513108096
940.0	21.0	12.90151122	7.84164503918
950.0	19.0	9.81651364315	6.10730427467
950.0	21.0	12.6834693665	7.48747389641
960.0	19.0	10.1764089806	5.97651870442
960.0	21.0	12.4601658852	7.11850584605
970.0	19.0	10.536093853	5.84573313418
970.0	21.0	12.2368624038	6.7497764555
980.0	19.0	10.8991461671	5.70635581115
980.0	21.0	11.9514717152	6.4166073751
990.0	19.0	11.2910322012	5.49251663061
990.0	21.0	11.5204391707	6.166491905
1000.0	19.0	11.6829182353	5.27843879026
1000.0	21.0	11.0567845342	5.93952643547
1010.0	19.0	12.0834333389	5.0820217751
1010.0	21.0	10.4620101344	5.80468364863
1020.0	19.0	12.517412395	4.95505476165
1020.0	21.0	9.86723573457	5.66984086179
1030.0	19.0	12.9516019161	4.828326408
1030.0	21.0	9.27730203229	5.58463931329
1040.0	19.0	13.3855809722	4.70159805435
1040.0	21.0	8.68799972534	5.50516559999
1050.0	19.0	13.8576542131	4.68226661058
1050.0	21.0	8.09869741839	5.42545322689
1060.0	19.0	14.329727454	4.6629351668
1060.0	21.0	7.5129730183	5.3302279668
1070.0	19.0	14.80201116	4.64360372302
1070.0	21.0	6.92766954843	5.23333208812
1080.0	19.0	15.2740844009	4.62427227925
1080.0	21.0	6.34215561346	5.13643620943
1090.0	21.0	5.74106726037	5.07486198111
1100.0	21.0	5.13303355866	5.02832332016
1110.0	21.0	4.52499985695	4.98202331902
1120.0	21.0	3.91738708546	4.94097383347
1130.0	21.0	3.31314175573	4.94861094706
1140.0	21.0	2.70889642599	4.95648672045
1150.0	21.0	2.10465109626	4.96412383404
1160.0	21.0	1.57238483401	5.04144960915
1170.0	21.0	1.03990810666	5.11853672445
1180.0	21.0	0.507641844417	5.19586249956
1660.0	33.0	-0.0164162785508	4.84216867639
1670.0	33.0	0.459024404093	4.85099908898
1680.0	33.0	0.934675551847	4.85982950156
1690.0	33.0	1.41011623449	4.86865991415
1700.0	33.0	1.89860575393	4.90278826551
1710.0	33.0	2.38730573848	4.93691661687
1720.0	33.0	2.86590339777	4.9972975462
1730.0	33.0	3.30514408156	5.1634047668
1740.0	33.0	3.74438476535	5.3292733276
1750.0	33.0	4.19877893703	5.4175774535
1760.0	33.0	4.65485682959	5.4970511668
1770.0	33.0	4.97055449403	5.57175168411
1780.0	33.0	5.14587193034	5.64120168583
1790.0	33.0	5.30477308811	5.70444653275
1800.0	33.0	5.31592773892	5.71017436794
1810.0	33.0	5.32687192462	5.71566354334
1820.0	33.0	5.33781611032	5.72115271873
1830.0	33.0	5.34897076113	5.72664189412
1840.0	33.0	5.35991494683	5.73236972932
1850.0	33.0	5.37085913253	5.73785890471
1860.0	33.0	5.38201378334	5.7433480801
1870.0	33.0	5.39295796904	5.7488372555
1880.0	33.0	5.40390215475	5.75456509069
1890.0	33.0	5.41484634045	5.76005426608
1900.0	33.0	5.42600099126	5.76554344148
1910.0	33.0	5.43694517696	5.77103261687
1920.0	33.0	5.44788936266	5.77676045206
1930.0	33.0	5.45904401347	5.78224962746
1940.0	33.0	5.46998819917	5.78773880285
1950.0	33.0	5.48093238487	5.79322797824
1960.0	33.0	5.49208703568	5.79895581344
1970.0	33.0	5.72191493539	5.79036406065
1980.0	33.0	5.97636725293	5.78057900886
1990.0	33.0	6.30974398657	5.71828880113
2000.0	33.0	6.72225560144	5.60373209727
2010.0	33.0	7.13476721631	5.48917539341
2020.0	33.0	7.58053231849	5.45409240285
2030.0	33.0	8.02608695557	5.41900941229
2040.0	33.0	8.47185205776	5.38392642174
2050.0	33.0	8.91467064841	5.34263827639
2060.0	33.0	9.35559505307	5.29705425464
2070.0	33.0	9.79672992285	5.25170889269
2080.0	33.0	10.2376543275	5.20612487095
2090.0	33.0	10.670581058	5.14383466322
2100.0	33.0	11.0915112773	5.05648517653
2110.0	33.0	11.5124414965	4.96889703003
2120.0	33.0	11.9617845056	4.89873104892
2130.0	33.0	12.454062397	4.85481764577
2140.0	33.0	12.9461298233	4.81066558282
2150.0	33.0	13.4384077147	4.76651351988
2160.0	33.0	13.930475141	4.72260011673
2170.0	33.0	14.4227530324	4.67844805378
2180.0	33.0	14.9148204587	4.63429599084
2870.0	40.0	15.0358378968	3.83574030099
2880.0	40.0	14.5279855872	3.90161040572
2880.0	41.0	15.0236309204	4.25530422889
2890.0	40.0	14.0199228126	3.96748051044
2890.0	41.0	14.567763493	4.3269021688
2900.0	40.0	13.511860038	4.03335061516
2900.0	41.0	14.1116856004	4.39850010872
2910.0	40.0	13.0526251688	4.09850474048
2910.0	41.0	13.6532925916	4.47272330643
2920.0	40.0	12.5933902996	4.163420206
2920.0	41.0	13.1732216766	4.56961918511
2930.0	40.0	12.1343658955	4.22857433132
2930.0	41.0	12.6929402964	4.6665150638
2940.0	40.0	11.6340903299	4.27964752846
2940.0	41.0	12.2128693814	4.76341094248
2950.0	40.0	11.1165566253	4.32499289041
2950.0	41.0	11.7765752091	4.8321449648
2960.0	40.0	10.5988124556	4.37009959255
2960.0	41.0	11.3451217344	4.89777640972
2970.0	40.0	10.0812787511	4.4152062947
2970.0	41.0	10.9136682596	4.96340785464
2980.0	40.0	9.6294101607	4.499453204
2980.0	41.0	10.4822147849	5.02903929956
2990.0	40.0	9.17754157033	4.5837001133
2990.0	41.0	10.0448682871	5.00660527839
3000.0	40.0	8.72567297996	4.6679470226
3000.0	41.0	9.60689039397	4.97438620543
3010.0	40.0	8.26706950609	4.7481367153
3010.0	41.0	9.16891250084	4.94216713247
3020.0	40.0	7.80404626491	4.82570115021
3020.0	41.0	8.73787995632	4.92999548268
3030.0	40.0	7.34102302374	4.90326558511
3030.0	41.0	8.3350497365	4.9982521854
3040.0	40.0	6.87799978256	4.98083002002
3040.0	41.0	7.93221951668	5.06650888812
3050.0	40.0	6.44023235454	5.02736868096
3050.0	41.0	7.52917883174	5.13452693104
3060.0	40.0	6.01930213529	5.05314393933
3060.0	41.0	7.10951140315	5.18369084978
3070.0	40.0	5.59837191604	5.0789191977
3070.0	41.0	6.68247769572	5.22450167553
3080.0	40.0	5.17744169679	5.10469445607
3080.0	41.0	6.2556544534	5.26555116108
3090.0	40.0	4.77334868631	5.17414445779
3090.0	41.0	5.82988353663	5.31304446122
3100.0	40.0	4.37114986181	5.2483676555
3100.0	41.0	5.40895331738	5.38631301973
3110.0	40.0	3.96895103732	5.32259085321
3110.0	41.0	4.98802309813	5.45982023804
3120.0	40.0	3.56675221282	5.39681405092
3120.0	41.0	4.56709287887	5.53332745636
3130.0	40.0	3.18012780644	5.4963351874
3130.0	41.0	4.15942196153	5.60922127267
3140.0	40.0	2.81707549234	5.63356457224
3140.0	41.0	3.78289988041	5.69084292417
3150.0	40.0	2.45402317823	5.77079395707
3150.0	41.0	3.40616733418	5.77246457567
3160.0	40.0	2.09097086413	5.90802334191
3160.0	41.0	3.02964525306	5.85408622717
3170.0	40.0	1.71444878301	6.07222128411
3170.0	41.0	2.66680340407	5.94525427066
3180.0	40.0	1.31751158626	6.27675273246
3180.0	41.0	2.31785225231	6.04573004634
3190.0	40.0	0.920574389502	6.48128418082
3190.0	41.0	1.96890110055	6.14620582202
3200.0	40.0	0.523847657858	6.68581562917
3200.0	41.0	1.61994994879	6.2466815977
3210.0	40.0	0.2864430142	6.92113419169
3210.0	41.0	1.27962786652	6.39369603432
3220.0	40.0	0.0667174397513	7.1597939914
3220.0	41.0	0.942883691122	6.56075789412
3230.0	41.0	0.606139515722	6.72781975392
3240.0	41.0	0.269395340321	6.89488161372
3370.0	53.0	0.272762782075	6.79416717824
3380.0	53.0	0.761041836406	6.68915686637
3390.0	53.0	1.24932089074	6.58414655449
3400.0	53.0	1.79379412934	6.55574603833
3410.0	53.0	2.35236853028	6.54667696594
3420.0	53.0	2.90231386174	6.53307335736
3430.0	53.0	3.41837431054	6.50228624319
3440.0	53.0	3.93443475934	6.47149912903
3450.0	53.0	4.45407311501	6.42257387009
3460.0	53.0	5.00759635332	6.21040530814
3470.0	53.0	5.56090912653	5.9982367462
3480.0	53.0	6.12579748076	5.80086509184
3490.0	53.0	6.70773350888	5.62545013905
3500.0	53.0	7.28945907188	5.44979652646
3510.0	53.0	7.87139509999	5.27438157367
3520.0	53.0	8.45017415146	5.19228260257
3530.0	53.0	9.02895320294	5.11018363146
3540.0	53.0	9.60773225441	5.02832332016
3550.0	53.0	10.1827229339	4.86150012016
3560.0	53.0	10.7566612879	4.67343619799
3570.0	53.0	11.3305996418	4.48537227581
3580.0	53.0	11.8971717169	4.29253515765
3590.0	53.0	12.455956583	4.09516350328
3600.0	53.0	13.014741449	3.89755318912
3610.0	53.0	13.6471891034	3.68228204978
3620.0	53.0	14.3286751284	3.45483926065
3630.0	53.0	14.9061913892	3.29636915364
3630.0	58.0	14.8569425536	4.7459887771
3640.0	58.0	14.4743169843	4.93047280228
3650.0	58.0	14.0422321142	5.11113827066
3660.0	58.0	13.4950228292	5.28297332646
3670.0	58.0	12.9478135442	5.45480838225
3680.0	58.0	12.4414344904	5.55051096194
3690.0	58.0	11.945368227	5.62735941744
3700.0	58.0	11.4493019636	5.70396921315
3710.0	58.0	11.0428938369	5.78630684405
3720.0	58.0	10.6364857103	5.86864447495
3730.0	58.0	10.2351287462	5.95575530185
3740.0	58.0	9.87944271093	6.08749551129
3750.0	58.0	9.52396714077	6.21923572073
3760.0	58.0	9.15249622229	6.35216922917
3770.0	58.0	8.71809623602	6.49083057281
3780.0	58.0	8.28348578464	6.62925325664
3790.0	58.0	7.84045672888	6.75574295049
3800.0	58.0	7.32144976854	6.77149449727
3810.0	58.0	6.8022323431	6.78748470385
3820.0	58.0	6.28301491765	6.80108831243
3830.0	58.0	5.76400795731	6.79297387924
3840.0	58.0	5.24479053187	6.78509810585
3850.0	58.0	4.72873008307	6.78032490986
3860.0	58.0	4.24108242406	6.80347491043
3870.0	58.0	3.75343476506	6.8268635708
3880.0	58.0	3.26578710606	6.85001357138
3890.0	58.0	2.77813944706	6.87340223175
3900.0	58.0	2.2761801606	6.75860686809
3910.0	58.0	1.77443133925	6.64381150442
3920.0	58.0	1.2724720528	6.52925480056
3930.0	58.0	0.770723231449	6.4144594369
3940.0	58.0	0.268763944992	6.29966407324
4010.0	65.0	12.6228554149	12.3427688618
4020.0	65.0	12.7099879703	12.0110317402
4030.0	65.0	12.7973309908	11.6792946186
4040.0	65.0	12.8846740113	11.3473188372
4050.0	65.0	12.9718065667	11.0155817156
4060.0	65.0	13.0042181935	10.7339631519
4070.0	65.0	12.9997984262	10.4855183004
4080.0	65.0	12.995589124	10.2370734489
4090.0	65.0	12.9913798219	9.98862859741
4100.0	65.0	12.9869600546	9.74018374591
4110.0	65.0	12.987801915	9.48648837881
4120.0	65.0	12.9909588916	9.23016775392
4130.0	65.0	12.9941158683	8.97384712903
4140.0	65.0	12.9970623798	8.71776516393
4150.0	65.0	13.0002193565	8.46144453904
4160.0	65.0	13.0033763331	8.20536257395
4170.0	65.0	13.0065333097	7.94904194906
4180.0	65.0	12.9492867999	7.663127509
4190.0	65.0	12.8855158717	7.37387183175
4200.0	65.0	12.8217449435	7.08461615449
4210.0	65.0	12.6973600637	6.8256702718
4220.0	65.0	12.532776348	6.58701047209
4230.0	65.0	12.3300984474	6.37985376594
4240.0	65.0	12.0392356659	6.2466815977
4250.0	65.0	11.7483728844	6.11327076966
4260.0	65.0	11.4572996378	5.97985994162
4270.0	65.0	11.0955101143	5.97818932302
4280.0	65.0	10.7257229167	5.99107695221
4290.0	65.0	10.3559357191	6.00396458139
4300.0	65.0	9.98846363772	6.02973983976
4310.0	65.0	9.63025202114	6.10706561487
4320.0	65.0	9.27182993944	6.18463004977
4330.0	65.0	8.91340785775	6.26195582488
4340.0	65.0	8.54698810189	6.34357747638
4350.0	65.0	8.17236020676	6.42949500428
4360.0	65.0	7.79773231163	6.51541253218
4360.0	69.0	0.638340677494	2.78444388326
4370.0	65.0	7.42310441649	6.60133006007
4370.0	69.0	1.41011623449	2.81618563662
4380.0	65.0	7.04847652136	6.68724758797
4380.0	69.0	2.18189179149	2.84792738998
4390.0	65.0	6.6645881614	6.75526563089
4390.0	69.0	2.92378130292	2.88682893733
4400.0	65.0	6.27122887151	6.80562284863
4400.0	69.0	3.636205699	2.93265161888
4410.0	65.0	5.87808004673	6.85574140657
4410.0	69.0	4.34863009508	2.97871296022
4420.0	65.0	5.48493122195	6.90609862431
4420.0	69.0	5.07683937439	2.98324749642
4430.0	65.0	5.10904053616	6.94905738826
4430.0	69.0	5.80694283968	2.98324749642
4440.0	65.0	4.74072659432	6.98867491501
4440.0	69.0	6.53683583986	2.98324749642
4450.0	65.0	4.37241265247	7.02853110156
4450.0	69.0	7.31092651306	2.9999536824
4460.0	65.0	4.00409871063	7.06838728811
4460.0	69.0	8.10353811591	3.02381966237
4460.0	70.0	5.12671960537	4.55148104034
4470.0	65.0	3.63578476878	7.10800481487
4470.0	69.0	8.89636018387	3.04768564234
4470.0	70.0	5.57227424245	4.53740011215
4480.0	65.0	3.25463245525	7.0827068761
4480.0	69.0	9.71359620455	3.06606244692
4480.0	70.0	6.01803934463	4.52331918397
4490.0	65.0	2.87179642084	7.05024914334
4490.0	69.0	10.5415659458	3.0818139937
4490.0	70.0	6.46022653996	4.51138619398
4500.0	65.0	2.48917085154	7.01779141057
4500.0	69.0	11.369325222	3.09780420028
4500.0	70.0	6.86979164329	4.51783000858
4510.0	65.0	2.10654528224	6.98509501801
4510.0	69.0	12.1859298473	3.11856760286
4510.0	70.0	7.27914628151	4.52427382317
4520.0	65.0	1.75338482829	7.01254089498
4520.0	69.0	12.9976937751	3.14124028383
4520.0	70.0	7.68871138484	4.53071763776
4530.0	65.0	1.42947902458	7.09965172188
4530.0	69.0	13.809457703	3.1639129648
4530.0	70.0	8.08459625605	4.54646918454
4530.0	71.0	0.170055808577	5.57366096251
4540.0	65.0	1.10578368597	7.18676254877
4540.0	69.0	14.6212216308	3.18658564577
4540.0	70.0	8.45943461629	4.57630165951
4540.0	71.0	0.608665097037	5.22569497453
4550.0	65.0	0.781877882259	7.27411203547
4550.0	69.0	15.4331960237	3.20949698655
4550.0	70.0	8.83427297653	4.60613413447
4550.0	71.0	1.04706392039	4.87749032674
4560.0	65.0	0.458182543655	7.36122286236
4560.0	70.0	9.19037994202	4.64455836222
4560.0	71.0	1.47872786023	4.55052640114
4570.0	65.0	0.134276739941	7.44857234906
4570.0	70.0	9.47092993315	4.71758826094
4570.0	71.0	1.90744528854	4.23215422832
4580.0	70.0	9.75147992428	4.79037949985
4580.0	71.0	2.33616271684	3.9140207153
4590.0	70.0	10.0322403805	4.86340939856
4590.0	71.0	2.70300340292	3.63455008984
4600.0	70.0	10.2940589769	4.94025785407
4600.0	71.0	3.069844089	3.35484080457
4610.0	70.0	10.5434601318	5.01973156737
4610.0	71.0	3.43668477508	3.07537017911
4620.0	70.0	10.7928612867	5.09944394048
4620.0	71.0	3.80331499604	2.79566089384
4630.0	70.0	11.0471031391	5.18655476737
4640.0	70.0	11.3019763869	5.27438157367
4650.0	70.0	11.5749496341	5.42282796909
4660.0	70.0	11.8481333464	5.57103570471
4670.0	70.0	12.1211065936	5.71948210013
4680.0	70.0	12.3671403067	5.87413365035
4690.0	70.0	12.5498240219	6.04382076794
4700.0	70.0	12.732507737	6.21326922574
4710.0	70.0	12.9154019173	6.38295634334
4720.0	70.0	13.1403891195	6.50634345979
4730.0	70.0	13.4076798087	6.5836692349
4740.0	70.0	13.675180963	6.6612336698
4750.0	70.0	13.9424716523	6.73855944491
4750.0	73.0	14.7205611625	4.65171815621
4760.0	70.0	14.2409111777	6.88127800514
4760.0	73.0	14.1074762982	4.59992897968
4770.0	70.0	14.5469274471	7.04046409155
4770.0	73.0	13.5091239915	4.54098000915
4780.0	70.0	14.8531541816	7.19965017796
4780.0	73.0	12.9688600551	4.45339186265
4790.0	70.0	15.159170451	7.35859760456
4790.0	73.0	12.4285961187	4.36580371616
4800.0	73.0	11.882018229	4.32117433361
4810.0	73.0	11.3089217355	4.44694804806
4820.0	73.0	10.7360357071	4.57296042231
4820.0	75.0	15.2713483544	4.35315474677
4830.0	73.0	10.1631496787	4.69897279656
4830.0	75.0	14.5557669817	4.44861866666
4840.0	73.0	9.59931365002	4.70995114734
4840.0	75.0	13.840185609	4.54408258654
4850.0	73.0	9.04158110951	4.64431970242
4850.0	75.0	13.1302867942	4.64360372302
4860.0	73.0	8.48384856901	4.5786882575
4860.0	75.0	12.4706891406	4.77868516966
4870.0	73.0	7.9261160285	4.51305681258
4870.0	75.0	11.8113019522	4.9140052761
4880.0	73.0	7.38732534786	4.4111490781
4880.0	75.0	11.1552822055	5.04693878454
4890.0	73.0	6.86116257379	4.28537536365
4890.0	75.0	10.530411295	5.15887023061
4900.0	73.0	6.33499979973	4.15936298941
4900.0	75.0	9.90575084964	5.27056301687
4910.0	73.0	5.80883702566	4.03335061516
4910.0	75.0	9.28087993916	5.38249446294
4920.0	73.0	5.25489285713	3.98299339742
4920.0	75.0	8.68252763249	5.498005806
4930.0	73.0	4.70115915371	3.93287483948
4930.0	75.0	8.08733230247	5.61399446866
4940.0	73.0	4.14721498517	3.88251762174
4940.0	75.0	7.49192650734	5.72998313132
4950.0	73.0	3.59811151416	3.8281031874
4950.0	75.0	6.89483699133	5.83738004119
4960.0	73.0	3.06710804257	3.75698256709
4960.0	75.0	6.29522189401	5.93212798168
4970.0	73.0	2.5363150361	3.68562328697
4970.0	75.0	5.69560679669	6.02687592216
4980.0	73.0	2.00531156451	3.61450266666
4980.0	75.0	5.09578123425	6.12186252245
4990.0	73.0	1.47451855804	3.54314338655
4990.0	75.0	4.49616613693	6.21661046294
5000.0	73.0	0.943725551561	3.47202276623
5000.0	75.0	3.89655103961	6.31135840342
5000.0	76.0	15.0240518506	3.88943875593
5010.0	73.0	0.412722079976	3.40066348612
5010.0	75.0	3.29672547717	6.40610634391
5010.0	76.0	14.6340600025	3.89635989012
5020.0	73.0	-0.1180709265	3.3295428658
5020.0	75.0	2.70300340292	6.51278727438
5020.0	76.0	14.2440681543	3.90351968411
5030.0	75.0	2.16168714096	6.72400119713
5030.0	76.0	13.8540763062	3.9104408183
5040.0	75.0	1.62058134412	6.93545377967
5040.0	76.0	13.6000449189	3.90280370471
5050.0	75.0	1.07947554727	7.14690636222
5050.0	76.0	13.4815530622	3.88036968354
5060.0	75.0	0.694534861764	7.4163532761
5060.0	76.0	13.3632716706	3.85817432217
5060.0	79.0	0.182683715155	3.93024958168
5070.0	75.0	0.413984870633	7.72470173733
5070.0	76.0	13.2361507443	3.84242277539
5070.0	79.0	0.671173234596	4.00685937739
5080.0	75.0	0.133224414393	8.03281153876
5080.0	76.0	13.0888251676	3.84242277539
5080.0	79.0	1.15987321915	4.0837078329
5090.0	76.0	12.9414995909	3.84242277539
5090.0	79.0	1.64268018063	4.15029391702
5100.0	76.0	12.7941740141	3.84242277539
5100.0	79.0	2.07413365536	4.12642793705
5110.0	76.0	12.6291693682	3.84385473418
5110.0	79.0	2.50558713009	4.10256195707
5120.0	76.0	12.4231240259	3.84886658998
5120.0	79.0	2.93704060482	4.0786959771
5130.0	76.0	12.2168682184	3.85363978597
5130.0	79.0	3.37186152131	4.05005680114
5140.0	76.0	12.010612411	3.85841298197
5140.0	79.0	3.83677894847	3.97774288182
5150.0	76.0	11.8045670687	3.86342483776
5150.0	79.0	4.30190684075	3.90566762231
5160.0	76.0	11.5524298673	3.88776813733
5160.0	79.0	4.76682426791	3.8335923628
5170.0	76.0	11.2314705752	3.94146659227
5170.0	79.0	5.23174169507	3.76127844348
5180.0	76.0	10.910511283	3.9951650472
5180.0	79.0	5.69244982004	3.69158978197
5190.0	76.0	10.5895519908	4.04886350214
5190.0	79.0	6.15231608457	3.62261709985
5200.0	76.0	10.2734333962	4.10136865808
5200.0	79.0	6.611971884	3.55340575793
5210.0	76.0	9.96447061522	4.15220319541
5210.0	79.0	7.07162768342	3.48443307582
5220.0	76.0	9.65550783429	4.20303773275
5220.0	79.0	7.54517418008	3.47846658082
5230.0	76.0	9.34654505336	4.25363361029
5230.0	79.0	8.01872067673	3.47250008583
5240.0	76.0	9.03737180732	4.30446814763
5240.0	79.0	8.49226717339	3.46653359084
5250.0	76.0	8.7768160016	4.37797536594
5250.0	79.0	8.96581367005	3.46056709585
5260.0	76.0	8.53709624174	4.46126763604
5260.0	79.0	9.41915551618	3.47894390042
5270.0	76.0	8.29716601677	4.54455990614
5270.0	79.0	9.87249736231	3.497320705
5280.0	76.0	8.0574462569	4.62785217624
5280.0	79.0	10.3258392084	3.51569750958
5290.0	76.0	7.83477417092	4.69849547696
5290.0	79.0	10.7804438452	3.54600730414
5290.0	86.0	0.414195335743	3.61235472846
5300.0	76.0	7.63798929342	4.7502846535
5300.0	79.0	11.2480973188	3.68395266838
5300.0	86.0	0.947934853753	3.62929957424
5310.0	76.0	7.44141488103	4.80231248983
5310.0	79.0	11.7159612575	3.82165937281
5310.0	86.0	1.48146390665	3.64648307982
5320.0	76.0	7.24463000353	4.85410166637
5320.0	79.0	12.1836147311	3.95960473705
5320.0	86.0	1.95732551952	3.61569596566
5320.0	89.0	14.9202925516	6.82376099341
5330.0	76.0	7.04784512603	4.90612950271
5330.0	79.0	12.6512682047	4.09755010128
5330.0	86.0	2.40835224944	3.56462276852
5330.0	89.0	14.3852902429	6.69440738196
5340.0	76.0	6.81864862165	4.98536455621
5340.0	79.0	13.0477844712	4.2438485585
5340.0	86.0	2.85937897937	3.51331091158
5340.0	89.0	13.8502879342	6.56505377052
5350.0	76.0	6.58124397799	5.07175940371
5350.0	79.0	13.3971565532	4.39563619112
5350.0	86.0	3.32913710406	3.46915884863
5350.0	89.0	13.2765600454	6.40037850872
5360.0	76.0	6.34404979944	5.15815425121
5360.0	79.0	13.7463181701	4.54766248354
5360.0	86.0	3.80121034495	3.42596142489
5360.0	89.0	12.6929402964	6.22687283432
5370.0	76.0	6.10664515578	5.2443104389
5370.0	79.0	14.095479787	4.69945011616
5370.0	86.0	4.27307312073	3.38252534134
5370.0	89.0	12.1156345007	6.09322334648
5370.0	91.0	15.0499390591	4.22976763032
5380.0	76.0	5.86587307037	5.3302279668
5380.0	79.0	14.4442204736	4.8280877482
5380.0	86.0	4.69189868888	3.30376760743
5380.0	89.0	11.542117077	5.98630375621
5380.0	91.0	14.623536747	4.29086453905
5390.0	76.0	5.59479400918	5.4111336389
5390.0	79.0	14.7914879045	4.86388671816
5390.0	86.0	5.07515565351	3.20138255336
5390.0	89.0	10.9688101184	5.87914550614
5390.0	91.0	14.1971344349	4.35220010757
5400.0	76.0	5.32371494798	5.49203931101
5400.0	79.0	15.1387553354	4.89968568812
5400.0	86.0	5.45862308325	3.09923615908
5400.0	89.0	10.3929775784	5.93881045607
5400.0	91.0	13.7709425879	4.4132970163
5410.0	76.0	5.05263588678	5.57294498311
5410.0	86.0	5.86755679125	3.12906863404
5410.0	89.0	9.81588224783	6.06959602631
5410.0	91.0	13.3445402758	4.47463258483
5420.0	76.0	4.78155682558	5.65385065521
5420.0	86.0	6.28301491765	3.19183616137
5420.0	89.0	9.23878691723	6.20062025636
5420.0	91.0	12.864890291	4.56222073132
5430.0	76.0	4.51047776438	5.73475632731
5430.0	86.0	6.69826257894	3.25460368869
5430.0	89.0	8.67958112096	6.3292578884
5430.0	91.0	12.3719810042	4.65649135221
5430.0	96.0	0.316329059767	2.62979233304
5440.0	76.0	4.26254986525	5.79633055564
5440.0	86.0	7.11372070534	3.31737121602
5440.0	89.0	8.13237183593	6.45646356165
5440.0	91.0	11.8790717175	4.7505233133
5440.0	96.0	0.845859275585	2.65294233361
5450.0	76.0	4.10827893989	5.78034034906
5450.0	86.0	7.52265441335	3.27656039027
5450.0	89.0	7.5851625509	6.58390789469
5450.0	91.0	11.3861624307	4.84479393418
5450.0	96.0	1.3753894914	2.67609233419
5460.0	76.0	3.95400801453	5.76435014248
5460.0	86.0	7.93158812135	3.23551090472
5460.0	89.0	7.07688931116	6.73617284691
5460.0	91.0	10.970072909	4.90040166752
5460.0	96.0	1.90428831189	2.69685573676
5470.0	76.0	3.79952662407	5.7485985957
5470.0	86.0	8.34052182935	3.19470007896
5470.0	89.0	6.5945032799	6.90514398511
5470.0	91.0	10.5541938524	4.95577074105
5470.0	96.0	2.42539992332	2.69685573676
5480.0	76.0	3.64525569871	5.73260838912
5480.0	86.0	8.78376135022	3.161287707
5480.0	89.0	6.11043352776	7.07435378311
5480.0	91.0	10.1381043307	5.01137847438
5480.0	96.0	2.94651153476	2.69685573676
5490.0	76.0	3.49098477336	5.71661818254
5490.0	86.0	9.26151714907	3.13551244864
5490.0	89.0	5.619418427	7.2433249213
5490.0	91.0	9.72201480893	5.06674754792
5490.0	96.0	3.46762314619	2.69685573676
5500.0	76.0	3.33650338289	5.70086663576
5500.0	86.0	9.73948341303	3.10973719027
5500.0	89.0	5.12840332625	7.4122960595
5500.0	91.0	9.33076017014	5.10111455908
5500.0	96.0	3.98873475762	2.69685573676
5510.0	76.0	3.18223245754	5.68487642917
5510.0	86.0	10.2172392119	3.0839619319
5510.0	89.0	4.69989636305	7.46098265864
5510.0	91.0	8.95023925194	5.12665115764
5510.0	96.0	4.48438009079	2.76511243948
5520.0	76.0	2.96019176688	5.65862385121
5520.0	86.0	10.7042554756	3.08825780829
5520.0	89.0	4.28696381796	7.47912080342
5520.0	91.0	8.56950786862	5.15194909641
5520.0	96.0	4.97707891242	2.84124491559
5530.0	76.0	2.70889642599	5.62783673704
5530.0	86.0	11.1935868554	3.10019079828
5530.0	89.0	3.88960569099	7.4924857522
5530.0	91.0	8.18898695042	5.17748569498
5530.0	96.0	5.46977773406	2.9171387319
5540.0	76.0	2.4576010851	5.59704962288
5540.0	86.0	11.6829182353	3.11212378826
5540.0	89.0	3.55412430625	7.48508729841
5540.0	91.0	7.80825556711	5.20278363375
5540.0	96.0	5.96247655569	2.99303254821
5550.0	76.0	2.20651620931	5.56626250872
5550.0	86.0	12.1722496152	3.12405677825
5550.0	89.0	3.21885338661	7.47745018482
5550.0	91.0	7.4691962755	5.15648363261
5550.0	96.0	6.47958933004	3.04124182775
5560.0	76.0	1.95522086842	5.53547539455
5560.0	86.0	12.6630542508	3.13694440743
5560.0	89.0	2.88337200187	7.47005173103
5560.0	91.0	7.13013698389	5.10994497166
5560.0	96.0	7.02153698733	3.06152791072
5570.0	76.0	1.70413599264	5.50468828039
5570.0	86.0	13.1540693516	3.15030935622
5570.0	89.0	2.61271387089	7.50418008239
5570.0	91.0	6.79107769229	5.06364497052
5570.0	96.0	7.5632741795	3.0818139937
5580.0	76.0	1.43894995451	5.46149085664
5580.0	86.0	13.6450844524	3.163674305
5580.0	89.0	2.34226620502	7.53830843375
5580.0	91.0	6.44780909849	5.02044754677
5580.0	96.0	8.10522183679	3.10210007668
5590.0	76.0	1.16008368426	5.40588312331
5590.0	86.0	14.1363100182	3.17680059399
5590.0	89.0	2.07202900426	7.56981152731
5590.0	91.0	6.09864748162	4.98250063862
5590.0	96.0	8.64695902896	3.12238615965
5600.0	76.0	0.881006948892	5.35051404978
5600.0	86.0	14.627325119	3.19016554277
5600.0	89.0	1.80431738482	7.59152956909
5600.0	91.0	5.74948586475	4.94455373046
5600.0	96.0	9.16344040799	3.12644337625
5610.0	76.0	0.601930213529	5.29490631644
5610.0	86.0	15.1183402197	3.20329183175
5610.0	89.0	1.53639530027	7.61324761086
5610.0	91.0	5.40032424788	4.90660682231
5610.0	96.0	9.67360783372	3.12644337625
5620.0	76.0	0.323063943275	5.23929858311
5620.0	89.0	1.26847321571	7.63496565263
5620.0	91.0	5.05116263101	4.86865991415
5620.0	96.0	10.1835647943	3.12644337625
5630.0	89.0	1.00644415423	7.88436514333
5630.0	91.0	4.71526031605	4.90087898712
5630.0	96.0	10.6937322201	3.12644337625
5640.0	89.0	0.744836022965	8.1593012326
5640.0	91.0	4.37935800109	4.93285940028
5640.0	96.0	11.2038996458	3.12644337625
5650.0	89.0	0.48343835681	8.43399866207
5650.0	91.0	4.04345568613	4.96507847324
5650.0	96.0	11.7140670715	3.12644337625
5660.0	89.0	0.270658130978	8.95308372645
5660.0	91.0	3.70734290605	4.9970588864
5660.0	96.0	12.2250763577	3.13670574763
5670.0	89.0	0.0902895320294	9.63493477423
5670.0	91.0	3.37144059109	5.02927795936
5670.0	96.0	12.7360856439	3.14792275822
5680.0	91.0	3.03406502036	4.98679651501
5680.0	96.0	13.2473053952	3.15937842861
5690.0	91.0	2.69647898452	4.92593826609
5690.0	96.0	13.7583146813	3.17083409899
5700.0	91.0	2.35868248357	4.86484135736
5700.0	96.0	14.2695344326	3.18205110958
5710.0	91.0	2.02088598262	4.80374444863
5710.0	96.0	14.7807541839	3.19350677997
5710.0	98.0	14.9640692944	2.52979387696
5720.0	91.0	1.68708831876	4.72164547753
5720.0	98.0	14.4856821002	2.63098563204
5730.0	91.0	1.35686856176	4.61878310385
5730.0	98.0	14.0075053711	2.73217738712
5740.0	91.0	1.02664880475	4.51592073018
5740.0	98.0	13.5291181769	2.833607802
5750.0	91.0	0.69663951286	4.4128196967
5750.0	98.0	13.0620960987	2.86033769957
5760.0	91.0	0.366419755858	4.30995732303
5760.0	98.0	12.599914718	2.85508718397
5770.0	91.0	0.0364104639652	4.20685628955
5770.0	98.0	12.1379438023	2.84983666838
5780.0	98.0	11.6757624216	2.84482481258
5790.0	98.0	11.2133705757	2.83718769899
5800.0	98.0	10.7478217532	2.80830986323
5810.0	98.0	10.2822729308	2.77919336766
5820.0	98.0	9.81651364315	2.7503155319
5830.0	98.0	9.38379737776	2.77036295507
5840.0	98.0	8.95928925165	2.80282068783
5850.0	98.0	8.53499159064	2.8352784206
5860.0	98.0	8.11048346453	2.86749749356
5870.0	98.0	7.68597533841	2.89995522632
5880.0	98.0	7.2614672123	2.93217429928
5890.0	98.0	6.79107769229	2.88372635994
5900.0	98.0	6.31542654453	2.82644800801
5910.0	98.0	5.83998586189	2.76893099628
5920.0	98.0	5.36454517925	2.71141398454
5930.0	98.0	4.8891044966	2.65389697281
5940.0	98.0	4.39766846563	2.64435058083
5950.0	98.0	3.89065801654	2.68229748898
5960.0	98.0	3.38364756745	2.72024439713
5970.0	98.0	2.87663711836	2.75819130529
5980.0	98.0	2.37257318081	2.78969439885
5980.0	102.0	14.6854134892	3.53144905636
5990.0	98.0	1.8956592424	2.76320316108
5990.0	102.0	13.8753332823	3.62548101745
6000.0	98.0	1.41853483888	2.73671192331
6000.0	102.0	13.0654635404	3.71951297853
6010.0	98.0	0.941410435355	2.71022068555
6010.0	102.0	12.2806391466	3.78538308326
6020.0	98.0	0.464496496944	2.68349078798
6020.0	102.0	11.5966275404	3.73908308211
6030.0	102.0	10.9126159341	3.69254442117
6040.0	102.0	10.2286043278	3.64624442002
6050.0	102.0	9.53722644268	3.64242586323
6060.0	102.0	8.84121832515	3.6667691628
6070.0	102.0	8.14499974251	3.69135112217
6080.0	102.0	7.44878115987	3.71569442174
6090.0	102.0	6.75066839124	3.69326040057
6100.0	102.0	6.05171376217	3.65054029642
6110.0	102.0	5.352548668	3.60805885207
6120.0	102.0	4.65359403893	3.56533874792
6130.0	102.0	3.95442894475	3.52285730357
6130.0	105.0	15.153487893	4.06270577052
6140.0	102.0	3.25021268795	3.48156915822
6140.0	105.0	14.5220925642	4.15458979341
6150.0	102.0	2.49843131636	3.45316864205
6150.0	105.0	13.8906972353	4.2462351565
6160.0	102.0	1.74686040989	3.42476812589
6160.0	105.0	13.2616170226	4.31592381802
6170.0	102.0	0.995289503419	3.39636760972
6170.0	105.0	12.6411658794	4.29706969384
6180.0	102.0	0.243508131837	3.36796709356
6180.0	105.0	12.0209252014	4.27821556966
6190.0	105.0	11.4004740582	4.25936144549
6200.0	105.0	10.7720252409	4.24170062031
6210.0	105.0	10.1309485169	4.22547175393
6220.0	105.0	9.49008225812	4.20900422775
6230.0	105.0	8.84900553421	4.19277536137
6240.0	105.0	8.2081392754	4.17654649499
6250.0	105.0	7.63420092145	4.27964752846
6260.0	105.0	7.06005210239	4.38274856194
6270.0	105.0	6.48611374844	4.48561093561
6280.0	105.0	5.91217539449	4.58871196909
6280.0	107.0	0.142063948997	2.48062995822
6290.0	105.0	5.35107541223	4.68727846637
6290.0	107.0	0.720843000467	2.46559439084
6300.0	105.0	4.79860449946	4.78274238626
6300.0	107.0	1.29962205194	2.45079748326
6310.0	105.0	4.2461335867	4.87820630614
6310.0	107.0	1.87840110341	2.43576191588
6320.0	105.0	3.69366267393	4.97367022603
6320.0	107.0	2.4117196912	2.45175212246
6330.0	105.0	3.12288129662	4.9970588864
6330.0	107.0	2.93998711636	2.47132222603
6340.0	105.0	2.54010340807	4.97271558683
6340.0	107.0	3.46846500663	2.49089232961
6350.0	105.0	1.95732551952	4.94813362746
6350.0	107.0	3.99673243179	2.51022377339
6360.0	105.0	1.37454763096	4.92379032789
6360.0	107.0	4.52499985695	2.52979387696
6370.0	105.0	0.811974392935	4.86364805836
6370.0	107.0	5.01917193435	2.56081965093
6380.0	105.0	0.258030224401	4.78823156165
6380.0	107.0	5.51334401175	2.59208408469
6390.0	107.0	6.00730562404	2.62310985865
6400.0	107.0	6.50147770144	2.65437429241
6410.0	107.0	7.02553582441	2.67919491158
6420.0	107.0	7.59421255062	2.69423047897
6430.0	107.0	8.16288927683	2.70950470615
6440.0	107.0	8.73156600303	2.72477893333
6450.0	107.0	9.30024272924	2.74005316051
6460.0	107.0	9.87018224611	2.75341810929
6470.0	107.0	10.4407531583	2.76582841888
6480.0	107.0	11.0111136054	2.77847738826
6490.0	107.0	11.5816845176	2.79112635765
6500.0	107.0	12.1375228721	2.73504130472
6510.0	107.0	12.6916775057	2.67131913819
6520.0	107.0	13.2460426045	2.60783563147
6520.0	113.0	15.0088983627	5.19204394277
6530.0	107.0	13.8001972381	2.54411346495
6530.0	113.0	14.6151181426	5.32282951301
6530.0	116.0	0.273604642513	3.67536091559
6540.0	107.0	14.3543518718	2.48039129842
6540.0	113.0	14.2213379225	5.45385374305
6540.0	116.0	0.694534861764	3.72905937052
6550.0	107.0	14.9087169705	2.4169077917
6550.0	113.0	13.8275577024	5.58463931329
6550.0	116.0	1.11546508102	3.78275782546
6560.0	113.0	13.3855809722	5.56864910671
6560.0	116.0	1.53639530027	3.83645628039
6570.0	113.0	12.943604242	5.55289755993
6570.0	116.0	1.95732551952	3.89015473533
6580.0	113.0	12.5016275118	5.53690735335
6580.0	116.0	2.38435922695	3.96509391244
6590.0	113.0	11.9678879937	5.4941872492
6590.0	116.0	2.81118246927	4.04027174935
6600.0	113.0	11.4343589408	5.45170580485
6600.0	116.0	3.2382161767	4.11521092646
6610.0	113.0	10.9174566316	5.42139601029
6610.0	116.0	3.69892430167	4.15554443261
6610.0	118.0	0.55646974985	3.83621762059
6620.0	113.0	10.4681136226	5.44072745407
6620.0	116.0	4.19351730929	4.1615109276
6620.0	118.0	0.995920898748	3.87130061115
6630.0	113.0	10.0187706135	5.46005889784
6630.0	116.0	4.68811031691	4.1674774226
6630.0	118.0	1.43558251276	3.90638360171
6640.0	113.0	9.56942760445	5.47939034162
6640.0	116.0	5.18270332453	4.17344391759
6640.0	118.0	1.87776970808	3.93311349928
6650.0	113.0	9.14744505965	5.45934291845
6650.0	116.0	5.68550447142	4.13907690643
6650.0	118.0	2.34479178634	3.88657483833
6660.0	113.0	8.75282297911	5.39967796852
6660.0	116.0	6.1967242227	4.06413772932
6660.0	118.0	2.81202432971	3.84003617739
6670.0	113.0	8.35820089856	5.34001301859
6670.0	116.0	6.70773350888	3.98895989241
6670.0	118.0	3.27904640797	3.79349751645
6680.0	113.0	7.97178695729	5.30063415164
6680.0	116.0	7.21895326016	3.9140207153
6680.0	118.0	3.74627895133	3.7469588555
6690.0	113.0	7.60515673632	5.30827126523
6690.0	116.0	7.67966138513	4.01712174878
6690.0	118.0	4.17268126344	3.6612799874
6700.0	113.0	7.23873698046	5.31590837882
6700.0	116.0	8.1403695101	4.12046144205
6700.0	118.0	4.59887311043	3.57560111931
6710.0	113.0	6.86011024824	5.32211353361
6710.0	116.0	8.60128810018	4.22356247553
6710.0	118.0	5.02527542253	3.48992225121
6720.0	113.0	6.43412886636	5.32211353361
6720.0	116.0	9.07609738749	4.31329856022
6720.0	118.0	5.4575707577	3.4116418369
6730.0	113.0	6.00835794959	5.32211353361
6730.0	116.0	9.58437062724	4.37153155135
6730.0	118.0	5.94311376561	3.39947018712
6740.0	113.0	5.58237656771	5.32211353361
6740.0	116.0	10.092643867	4.42976454248
6740.0	118.0	6.42886723862	3.38705987753
6750.0	113.0	5.15639518583	5.32211353361
6750.0	116.0	10.6007066416	4.48799753361
6750.0	118.0	6.91462071164	3.37488822775
6760.0	113.0	4.73546496657	5.35194600857
6760.0	116.0	11.1051915094	4.55267433933
6760.0	118.0	7.4058462775	3.36152327896
6770.0	113.0	4.31453474732	5.38177848354
6770.0	116.0	11.5941019591	4.64408104262
6770.0	118.0	7.91917067988	3.34410111358
6770.0	119.0	14.9867995262	3.72213823633
6780.0	113.0	3.89360452807	5.4116109585
6780.0	116.0	12.0832228738	4.73524908611
6780.0	118.0	8.43249508226	3.32667894821
6780.0	119.0	14.3722414061	3.71259184434
6790.0	113.0	3.47267430882	5.44144343347
6790.0	116.0	12.5721333235	4.8266557894
6790.0	118.0	8.94581948463	3.30925678283
6790.0	119.0	13.757683286	3.70304545235
6800.0	113.0	3.05847897308	5.46530941344
6800.0	116.0	13.0397867971	4.94598568926
6800.0	118.0	9.45619737547	3.30472224663
6800.0	119.0	13.1616460955	3.53646091215
6810.0	113.0	2.67059177604	5.46530941344
6810.0	116.0	13.5019681778	5.07223672331
6810.0	118.0	9.94026712761	3.4159377133
6810.0	119.0	12.5782368117	3.26534337968
6820.0	113.0	2.28291504411	5.46530941344
6820.0	116.0	13.9641495585	5.19848775736
6820.0	118.0	10.4243368798	3.52739183976
6820.0	119.0	12.0213461316	3.05054955994
6830.0	113.0	1.89523831218	5.46530941344
6830.0	116.0	14.4263309393	5.32497745121
6830.0	118.0	10.9071438412	3.63264081144
6830.0	119.0	11.5048647526	2.92024130929
6840.0	113.0	1.50840344069	5.42807848468
6840.0	116.0	14.88851232	5.45122848525
6840.0	118.0	11.3792170821	3.68323668898
6840.0	119.0	10.9711252346	2.80807120343
6850.0	113.0	1.12241042963	5.33547848239
6850.0	118.0	11.8510798579	3.73383256652
6850.0	119.0	10.3687740908	2.76678305808
6860.0	113.0	0.736627883689	5.24263982031
6860.0	118.0	12.3231530988	3.78466710386
6860.0	119.0	9.76621248195	2.72573357253
6870.0	113.0	0.350845337746	5.14980115822
6870.0	118.0	12.7752321543	3.72905937052
6870.0	119.0	9.17754157033	2.69232120057
6880.0	118.0	13.2224705122	3.64696039942
6880.0	119.0	8.62086135537	2.67680831359
6890.0	118.0	13.6697088702	3.56486142832
6890.0	119.0	8.06418114041	2.6615340864
6900.0	118.0	14.1560937385	3.52595988097
6900.0	119.0	7.50813232078	2.64697583862
6910.0	118.0	14.6685762805	3.51545884978
6910.0	119.0	6.95439861736	2.63671346723
6920.0	118.0	15.1808483573	3.50519647839
6920.0	119.0	6.40087537904	2.62621243605
6930.0	119.0	5.84735214073	2.61595006466
6940.0	119.0	5.2936184373	2.60544903347
6950.0	119.0	4.76345682615	2.62692841545
6960.0	119.0	4.24908009823	2.6691712
6970.0	119.0	3.7344929052	2.71165264434
6980.0	119.0	3.22011617727	2.75413408869
6980.0	122.0	0.231511620588	3.17417533619
6990.0	119.0	2.70594991446	2.78205728526
6990.0	122.0	0.736627883689	3.34601039198
7000.0	119.0	2.19494062828	2.67991089098
7000.0	122.0	1.24174414679	3.51784544778
7010.0	119.0	1.683720877	2.57752583691
7010.0	122.0	1.74328250303	3.67130369899
7010.0	125.0	0.148798832505	3.28586812245
7020.0	119.0	1.21669879875	2.64458924062
7020.0	122.0	2.24145341751	3.80662380543
7020.0	125.0	0.705058117246	3.31140472102
7030.0	119.0	0.749676720486	2.71165264434
7030.0	122.0	2.739624332	3.94194391187
7030.0	125.0	1.26131740199	3.33694131959
7040.0	119.0	0.282865107337	2.77895470786
7040.0	122.0	3.2405312929	4.04934082174
7040.0	125.0	1.81757668673	3.36247791816
7050.0	122.0	3.74438476535	4.12881453504
7050.0	125.0	2.34668597232	3.47727328182
7060.0	122.0	4.24823823779	4.20828824835
7060.0	125.0	2.87284874639	3.60209235708
7070.0	122.0	4.7645091517	4.26699855908
7070.0	125.0	3.39901152045	3.72691143233
7080.0	122.0	5.33129169192	4.24265525951
7080.0	125.0	3.92517429452	3.85173050758
7090.0	122.0	5.89786376704	4.21807330014
7090.0	125.0	4.46817427735	3.93024958168
7100.0	122.0	6.46443584215	4.19373000056
7100.0	125.0	5.02780100384	3.96294597424
7110.0	122.0	7.02721954529	4.18060371158
7110.0	125.0	5.58742773034	3.995403707
7120.0	122.0	7.58032185338	4.19420732016
7120.0	125.0	6.14705445683	4.02786143976
7130.0	122.0	8.13363462659	4.20781092875
7130.0	125.0	6.70078816026	4.05626195593
7140.0	122.0	8.68673693468	4.22165319713
7140.0	125.0	7.20127419095	4.04552226494
7150.0	122.0	9.23268342905	4.21019752674
7150.0	125.0	7.70154975653	4.03502123376
7160.0	122.0	9.77694620254	4.19277536137
7160.0	125.0	8.20203578722	4.02428154277
7170.0	122.0	10.3209985109	4.17535319599
7170.0	125.0	8.70252181791	4.01378051158
7180.0	122.0	10.8650508193	4.15793103061
7180.0	125.0	9.21268924364	4.04528360514
7190.0	122.0	11.3819531285	4.13048515364
7190.0	125.0	9.72917062266	4.10494855507
7200.0	122.0	11.8870693916	4.09850474048
7200.0	125.0	10.2458624668	4.164613505
7210.0	122.0	12.3921856548	4.06676298712
7210.0	125.0	10.7623438458	4.22427845493
7220.0	122.0	12.8973019179	4.03502123376
7220.0	125.0	11.2838763875	4.26938515707
7230.0	122.0	13.4017867856	3.97106040743
7230.0	125.0	11.8241403239	4.25649752789
7240.0	122.0	13.9043774674	3.77846194906
7240.0	125.0	12.3646147254	4.2436098987
7250.0	122.0	14.4067576841	3.58610215049
7250.0	125.0	12.9048786618	4.23072226952
7260.0	122.0	14.9091379008	3.39350369213
7260.0	125.0	13.3954728323	4.16867072159
7270.0	125.0	13.8359763068	4.05769391473
7280.0	125.0	14.2764797812	3.94671710786
7290.0	125.0	14.7169832557	3.83574030099
7300.0	125.0	15.1574867301	3.72476349413
7330.0	127.0	14.7700204633	3.06152791072
7340.0	127.0	14.3257286169	3.21403152274
7350.0	127.0	13.8814367705	3.36653513476
7360.0	127.0	13.4369344589	3.51880008698
7370.0	127.0	12.9936949381	3.55412173733
7380.0	127.0	12.5512972776	3.51140163318
7390.0	127.0	12.1086891521	3.46844286924
7400.0	127.0	11.6662914917	3.42572276509
7410.0	127.0	11.235048482	3.4171310123
7420.0	127.0	10.808856635	3.42309750729
7430.0	127.0	10.382664788	3.42906400228
7440.0	127.0	9.95668340616	3.43503049728
7450.0	127.0	9.50734039711	3.43670111587
7460.0	127.0	9.04810552791	3.43670111587
7470.0	127.0	8.58887065871	3.43670111587
7480.0	127.0	8.12963578951	3.43670111587
7490.0	127.0	7.68913231506	3.44481554906
7500.0	127.0	7.2919846532	3.47178410643
7510.0	127.0	6.89483699133	3.4987526638
7520.0	127.0	6.49789979458	3.52595988097
7530.0	127.0	6.10075213272	3.55292843833
7540.0	127.0	5.70360447085	3.5798969957
7550.0	127.0	5.3329754128	3.68371400858
7560.0	127.0	4.96234635475	3.78753102145
7570.0	127.0	4.5917172967	3.89110937453
7580.0	127.0	4.22129870376	3.9949263874
7590.0	127.0	3.88413359814	4.12881453504
7600.0	127.0	3.59705918861	4.30780938483
7610.0	127.0	3.30998477908	4.48680423461
7620.0	127.0	3.02312083466	4.6657990844
7630.0	127.0	2.73604642513	4.84479393418
7630.0	132.0	0.0810290672058	3.31307533962
7640.0	127.0	2.49548480483	4.98608053561
7640.0	132.0	0.582567423443	3.32715626781
7650.0	127.0	2.25492318453	5.12736713704
7650.0	132.0	1.08389531457	3.34123719599
7660.0	127.0	2.01436156423	5.26865373847
7660.0	132.0	1.5852232057	3.35531812417
7670.0	127.0	1.77401040903	5.4097016801
7670.0	132.0	2.10296737538	3.37369492875
7680.0	127.0	1.53681623049	5.55313621973
7680.0	132.0	2.65859526479	3.40233410471
7690.0	127.0	1.32992902772	5.71494756394
7690.0	132.0	3.2142231542	3.43097328068
7700.0	127.0	1.12304182496	5.87675890814
7700.0	132.0	3.76985104361	3.45961245665
7700.0	134.0	14.9324995279	3.51880008698
7710.0	127.0	0.9161546222	6.03857025235
7710.0	132.0	4.32547893302	3.48825163261
7710.0	134.0	14.3537204765	3.57082792331
7720.0	127.0	0.709056954328	6.20038159656
7720.0	132.0	4.84848473044	3.51712946838
7720.0	134.0	13.774941425	3.62309441945
7730.0	127.0	0.502169751567	6.36219294076
7730.0	132.0	5.29509169307	3.54624596394
7730.0	134.0	13.1961623735	3.67536091559
7740.0	127.0	0.295282548805	6.52400428497
7740.0	132.0	5.7419091208	3.57560111931
7740.0	134.0	12.713355412	3.73144596852
7750.0	132.0	6.18851608343	3.60471761487
7750.0	134.0	12.2305484506	3.78776968125
7760.0	132.0	6.63533351116	3.63407277024
7760.0	134.0	11.7477414891	3.84385473418
7770.0	132.0	7.1061439614	3.61020679027
7770.0	134.0	11.2352589471	3.89421195192
7780.0	132.0	7.61315441048	3.50710575679
7780.0	134.0	10.7034136151	3.94051195307
7790.0	132.0	8.12016485957	3.40424338311
7790.0	134.0	10.171357818	3.98705061401
7800.0	132.0	8.62717530866	3.30114234964
7800.0	134.0	9.63930202085	4.03335061516
7810.0	132.0	9.13418575775	3.19804131616
7810.0	134.0	9.14491947834	4.09993669928
7820.0	132.0	9.65677062495	3.22262327553
7820.0	134.0	8.65053693583	4.1665227834
7830.0	132.0	10.1793554921	3.2474438947
7830.0	134.0	8.15615439332	4.23310886752
7840.0	132.0	10.7004671036	3.27679905007
7840.0	134.0	7.66198231592	4.29969495164
7850.0	132.0	11.2097926689	3.34839698998
7850.0	134.0	7.2155858184	4.43119650128
7860.0	132.0	11.7191182342	3.41999492989
7860.0	134.0	6.79002536674	4.59014392789
7870.0	132.0	12.2284437995	3.49159286981
7870.0	134.0	6.36446491508	4.7493300143
7880.0	132.0	12.7377693648	3.56319080972
7880.0	134.0	5.93890446341	4.90851610071
7890.0	132.0	13.2483577207	3.63001555364
7890.0	134.0	5.51187075598	5.05171198053
7900.0	132.0	13.771153053	3.65292689441
7900.0	134.0	5.07915449059	5.13118569384
7910.0	132.0	14.2939483853	3.67607689499
7910.0	134.0	4.64664869031	5.21065940714
7920.0	132.0	14.8167437176	3.69922689556
7920.0	134.0	4.21393242492	5.29037178025
7930.0	134.0	3.79489639166	5.43237436108
7940.0	134.0	3.384699893	5.61590374706
7950.0	134.0	2.97450339434	5.79943313304
7960.0	134.0	2.56451736079	5.98296251902
7970.0	134.0	2.16400225717	6.14620582202
7980.0	134.0	1.76790692085	6.30061871244
7990.0	134.0	1.37181158454	6.45503160285
8000.0	134.0	0.997815084735	6.67507593819
8010.0	134.0	0.675382536788	7.04786254534
8020.0	134.0	0.353160453952	7.42088781229
8030.0	134.0	0.030938371115	7.79367441944
8550.0	148.0	0.461549985409	8.76525846408
8560.0	148.0	0.573938353949	8.61394815106
8570.0	148.0	0.686116257379	8.46287649784
8580.0	148.0	0.79829416081	8.31180484462
8590.0	148.0	0.846280205804	8.17338216079
8600.0	148.0	0.878060437358	8.03830071415
8600.0	142.0	7.72617417435	-0.289732996852
8610.0	148.0	0.909840668911	7.90321926751
8610.0	142.0	7.61020789895	-0.0346056709584
8620.0	148.0	0.941620900465	7.76813782087
8620.0	142.0	7.49403115844	0.220521654935
8630.0	148.0	0.973401132018	7.63305637424
8630.0	142.0	7.37785441792	0.475648980829
8640.0	148.0	1.05001043192	7.52780740256
8640.0	142.0	7.05310675377	0.856311361372
8650.0	148.0	1.17186973039	7.45239090585
8650.0	142.0	6.70499746245	1.2510546701
8650.0	144.0	14.9263960398	4.59706506208
8660.0	148.0	1.29372902887	7.37721306894
8660.0	142.0	6.35141607828	1.64150210243
8660.0	144.0	14.5271437268	4.67104959999
8660.0	145.0	14.8632565069	2.38063150214
8660.0	147.0	15.0602518495	5.43237436108
8670.0	148.0	1.41558832734	7.30179657223
8670.0	142.0	5.98499632242	2.02144850357
8670.0	144.0	14.1281018789	4.7452727977
8670.0	145.0	14.2470146659	2.44029645207
8670.0	147.0	14.5191460526	5.52330374477
8680.0	148.0	1.46736274431	7.18127337338
8680.0	142.0	5.61857656656	2.40163356452
8680.0	144.0	13.7071716597	4.79205011845
8680.0	145.0	13.6305623598	2.499961402
8680.0	147.0	13.9778297907	5.61423312846
8690.0	148.0	1.48925111571	7.04118007095
8690.0	142.0	5.18059867343	2.59781191988
8690.0	144.0	13.2353088839	4.77558259227
8690.0	145.0	13.0206344721	2.52358872217
8690.0	147.0	13.5268030607	5.67318209899
8700.0	148.0	1.510929022	6.90132542831
8700.0	142.0	4.69505566553	2.67108047839
8700.0	144.0	12.7636565732	4.75911506609
8700.0	145.0	12.4168100726	2.51093975279
8700.0	147.0	13.0985065627	5.72449395593
8710.0	148.0	1.50503599893	6.86648109756
8710.0	142.0	4.20930219251	2.7445876967
8710.0	144.0	12.3267310057	4.73286248812
8710.0	145.0	11.8131961382	2.4982907834
8710.0	147.0	12.6699995995	5.77556715307
8720.0	148.0	1.49198716214	6.85788934477
8720.0	142.0	3.8001580194	2.75795264549
8720.0	144.0	11.9420007853	4.69181300257
8720.0	145.0	11.2095822038	2.48588047382
8720.0	147.0	12.2069763583	5.7438253997
8730.0	148.0	1.47893832534	6.84905893218
8730.0	142.0	3.37438710263	2.76368048068
8730.0	144.0	11.55748103	4.65052485722
8730.0	145.0	10.6032322229	2.51070109299
8730.0	147.0	11.7439531171	5.71184498654
8740.0	148.0	1.46588948854	6.84046717939
8740.0	142.0	2.88337200187	2.73981450071
8740.0	144.0	11.14475895	4.65601403261
8740.0	145.0	9.99582991655	2.55151191874
8740.0	147.0	11.2809298759	5.68010323318
8750.0	148.0	1.45284065175	6.8316367668
8750.0	142.0	2.39235690111	2.71594852074
8750.0	144.0	10.7040450104	4.70828052875
8750.0	145.0	9.38863807529	2.59256140429
8750.0	147.0	10.8665240751	5.64287230442
8760.0	148.0	1.43979181495	6.82304501401
8760.0	142.0	1.91838947424	2.70258357196
8760.0	144.0	10.263541536	4.76054702488
8760.0	145.0	8.78123576891	2.63337223004
8760.0	147.0	10.4523287393	5.60540271587
8770.0	148.0	1.42695344326	6.81445326122
8770.0	142.0	1.51282320799	2.73170006752
8770.0	144.0	9.83419271236	4.80732434563
8770.0	145.0	8.17383346253	2.67442171559
8770.0	147.0	10.0379229385	5.56817178711
8780.0	148.0	1.41390460646	6.80562284863
8780.0	142.0	1.10725694174	2.76081656309
8780.0	144.0	9.43115202743	4.84145269699
8780.0	145.0	7.56643115615	2.71523254134
8780.0	147.0	9.64309039282	5.56650116852
8790.0	148.0	1.40085576967	6.79703109584
8790.0	142.0	0.701690675492	2.78993305865
8790.0	144.0	9.02832180761	4.87558104835
8790.0	145.0	6.95923931488	2.75628202689
8790.0	147.0	9.25309854469	5.57342230271
8800.0	148.0	1.38780693287	6.78843934305
8800.0	142.0	0.296124409243	2.81904955422
8800.0	144.0	8.62549158778	4.90947073991
8800.0	145.0	6.38235444939	2.79399027525
8800.0	147.0	8.86310669655	5.5803434369
8810.0	148.0	1.37475809607	6.77960893046
8810.0	144.0	8.22076718197	4.93071146208
8810.0	145.0	5.81872888582	2.8302665648
8810.0	147.0	8.46511717425	5.60659601487
8820.0	148.0	1.36191972439	6.77101717767
8820.0	144.0	7.81562184594	4.94861094706
8820.0	145.0	5.25510332224	2.86678151416
8820.0	147.0	8.05492067559	5.6617264286
8830.0	148.0	1.34887088759	6.76242542488
8830.0	144.0	7.41047650991	4.96651043204
8830.0	145.0	4.69168822377	2.90305780371
8830.0	147.0	7.64472417693	5.71685684234
8840.0	148.0	1.33582205079	6.75359501229
8840.0	144.0	7.00533117389	4.98440991702
8840.0	145.0	4.1280626602	2.93957275307
8840.0	147.0	7.23452767827	5.77198725607
8850.0	148.0	1.322773214	6.7450032595
8850.0	144.0	6.58755793128	5.04479084634
8850.0	145.0	3.56443709662	2.97584904263
8850.0	147.0	6.84621955101	5.8302202472
8860.0	148.0	1.3097243772	6.73617284691
8860.0	144.0	6.16662771203	5.11567280686
8860.0	145.0	3.01554409071	2.98635007381
8860.0	147.0	6.47937886493	5.89155581573
8870.0	148.0	1.2966755404	6.72758109412
8870.0	144.0	5.74569749278	5.18655476737
8870.0	145.0	2.47043945678	2.99040729041
8870.0	147.0	6.11253817885	5.95289138425
8880.0	148.0	1.28383716872	6.71898934133
8880.0	144.0	5.32371494798	5.2469356967
8880.0	145.0	1.92533482285	2.9942258472
8880.0	147.0	5.74569749278	6.01422695278
8890.0	148.0	1.27078833192	6.71015892874
8890.0	144.0	4.89205100814	5.21018208754
8890.0	145.0	1.38001972381	2.998044404
8890.0	147.0	5.27341378678	5.96768829183
8900.0	148.0	1.25773949512	6.70156717595
8900.0	144.0	4.46017660318	5.17342847839
8900.0	145.0	0.834915089884	3.0021016206
8900.0	147.0	4.80113008078	5.92114963089
8910.0	148.0	1.24469065833	6.69297542316
8910.0	144.0	4.02851266334	5.13667486923
8910.0	145.0	0.289810455954	3.00592017739
8910.0	147.0	4.32884637478	5.87461096995
8920.0	148.0	1.23164182153	6.68414501057
8920.0	144.0	3.60905569986	5.10039857968
8920.0	147.0	3.85656266878	5.828072309
8930.0	148.0	1.21880344984	6.67555325778
8930.0	144.0	3.2382161767	5.06650888812
8930.0	147.0	3.44468244924	5.7438253997
8940.0	148.0	1.20575461304	6.666961505
8940.0	144.0	2.86737665354	5.03238053676
8940.0	147.0	3.0393266481	5.65528261401
8950.0	148.0	1.19270577625	6.65813109241
8950.0	144.0	2.49653713038	4.9982521854
8950.0	147.0	2.62765689367	5.56817178711
8960.0	148.0	1.17965693945	6.64953933962
8960.0	144.0	2.12569760722	4.96412383404
8960.0	147.0	2.19052086098	5.48559549641
8970.0	148.0	1.16660810265	6.64070892703
8970.0	144.0	1.67467087729	4.78226506666
8970.0	147.0	1.75338482829	5.40278054591
8980.0	148.0	1.07231973354	6.5767481007
8980.0	144.0	1.22364414736	4.60040629928
8980.0	147.0	1.31246042362	5.27772281086
8990.0	148.0	0.787770905328	6.38319500314
8990.0	144.0	0.772617417435	4.41854753189
8990.0	147.0	0.869010437644	5.12426455965
9000.0	148.0	0.503432542224	6.18964190557
9000.0	144.0	0.321801152617	4.23668876451
9000.0	147.0	0.425349986553	4.97104496823
9010.0	148.0	0.21909417912	5.996088808
