0.0	2.0	12.375348446	7.92350535049
0.0	4.0	7.89244161096	6.53927851215
0.0	9.0	7.02953466149	5.17891765378
10.0	2.0	12.2187624044	7.78890122345
10.0	4.0	7.36227999981	6.76910789927
10.0	9.0	7.45572650848	5.17891765378
20.0	2.0	12.062386828	7.65429709641
20.0	4.0	6.83232885377	6.9989372864
20.0	9.0	7.88191835548	5.17891765378
30.0	2.0	11.9058007864	7.51969296937
30.0	4.0	6.28322538276	7.22375481773
30.0	9.0	8.30811020247	5.17891765378
40.0	2.0	11.7277473037	7.38938471873
40.0	4.0	5.6892928434	7.43687801887
40.0	9.0	8.73430204946	5.17891765378
50.0	2.0	11.3554345247	7.29750069584
50.0	4.0	5.09557076914	7.65000122001
50.0	9.0	9.20658575546	5.17891765378
60.0	2.0	10.9831217458	7.20561667295
60.0	4.0	4.48985218364	7.83997442059
60.0	9.0	9.67886946146	5.17891765378
70.0	2.0	10.5443019922	7.1645671874
70.0	4.0	3.87255801711	8.00703628039
70.0	9.0	10.1511531675	5.17891765378
80.0	2.0	10.0391857291	7.17411357939
80.0	4.0	3.25526385058	8.17409814019
80.0	9.0	10.6234368735	5.17891765378
90.0	2.0	9.53406946604	7.18365997137
90.0	4.0	2.65249177661	8.3275563914
90.0	9.0	11.0576263946	5.17891765378
100.0	2.0	9.06767878311	7.20943522974
100.0	4.0	2.06466272543	8.46741103403
100.0	9.0	11.4878170787	5.17891765378
110.0	2.0	8.60128810018	7.23521048811
110.0	4.0	1.47683367424	8.60750433647
110.0	9.0	11.9177972977	5.17891765378
110.0	10.0	14.9884832471	6.01494293218
110.0	11.0	15.063198361	5.37485734935
120.0	2.0	8.13468695214	7.26098574648
120.0	4.0	1.04032903688	8.82205949641
120.0	9.0	12.3479879817	5.17891765378
120.0	10.0	14.5082018669	6.09704190328
120.0	11.0	14.5801809344	5.42378260829
130.0	2.0	7.66534975767	7.28413574705
130.0	4.0	0.704847652136	9.08649455449
130.0	9.0	12.763235643	5.19156662317
130.0	10.0	14.0281309519	6.17914087438
130.0	11.0	14.0973739729	5.47294652703
140.0	2.0	7.18948814481	7.30131925263
140.0	4.0	0.369155802283	9.35092961257
140.0	9.0	13.1437565612	5.23357074792
140.0	10.0	13.54448213	6.25789860829
140.0	11.0	13.6145670115	5.52211044577
150.0	2.0	6.71341606684	7.31826409841
150.0	4.0	0.0334639524305	9.61536467066
150.0	9.0	13.5244879445	5.27581353247
150.0	10.0	13.0294740067	6.30825582603
150.0	11.0	13.0921926094	5.4951418884
160.0	2.0	6.23734398886	7.33544760399
160.0	9.0	13.9052193278	5.31781765722
160.0	10.0	12.5144658834	6.35837438397
160.0	11.0	12.5529809985	5.43547693847
170.0	2.0	5.76085098067	7.34952853218
170.0	9.0	14.2859507112	5.36006044176
170.0	10.0	11.9992472951	6.40873160171
170.0	11.0	12.0135589225	5.37581198855
180.0	2.0	5.2805696005	7.33735688239
180.0	9.0	14.6666820945	5.40206456651
180.0	10.0	11.488448474	6.46935119083
180.0	11.0	11.4949728924	5.38392642174
190.0	2.0	4.80028822034	7.32494657281
190.0	9.0	15.0474134778	5.44430735106
190.0	10.0	10.987331048	6.55455273933
190.0	11.0	10.997012443	5.45958157824
200.0	2.0	4.32000684017	7.31277492302
200.0	9.0	15.427934396	5.48631147581
200.0	10.0	10.486213622	6.63975428783
200.0	11.0	10.4990519937	5.53523673475
210.0	2.0	3.83909406468	7.29392079884
210.0	10.0	9.98509619596	6.72519449613
210.0	11.0	10.0013020094	5.61089189126
220.0	2.0	3.35544524276	7.2488140967
220.0	10.0	9.4894508628	6.81660119942
220.0	11.0	9.51407528062	5.72664189412
230.0	2.0	2.87200688595	7.20370739455
230.0	10.0	9.0434752955	6.96433161544
230.0	11.0	9.04305436528	5.90277282631
240.0	2.0	2.38856852914	7.1586006924
240.0	10.0	8.5974997282	7.11206203146
240.0	11.0	8.57203344994	6.0789037585
250.0	2.0	1.9089185443	7.10991409326
250.0	10.0	8.15152416091	7.25979244748
250.0	11.0	8.10080206949	6.25527335049
260.0	2.0	1.43305693144	7.05812491673
260.0	10.0	7.70554859361	7.40752286351
260.0	11.0	7.63988347941	6.4115955193
270.0	2.0	0.957195318577	7.00633574019
270.0	10.0	7.25368000324	7.497497608
270.0	11.0	7.21895326016	6.48939861401
280.0	2.0	0.481333705714	6.95430790385
280.0	10.0	6.80118001755	7.5810285379
280.0	11.0	6.7980230409	6.56696304892
290.0	2.0	0.00547209285026	6.90251872731
290.0	10.0	6.34868003185	7.6645594678
290.0	11.0	6.37709282165	6.64476614362
300.0	10.0	5.89618004616	7.7480903977
300.0	11.0	5.9561626024	6.72233057853
310.0	10.0	5.44620564178	7.76121668668
310.0	11.0	5.49734866342	6.75693624949
320.0	10.0	4.99665216762	7.76670586207
320.0	11.0	5.03432542224	6.78676872445
330.0	10.0	4.54709869346	7.77219503747
330.0	11.0	4.57130218107	6.81660119942
340.0	10.0	4.09733475419	7.77768421286
340.0	11.0	4.10827893989	6.84643367438
350.0	10.0	3.64462430339	7.81730173961
350.0	11.0	3.65472662865	6.9139743977
360.0	10.0	3.18854641083	7.89104761773
360.0	11.0	3.20222664295	6.98557233761
370.0	10.0	2.73246851827	7.96503215564
370.0	11.0	2.74972665726	7.05717027753
380.0	10.0	2.27660109082	8.03877803375
380.0	11.0	2.29722667156	7.12876821744
390.0	10.0	1.85314529025	8.14235638682
390.0	11.0	1.84241156966	7.25191667409
400.0	10.0	1.50587785937	8.31538474162
400.0	11.0	1.38738600265	7.38103162574
410.0	10.0	1.15861042849	8.48841309641
410.0	11.0	0.932360435641	7.51014657738
420.0	10.0	0.811342997606	8.6614414512
420.0	11.0	0.507852309526	7.6650367874
430.0	10.0	0.52847789027	8.85260795077
430.0	11.0	0.205834877214	7.92445998969
440.0	10.0	0.395674406096	9.08625589469
440.0	11.0	-0.0961825550989	8.18388319197
450.0	10.0	0.263081387032	9.31966517881
460.0	10.0	0.130488367968	9.55307446293
470.0	10.0	-0.00231511620588	9.78672240685
610.0	21.0	15.2561948665	2.82310677081
620.0	21.0	14.7424495339	2.78802378025
630.0	21.0	14.2287042013	2.75294078969
640.0	21.0	13.7149588687	2.71785779914
650.0	21.0	13.1862705134	2.69112790157
660.0	21.0	12.6352728564	2.67728563319
670.0	21.0	12.0844856645	2.663204705
680.0	21.0	11.5334880075	2.64912377682
680.0	23.0	15.2692437033	3.75387998969
690.0	21.0	10.9898566293	2.71547120114
690.0	23.0	14.7430809293	3.81044236222
700.0	21.0	10.446014786	2.78181862546
700.0	23.0	14.2169181552	3.86700473476
710.0	21.0	9.90238340788	2.84792738998
710.0	23.0	13.6907553811	3.92332844749
720.0	21.0	9.36759156432	2.90735368011
720.0	23.0	13.1645926071	3.97989082002
730.0	21.0	8.84626948778	2.95604027925
730.0	23.0	12.6289589031	4.02857741916
740.0	21.0	8.32494741124	3.00496553819
740.0	23.0	12.0922728735	4.07630937911
750.0	21.0	7.80341486959	3.05365213733
750.0	23.0	11.555586844	4.12404133905
760.0	21.0	7.28209279304	3.10257739627
760.0	23.0	11.0189008144	4.17177329899
770.0	21.0	6.76624280935	3.0791887359
770.0	23.0	10.4822147849	4.20327639255
780.0	21.0	6.25039282566	3.05580007553
780.0	23.0	9.94552875535	4.23310886752
790.0	21.0	5.73454284197	3.03241141516
790.0	23.0	9.40884272581	4.26294134248
800.0	21.0	5.21869285827	3.00902275479
800.0	23.0	8.87215669626	4.29277381745
810.0	21.0	4.70284287458	2.98563409442
810.0	23.0	8.36956601448	4.30995732303
820.0	21.0	4.19667428593	2.99183924921
820.0	23.0	7.87097416978	4.32547021001
830.0	21.0	3.69155802283	3.0013856412
830.0	23.0	7.37217185996	4.34098309699
840.0	21.0	3.18644175973	3.01093203318
840.0	23.0	6.87358001526	4.35649598397
850.0	21.0	2.68132549663	3.02047842517
850.0	23.0	6.37961840297	4.37200887095
860.0	21.0	2.17620923353	3.03002481716
860.0	23.0	5.89744283682	4.38680577853
870.0	21.0	1.66309529626	3.01594388898
870.0	23.0	5.41505680556	4.40184134591
880.0	21.0	1.14913949856	2.999237703
880.0	23.0	4.93267077429	4.4166382535
890.0	21.0	0.635394165959	2.98277017682
890.0	23.0	4.45049520814	4.43167382088
900.0	21.0	0.121438368254	2.96606399084
900.0	23.0	3.97421266506	4.43907227467
910.0	23.0	3.50403361016	4.43907227467
920.0	23.0	3.03385455525	4.43907227467
930.0	23.0	2.56367550035	4.43907227467
940.0	23.0	2.09349644545	4.43907227467
950.0	23.0	1.61174180951	4.4123423771
960.0	23.0	1.12725112715	4.37916866494
970.0	23.0	0.642549979687	4.34575629298
980.0	23.0	0.158059297329	4.31258258082
990.0	23.0	-0.326431385029	4.27917020886
1530.0	33.0	0.0833441834117	8.76143990728
1540.0	33.0	0.496487193607	8.54927134534
1550.0	33.0	0.909630203802	8.33710278339
1560.0	33.0	1.33119181838	8.18006463518
1570.0	33.0	1.76517087443	8.10560277767
1580.0	33.0	2.19936039559	8.03090226036
1590.0	33.0	2.62660456813	7.96813473303
1590.0	34.0	14.7887518581	4.80111919084
1600.0	33.0	3.02648827642	7.95214452645
1600.0	34.0	14.2274414107	4.80899496423
1610.0	33.0	3.4263719847	7.93615431987
1610.0	34.0	13.6661309633	4.81687073762
1620.0	33.0	3.82899173942	7.90703782431
1620.0	34.0	13.1142914459	4.82092795421
1630.0	33.0	4.24276614494	7.82470019341
1630.0	34.0	12.5715019282	4.82092795421
1640.0	33.0	4.65633008536	7.7423625625
1640.0	34.0	12.0287124104	4.82092795421
1650.0	33.0	5.09704402491	7.67171926179
1650.0	34.0	11.4859228927	4.82092795421
1660.0	33.0	5.60089749735	7.62852183804
1660.0	34.0	10.9685996532	4.79992589184
1670.0	33.0	6.1047509698	7.58508575449
1670.0	34.0	10.4620101344	4.77009341687
1680.0	33.0	6.60860444224	7.54164967095
1680.0	34.0	9.95563108062	4.74026094191
1680.0	39.0	0.136381391037	4.95600940085
1690.0	33.0	7.11372070534	7.39845379112
1690.0	34.0	9.45914388701	4.73548774591
1690.0	39.0	0.608244166818	4.9147212555
1700.0	33.0	7.61883696844	7.25525791129
1700.0	34.0	8.97233808845	4.75529650929
1700.0	39.0	1.07989647749	4.87367176995
1710.0	33.0	8.12395323155	7.11206203146
1710.0	34.0	8.48574275499	4.77510527267
1710.0	39.0	1.55260111371	4.83667950099
1720.0	33.0	8.59560554222	6.94738676966
1720.0	34.0	7.99893695643	4.79515269584
1720.0	39.0	2.02762086613	4.80923362403
1730.0	33.0	9.067468318	6.78295016766
1730.0	34.0	7.51234162297	4.81496145922
1730.0	39.0	2.50264061856	4.78202640686
1740.0	33.0	9.53575318691	6.60634191587
1740.0	34.0	7.06341954414	4.82092795421
1740.0	39.0	2.97787083609	4.75481918969
1750.0	33.0	9.97373108004	6.32257541401
1750.0	34.0	6.63091374386	4.82092795421
1750.0	39.0	3.44110454238	4.8268944492
1760.0	33.0	10.4117089732	6.03880891215
1760.0	34.0	6.19819747847	4.82092795421
1760.0	39.0	3.90139173713	4.92379032789
1770.0	33.0	10.8496868663	5.75504241029
1770.0	34.0	5.76548121308	4.82092795421
1770.0	39.0	4.36188939699	5.02068620657
1780.0	33.0	11.2950310383	5.47962900142
1780.0	34.0	5.3329754128	4.82092795421
1780.0	39.0	4.81607310356	5.10397847667
1790.0	33.0	11.7508984657	5.21710322174
1790.0	34.0	4.89457658945	4.81782537682
1790.0	39.0	5.26604750794	5.17820167438
1800.0	33.0	12.2069763583	4.95457744205
1800.0	34.0	4.44291846419	4.80804032503
1800.0	39.0	5.71602191232	5.25218621229
1810.0	33.0	12.6272751822	4.661503208
1810.0	34.0	3.99147080405	4.79801661344
1810.0	39.0	6.15484166589	5.2431171399
1820.0	33.0	12.9939054032	4.32284495221
1820.0	34.0	3.53981267879	4.78799290185
1820.0	39.0	6.58882072194	5.19824909756
1830.0	33.0	13.3605356241	3.98418669642
1830.0	34.0	3.08815455354	4.77820785006
1830.0	39.0	7.02301024309	5.15361971501
1840.0	33.0	13.694333288	3.69516967896
1840.0	34.0	2.63523363762	4.76364960228
1840.0	39.0	7.47824627521	5.12068466265
1850.0	33.0	13.951521652	3.52285730357
1850.0	34.0	2.18083946594	4.7447954781
1850.0	39.0	7.95494974852	5.09968260028
1860.0	33.0	14.172299552	3.28753874105
1860.0	34.0	1.72644529426	4.72594135393
1860.0	39.0	8.43165322182	5.0784418781
1870.0	33.0	14.3564565229	2.98921399141
1870.0	34.0	1.27205112258	4.70684856995
1870.0	39.0	8.90435785804	5.05362125893
1880.0	33.0	14.6008065152	2.59900521888
1880.0	34.0	0.817867416005	4.68799444577
1880.0	39.0	9.3429671465	4.993956309
1890.0	33.0	14.8521018561	2.19877273476
1890.0	34.0	0.363473244323	4.66890166179
1890.0	39.0	9.78136596985	4.93429135908
1890.0	41.0	0.0170476738797	7.6597862718
1900.0	33.0	15.1031867318	1.79830159084
1900.0	34.0	-0.0909209273582	4.65004753762
1900.0	39.0	10.2197647932	4.87462640915
1900.0	41.0	0.352739523732	7.6662300864
1900.0	43.0	0.248559294468	5.81208210242
1910.0	39.0	10.6495345471	4.82092795421
1910.0	41.0	0.688220908475	7.67267390099
1910.0	43.0	0.866905786548	5.77485117367
1910.0	45.0	-0.034305812869	7.14953162002
1920.0	39.0	11.0704647663	4.77319599427
1920.0	41.0	1.02391275833	7.67911771558
1920.0	43.0	1.48504181352	5.73762024491
1920.0	45.0	0.314434873781	7.11540326866
1930.0	39.0	11.4913949856	4.72546403433
1930.0	41.0	1.35960460818	7.68269761258
1930.0	43.0	2.10233598005	5.69108158397
1930.0	45.0	0.66317556043	7.0812749173
1940.0	39.0	11.9123252048	4.67773207438
1940.0	41.0	1.69634878358	7.6624115296
1940.0	43.0	2.7112115422	5.56339859112
1940.0	45.0	1.01212671219	7.04738522574
1950.0	39.0	12.2806391466	4.76388826208
1950.0	41.0	2.03309295898	7.64188678682
1950.0	43.0	3.32008710434	5.43547693847
1950.0	45.0	1.36360344526	7.01874604977
1960.0	39.0	12.6489530885	4.85004444978
1960.0	41.0	2.36983713438	7.62136204405
1960.0	43.0	3.92306964342	5.31018054362
1960.0	45.0	1.74138831704	7.03974811215
1970.0	39.0	13.0172670303	4.93620063747
1970.0	41.0	2.69900456584	7.61324761086
1970.0	43.0	4.51237195037	5.19085064377
1970.0	45.0	2.11896272371	7.06075017452
1980.0	39.0	13.3750577167	5.05553053733
1980.0	41.0	3.02333129977	7.61324761086
1980.0	43.0	5.10167425732	5.07152074391
1980.0	45.0	2.49653713038	7.0819908967
1980.0	52.0	15.1250751032	4.98703517481
1990.0	39.0	13.7170635198	5.22474033533
1990.0	41.0	3.34744756859	7.61324761086
1990.0	43.0	5.69413354092	4.96627177224
1990.0	45.0	2.88105688566	7.04428264834
1990.0	52.0	14.5669216325	4.9972975462
2000.0	39.0	14.059069323	5.39371147352
2000.0	41.0	3.67177430253	7.61324761086
2000.0	43.0	6.29353817313	4.89395785292
2000.0	45.0	3.2689440827	6.98151512102
2000.0	52.0	14.0087681618	5.00779857739
2010.0	39.0	14.425699544	5.27820013046
2010.0	41.0	4.00409871063	7.50585070099
2010.0	43.0	6.89315327046	4.82164393361
2010.0	45.0	3.65662081463	6.91850893389
2010.0	52.0	13.4520879468	5.07486198111
2020.0	39.0	14.7923297649	5.1626887874
2020.0	41.0	4.33726497916	7.38652080113
2020.0	43.0	7.49255790267	4.7493300143
2020.0	45.0	4.04429754656	6.85574140657
2020.0	52.0	12.8964600574	5.17987229298
2030.0	39.0	15.1589599859	5.04717744434
2030.0	41.0	4.67064171281	7.26719090127
2030.0	43.0	8.08564858159	4.64073980543
2030.0	45.0	4.39472195409	6.75264037309
2030.0	52.0	12.3456728655	5.28058672846
2040.0	41.0	5.02127658545	7.14189450642
2040.0	43.0	8.67873926052	4.53238825636
2040.0	45.0	4.74093705942	6.64476614362
2040.0	52.0	11.8390833467	5.34239961659
2050.0	41.0	5.41295215446	7.00275584319
2050.0	43.0	9.27204040455	4.42379804749
2050.0	45.0	5.08715216476	6.53689191415
2050.0	52.0	11.3322833627	5.40421250471
2060.0	41.0	5.80483818858	6.86337852016
2060.0	43.0	9.92869154658	4.36747433476
2060.0	45.0	5.47272424559	6.39966252932
2060.0	52.0	10.8475822152	5.45910425865
2070.0	41.0	6.19651375759	6.72423985693
2070.0	43.0	10.6127031529	4.3333459834
2070.0	45.0	5.86818818658	6.25503469069
2070.0	52.0	10.3955031597	5.50325632159
2080.0	41.0	6.56714281565	6.60944449326
2080.0	43.0	11.2967147592	4.29921763204
2080.0	45.0	6.26365212757	6.11040685206
2080.0	52.0	9.94321363915	5.54740838454
2090.0	41.0	6.92893233909	6.50491150099
2090.0	43.0	11.952944971	4.31807175622
2090.0	45.0	6.64627769686	5.94406097166
2090.0	52.0	9.5376473729	5.65814653161
2100.0	41.0	7.29072186254	6.40061716852
2100.0	43.0	12.6062286712	4.34289237539
2100.0	45.0	7.01606489448	5.75599704949
2100.0	52.0	9.15165436185	5.79752385464
2110.0	41.0	7.56622069104	6.20515479255
2110.0	43.0	13.2593019064	4.36747433476
2110.0	45.0	7.3860625572	5.56793312731
2110.0	52.0	8.77786832715	5.97150684863
2120.0	41.0	7.7556392897	5.91876303289
2120.0	43.0	13.8976425839	4.43119650128
2120.0	45.0	7.74216952268	5.40397384491
2120.0	52.0	8.43207415204	6.22735015392
2130.0	41.0	7.96147416691	5.70921972875
2130.0	43.0	14.5361937265	4.494680008
2130.0	45.0	8.04271369923	5.33571714219
2130.0	52.0	8.0944881162	6.35312386837
2140.0	41.0	8.18351485757	5.5767635399
2140.0	43.0	15.174534404	4.55840217453
2140.0	45.0	8.35988461944	5.27342693447
2140.0	52.0	7.67439975739	6.43307490128
2150.0	41.0	8.46764275556	5.60850529327
2150.0	45.0	8.82459158149	5.26340322288
2150.0	52.0	7.12908465835	6.46553263404
2160.0	41.0	8.77849972248	5.71089034734
2160.0	45.0	9.28950900865	5.25337951129
2160.0	52.0	6.5749300247	6.46481665464
2170.0	41.0	9.19016947691	5.79609189584
2170.0	45.0	9.73337992485	5.26722177968
2170.0	52.0	5.98562771775	6.3311671668
2180.0	41.0	9.66897760131	5.87031509355
2180.0	45.0	10.1682008413	5.29108775965
2180.0	52.0	5.3963254108	6.19751767896
2190.0	41.0	10.1479961908	5.94429963146
2190.0	45.0	10.6032322229	5.31495373962
2190.0	52.0	4.80491845275	6.12639705864
2200.0	41.0	10.611019432	5.93857179627
2200.0	45.0	11.0559426737	5.32211353361
2200.0	52.0	4.21245916915	6.0822449957
2210.0	41.0	11.0668868594	5.89895426952
2210.0	45.0	11.5164403336	5.32211353361
2210.0	52.0	3.61999988556	6.03809293275
2220.0	41.0	11.522964752	5.85909808297
2220.0	45.0	11.9767275284	5.32211353361
2220.0	52.0	2.98860455668	5.88248674334
2230.0	41.0	11.9409484597	5.86243932016
2230.0	45.0	12.4311217	5.32211353361
2230.0	52.0	2.35720922781	5.72688055392
2240.0	41.0	12.342726354	5.88415736194
2240.0	45.0	12.8792019184	5.32211353361
2240.0	52.0	1.74496622391	5.56387591072
2250.0	41.0	12.7447147134	5.90563674391
2250.0	45.0	13.3272821368	5.32211353361
2250.0	52.0	1.14114182439	5.39776869012
2260.0	41.0	13.1563844678	5.90826200171
2260.0	45.0	13.757683286	5.30707796623
2260.0	52.0	0.537317424874	5.2474130163
2270.0	41.0	13.5832077101	5.88153210414
2270.0	45.0	14.1619867616	5.26936971787
2270.0	52.0	-0.0658755793128	5.11996868325
2280.0	41.0	14.0100309524	5.85504086637
2280.0	45.0	14.5665007023	5.23166146952
2290.0	41.0	14.4366437297	5.8285496286
2290.0	45.0	14.9708041779	5.19395322116
2300.0	41.0	14.8948262733	5.80969550442
2310.0	41.0	15.3610064911	5.79251199885
2980.0	60.0	15.1113948711	8.04283525034
2990.0	60.0	14.6809937219	7.8258934924
3000.0	60.0	14.2503821076	7.60895173446
3010.0	60.0	13.7757832854	7.46265327724
3020.0	60.0	13.2900298124	7.33425430499
3030.0	60.0	12.7956472699	7.21850430213
3040.0	60.0	12.2667484494	7.15406615621
3050.0	60.0	11.7376391638	7.08938935049
3050.0	64.0	-0.14038022812	5.28631456365
3060.0	60.0	11.2087403433	7.02495120457
3060.0	64.0	0.315697664438	5.19681713876
3070.0	60.0	10.6771054764	6.97745790442
3070.0	64.0	0.771775556997	5.10731971387
3080.0	60.0	10.1427345631	6.94690945006
3080.0	64.0	1.22953717043	5.01376507238
3090.0	60.0	9.60857411484	6.9161223359
3090.0	64.0	1.69424413249	4.90445888411
3100.0	60.0	9.0742032015	6.88557388153
3100.0	64.0	2.15895109454	4.79515269584
3110.0	60.0	8.56698228731	6.82304501401
3110.0	64.0	2.56367550035	4.72379341573
3120.0	60.0	8.07786137254	6.73927542431
3120.0	64.0	2.95345688338	4.6617418678
3130.0	60.0	7.58874045777	6.65526717481
3130.0	64.0	3.33902896421	4.60303155707
3140.0	60.0	7.09940907789	6.57149758511
3140.0	64.0	3.68671732531	4.57200578311
3150.0	60.0	6.63154513919	6.43951871587
3150.0	64.0	4.03461615152	4.54074134935
3160.0	60.0	6.1659963167	6.30205067123
3160.0	64.0	4.47617195152	4.53453619456
3170.0	60.0	5.70044749421	6.1645826266
3170.0	64.0	4.9415103089	4.53453619456
3180.0	60.0	5.21574634674	6.04024087095
3180.0	64.0	5.51208122109	4.63477331044
3190.0	60.0	4.71820682759	5.92449086809
3190.0	64.0	6.09443817943	4.7462274369
3190.0	67.0	1.20870112458	0.514789187982
3200.0	60.0	4.22087777354	5.80874086523
3200.0	64.0	6.67658467265	4.85744290357
3200.0	67.0	1.09841740714	1.27635260887
3210.0	60.0	3.7083952316	5.69704807896
3210.0	64.0	7.21705907417	4.9142439359
3210.0	67.0	1.03401508359	2.02646035937
3210.0	68.0	3.02417316021	3.18324440858
3220.0	60.0	3.16118594658	5.59490168468
3220.0	64.0	7.75269277817	4.96483981344
3220.0	67.0	1.15292787053	2.73217738712
3220.0	68.0	2.8863185134	3.58657947009
3230.0	60.0	2.61397666155	5.49251663061
3230.0	64.0	8.28853694727	5.01543569098
3230.0	67.0	1.27184065747	3.43765575507
3230.0	68.0	2.7484638666	3.98967587181
3240.0	60.0	2.06676737652	5.39037023633
3240.0	64.0	8.84184972048	5.03572177395
3240.0	67.0	1.52902902143	3.78633772245
3240.0	68.0	2.60029642942	4.41854753189
3250.0	60.0	1.55744181123	5.3316599256
3250.0	64.0	9.40715900493	5.03572177395
3250.0	67.0	1.84409529054	4.06270577052
3250.0	68.0	2.42792550464	4.90660682231
3260.0	60.0	1.05758717587	5.28392796566
3260.0	64.0	9.97246828939	5.03572177395
3260.0	67.0	2.32963829844	4.20948154735
3260.0	68.0	2.23871737109	5.38774497853
3270.0	60.0	0.557732540508	5.23619600571
3270.0	64.0	10.5386194343	5.03238053676
3270.0	67.0	2.92651734934	4.26938515707
3270.0	68.0	1.89671156795	5.80539962803
3280.0	60.0	0.057877905147	5.18846404577
3280.0	64.0	11.1131891836	5.0001614638
3280.0	67.0	3.53581384171	4.31974237481
3280.0	68.0	1.5547057648	6.22305427753
3290.0	64.0	11.6875484677	4.96794239084
3290.0	67.0	4.09712428908	4.29706969384
3290.0	68.0	1.165345312	6.53736923375
3300.0	64.0	12.262118217	4.93572331787
3300.0	67.0	4.65822427134	4.27439701287
3300.0	68.0	0.755359278446	6.80753212703
3310.0	64.0	12.8295321526	4.93333671988
3310.0	67.0	5.19238471957	4.15960164921
3310.0	68.0	0.345583710005	7.0774563605
3320.0	64.0	13.3860019024	4.97581816423
3320.0	67.0	5.72359865627	4.03454391416
3320.0	68.0	-0.0641918584358	7.34761925378
3330.0	64.0	13.9426821174	5.01829960857
3330.0	67.0	6.14263468953	3.94576246866
3340.0	64.0	14.4991518672	5.06054239312
3340.0	67.0	6.53346839811	3.86628875536
3350.0	64.0	15.0558320822	5.10302383747
3350.0	67.0	6.9531358267	3.88633617853
3360.0	67.0	7.38501023165	3.94910370586
3370.0	67.0	7.75206138284	4.1617495874
3380.0	67.0	8.10290672058	4.4118650575
3390.0	67.0	8.3941904323	4.4956346472
3400.0	67.0	8.66000786576	4.50804495679
3410.0	67.0	8.71493925937	4.5016011422
3420.0	67.0	8.71725437558	4.49014547181
3430.0	67.0	8.71956949179	4.47892846122
3440.0	67.0	8.72167414288	4.46747279084
3450.0	67.0	8.72398925909	4.45601712045
3460.0	67.0	8.72609391018	4.44480010986
3470.0	67.0	8.72840902639	4.43334443948
3480.0	67.0	8.7307241426	4.42212742889
3490.0	67.0	8.73282879369	4.4106717585
3500.0	67.0	8.7351439099	4.39921608812
3510.0	67.0	8.73724856099	4.38799907753
3520.0	67.0	8.7395636772	4.37654340715
3530.0	67.0	8.7416683283	4.36508773676
3540.0	67.0	8.7439834445	4.35387072617
3550.0	67.0	8.74629856071	4.34241505579
3560.0	67.0	8.7484032118	4.3311980452
3570.0	67.0	8.75071832801	4.31974237481
3580.0	67.0	8.75282297911	4.30828670443
3590.0	67.0	8.75513809531	4.29706969384
3600.0	67.0	8.87847064955	4.167000103
3610.0	67.0	9.01527297081	4.02380422317
3620.0	67.0	9.52501946632	3.92762432388
3630.0	67.0	10.0762275884	3.83669494019
3640.0	67.0	10.6653194303	3.84838927038
3650.0	67.0	11.263882202	3.88562019913
3660.0	67.0	11.8624449738	3.92285112789
3670.0	67.0	12.419546119	3.99230112961
3680.0	67.0	12.949497265	4.0827531937
3690.0	67.0	13.479237946	4.17320525779
3700.0	67.0	14.0256053706	4.25602020829
3710.0	67.0	14.5789181438	4.33573258139
3720.0	67.0	15.1324413821	4.4152062947
3990.0	74.0	0.198889528596	5.37795992674
4000.0	74.0	0.772196487216	5.41924807209
4010.0	74.0	1.34550344584	5.46029755764
4020.0	74.0	1.90555110255	5.49132333161
4030.0	74.0	2.43487085326	5.498005806
4040.0	74.0	2.96398013886	5.50492694019
4050.0	74.0	3.49308942445	5.51160941458
4060.0	74.0	4.05987196468	5.52211044577
4070.0	74.0	4.63633589994	5.53356611616
4080.0	74.0	5.2125893701	5.54478312674
4090.0	74.0	5.78884284025	5.55623879713
4100.0	74.0	6.38551142604	5.5786728183
4110.0	74.0	6.99586024395	5.60850529327
4120.0	74.0	7.60620906187	5.63833776823
4130.0	74.0	8.21655787978	5.66817024319
4140.0	74.0	8.78502414088	5.75504241029
4150.0	74.0	9.3254985424	5.87962282574
4160.0	74.0	9.86597294392	6.00444190099
4170.0	74.0	10.4064473454	6.12926097624
4180.0	74.0	10.9429229099	6.25718262889
4190.0	74.0	11.4629821958	6.39751459112
4200.0	74.0	11.9828310165	6.53784655335
4210.0	74.0	12.5028903024	6.67817851558
4220.0	74.0	13.0227391232	6.663381608
4230.0	74.0	13.5423774789	6.60992181286
4240.0	74.0	14.0620158345	6.55622335793
4250.0	74.0	14.5818646553	6.50276356279
4260.0	74.0	15.101503011	6.44906510786
4310.0	83.0	15.0211053391	5.52234910557
4320.0	83.0	14.5401925636	5.61614240686
4330.0	83.0	14.059069323	5.70993570814
4340.0	83.0	13.5768937568	5.78869344205
4350.0	83.0	13.0921926094	5.8318908658
4360.0	83.0	12.6074914619	5.87532694935
4370.0	83.0	12.1227903144	5.91876303289
4380.0	83.0	11.7142775366	6.10133777967
4390.0	83.0	11.3057647589	6.28367386666
4400.0	83.0	10.897041516	6.46624861344
4410.0	83.0	10.4811624594	6.64548212302
4420.0	83.0	10.0602322401	6.82256769441
4430.0	83.0	9.63930202085	6.9996532658
4440.0	83.0	9.22447528978	7.12566564004
4450.0	83.0	8.81554158177	7.20060481715
4460.0	83.0	8.40660787377	7.27578265406
4470.0	83.0	7.99767416577	7.35072183117
4480.0	83.0	7.56495790038	7.43687801887
4490.0	83.0	7.1324521001	7.52303420657
4500.0	83.0	6.69973583471	7.60919039426
4500.0	84.0	-0.0648232537647	5.23404806752
4510.0	83.0	6.30784980059	7.69105070557
4510.0	84.0	0.412932545085	5.21567126294
4520.0	83.0	5.97720911336	7.76598988268
4520.0	84.0	0.890477878826	5.19729445836
4530.0	83.0	5.64656842614	7.84092905979
4530.0	84.0	1.36802321257	5.17891765378
4540.0	83.0	5.31571727381	7.9161068967
4540.0	84.0	1.86093249931	5.17891765378
4550.0	83.0	4.97707891242	7.98197700142
4550.0	84.0	2.35384178605	5.17891765378
4560.0	83.0	4.63738822549	8.04713112674
4560.0	84.0	2.84675107279	5.17891765378
4570.0	83.0	4.29769753855	8.11228525206
4570.0	84.0	3.34576384772	5.17366713819
4580.0	83.0	3.95821731673	8.17743937738
4580.0	84.0	3.86919057536	5.14789187982
4590.0	83.0	3.65514755887	8.23376309011
4590.0	84.0	4.39240683788	5.12211662145
4600.0	83.0	3.38848826497	8.28149505006
4600.0	84.0	4.91583356552	5.09634136308
4610.0	83.0	3.12182897108	8.32922701
4610.0	84.0	5.43378820031	5.14455064262
4620.0	83.0	2.84822432856	8.36956051615
4620.0	84.0	5.94648120736	5.26698311988
4630.0	83.0	2.56767433743	8.40273422831
4630.0	84.0	6.45917421441	5.38941559713
4640.0	83.0	2.2871243463	8.43590794047
4640.0	84.0	6.97186722146	5.51184807438
4650.0	83.0	2.00636389006	8.46908165263
4650.0	84.0	7.48561255405	5.61256250986
4660.0	83.0	1.71781622476	8.51275639598
4660.0	84.0	7.99998928198	5.69871869756
4670.0	83.0	1.42842669903	8.55738577853
4670.0	84.0	8.51457647501	5.78487488525
4680.0	83.0	1.13903717329	8.60225382087
4680.0	84.0	9.02895320294	5.87103107295
4690.0	83.0	0.90499997139	8.71585588554
4690.0	84.0	9.54396132619	5.9149444761
4690.0	86.0	15.3117576555	8.19390690356
4700.0	83.0	0.711582535644	8.86931413675
4700.0	84.0	10.0591799146	5.95885787925
4700.0	86.0	14.8106402295	8.11443319026
4710.0	83.0	0.586566260526	9.06310589412
4710.0	84.0	10.5741880378	6.00300994219
4710.0	86.0	14.3095228034	8.03495947695
4720.0	83.0	0.461760450518	9.25713631129
4720.0	84.0	11.0921426726	6.05408313933
4720.0	86.0	13.8189286329	7.92064143289
4730.0	83.0	0.336744175401	9.45092806865
4730.0	84.0	11.620831028	6.13355685264
4730.0	86.0	13.3388577178	7.77147905807
4740.0	83.0	0.208991853858	9.62133116565
4740.0	84.0	12.1497298485	6.21303056594
4740.0	86.0	12.8587868028	7.62231668325
4750.0	83.0	0.0812395323155	9.79197292244
4750.0	84.0	12.678628669	6.29274293904
4750.0	86.0	12.3700868182	7.48198472102
4760.0	83.0	-0.0465127892272	9.96237601944
4760.0	84.0	13.1961623735	6.3314058266
4760.0	86.0	11.8613926483	7.36265482116
4770.0	84.0	13.6871774743	6.27436613447
4770.0	86.0	11.3529089434	7.2433249213
4780.0	84.0	14.1784030401	6.21756510213
4780.0	86.0	10.8078043095	7.24069966351
4790.0	84.0	14.6694181409	6.1607640698
4790.0	86.0	10.2587008385	7.25120069469
4800.0	84.0	15.1604332417	6.10396303747
4800.0	86.0	9.75611015669	7.31611616022
4810.0	86.0	9.2840369158	7.41730791529
4820.0	86.0	8.81217414002	7.51849967037
4830.0	86.0	8.34031136424	7.62398730185
4840.0	86.0	7.86844858846	7.73925998511
4850.0	86.0	7.39679627779	7.85429400857
4860.0	86.0	6.92156606025	7.95333782545
4870.0	86.0	6.4414951452	8.02803834276
4870.0	91.0	-0.183315110484	6.57340686351
4880.0	86.0	5.96142423014	8.10250020027
4880.0	91.0	0.380310453093	6.60753521487
4890.0	86.0	5.48914052414	8.163597109
4890.0	91.0	0.94414648178	6.64166356623
4900.0	86.0	5.04842658459	8.17123422259
4900.0	91.0	1.50777204536	6.67555325778
4910.0	86.0	4.60792311014	8.17863267638
4910.0	91.0	2.07897435288	6.71970532073
4920.0	86.0	4.16720917059	8.18603113017
4920.0	91.0	2.65186038128	6.76600532188
4930.0	86.0	3.67808825582	8.17910999598
4930.0	91.0	3.22474640968	6.81230532302
4940.0	86.0	3.18917780616	8.17195020199
4940.0	91.0	3.79784290319	6.84810429298
4950.0	86.0	2.70005689139	8.1650290678
4950.0	91.0	4.37199172225	6.84094449899
4960.0	86.0	2.24797783591	8.20249865635
4960.0	91.0	4.9459300762	6.8335460452
4970.0	86.0	1.82052319826	8.26956206007
4970.0	91.0	5.51986843015	6.8263862512
4980.0	86.0	1.39306856061	8.33662546379
4980.0	91.0	6.1245346901	6.7481058369
4990.0	86.0	1.02833252563	8.47504814762
4990.0	91.0	6.73256839181	6.6619496492
5000.0	86.0	0.757674394652	8.72062908153
5000.0	91.0	7.34060209352	6.5757934615
5010.0	86.0	0.487016263673	8.96621001543
5010.0	91.0	7.93032533069	6.47030583003
5020.0	86.0	0.216568597805	9.21155228954
5020.0	91.0	8.47753461572	6.32042747581
5030.0	86.0	0.150482553382	9.46357703804
5030.0	91.0	9.02474390074	6.17031046179
5040.0	86.0	0.107126740799	9.71631776593
5040.0	91.0	9.57195318577	6.02043210757
5050.0	86.0	0.0637709282165	9.96905849383
5050.0	91.0	10.1326322378	5.79943313304
5060.0	86.0	0.0204151156337	10.2215605619
5060.0	91.0	10.6966787316	5.56077333332
5070.0	91.0	11.2609356905	5.33714910099
5080.0	91.0	11.8258240447	5.14884651902
5090.0	91.0	12.4264914676	5.00493465979
5100.0	91.0	13.0804065632	4.92832486408
5110.0	91.0	13.7343216588	4.85171506837
5120.0	91.0	14.3615076855	4.88870733733
5130.0	91.0	14.9708041779	5.00183208239
5440.0	101.0	0.336744175401	7.62183936365
5450.0	101.0	0.757674394652	7.40012440971
5460.0	101.0	1.1786046139	7.17864811558
5470.0	101.0	1.58396041504	6.97578728582
5480.0	101.0	1.98279179778	6.78104088926
5490.0	101.0	2.38162318052	6.58629449269
5500.0	101.0	2.78045456326	6.39178675593
5510.0	101.0	3.21674873552	6.19775633876
5520.0	101.0	3.65746267507	6.00372592159
5530.0	101.0	4.09817661463	5.80993416422
5540.0	101.0	4.532787066	5.70778776995
5550.0	101.0	4.96466147096	5.64502024262
5560.0	101.0	5.39674634102	5.5820140555
5570.0	101.0	5.82883121108	5.51924652817
5580.0	101.0	6.22029631498	5.52688364176
5590.0	101.0	6.60734165158	5.54239652875
5600.0	101.0	6.99417652308	5.55767075593
5610.0	101.0	7.34396953527	5.60564137567
5620.0	101.0	7.68450208265	5.6619650884
5630.0	101.0	8.02482416491	5.71805014133
5640.0	101.0	8.38703461858	5.7457346781
5650.0	101.0	8.78165669913	5.73069911072
5660.0	101.0	9.17627877967	5.71590220314
5670.0	101.0	9.58310783658	5.68678570757
5680.0	101.0	10.0391857291	5.60062951988
5690.0	101.0	10.4952636217	5.51447333218
5700.0	101.0	10.9511310491	5.42807848468
5710.0	101.0	11.426992662	5.35170734877
5720.0	101.0	11.9161135768	5.28130270786
5730.0	101.0	12.4050240264	5.21113672674
5730.0	105.0	14.5096751227	12.3716466975
5740.0	101.0	12.8973019179	5.14240270443
5740.0	105.0	14.5532414004	12.0590023599
5750.0	101.0	13.402418181	5.0786805379
5750.0	105.0	14.5968076781	11.7461193625
5760.0	101.0	13.9075344441	5.01495837138
5760.0	105.0	14.6355332582	11.4394415199
5770.0	101.0	14.4126507072	4.95147486465
5770.0	105.0	14.6626832574	11.1468446054
5780.0	101.0	14.9177669703	4.88775269813
5780.0	105.0	14.6898332565	10.8544863508
5790.0	105.0	14.7045658142	10.5552069619
5800.0	105.0	14.6694181409	10.2289590157
5810.0	105.0	14.6342704676	9.90271106951
5820.0	105.0	14.6027007011	9.58887343289
5830.0	105.0	14.585232097	9.32372239541
5840.0	105.0	14.567763493	9.05857135792
5850.0	105.0	14.5500844237	8.79318166064
5860.0	105.0	14.5536623306	8.52803062316
5870.0	105.0	14.5711309347	8.26287958568
5880.0	105.0	14.5888100039	7.9977285482
5890.0	105.0	14.606278608	7.73257751072
5900.0	105.0	14.7140367441	7.46480121544
5910.0	105.0	14.8217948803	7.19702492016
5920.0	105.0	14.9297634815	6.92924862488
5930.0	105.0	15.0375216176	6.6614723296
5940.0	105.0	15.168851846	6.43951871587
6210.0	111.0	15.1236018475	5.34597951358
6210.0	113.0	-0.0420930219251	5.98511045721
6220.0	111.0	14.7916983696	5.34597951358
6220.0	113.0	0.378837197326	6.13045427524
6230.0	111.0	14.4597948917	5.34597951358
6230.0	113.0	0.799767416577	6.27579809326
6240.0	111.0	14.1403088553	5.3290346678
6240.0	113.0	1.21648833364	6.39130943633
6250.0	111.0	13.8496565389	5.27199497567
6250.0	113.0	1.6289999485	6.47722696422
6260.0	111.0	13.6591856147	5.20493157195
6260.0	113.0	2.04151156337	6.56314449212
6270.0	111.0	13.878700724	5.07629393991
6270.0	113.0	2.39235690111	6.61612696766
6280.0	111.0	14.1807181563	4.76484290128
6280.0	113.0	2.74299177375	6.66910944319
6290.0	111.0	14.4827355887	4.45363052245
6290.0	113.0	3.09215339062	6.71230686694
6300.0	111.0	14.9188192958	4.22976763032
6300.0	113.0	3.43710570529	6.73211563032
6310.0	111.0	15.3881564903	4.02786143976
6310.0	113.0	3.78184755486	6.75216305349
6310.0	114.0	15.0097402232	4.93930321487
6320.0	113.0	4.12679986954	6.77197181687
6320.0	114.0	14.6071204685	5.05338259913
6330.0	113.0	4.48922078831	6.80514552903
6330.0	114.0	14.2045007137	5.1674619834
6340.0	113.0	4.85879752081	6.84380841658
6340.0	114.0	13.7433716585	5.22664961372
6350.0	113.0	5.22858471843	6.88247130414
6350.0	114.0	13.275718185	5.27963208926
6360.0	113.0	5.59837191604	6.92113419169
6360.0	114.0	12.8147995949	5.3266480698
6370.0	113.0	5.97110562519	6.85979862316
6370.0	114.0	12.3806100737	5.34884343118
6380.0	113.0	6.34404979944	6.79846305464
6380.0	114.0	11.9466310177	5.37127745235
6390.0	113.0	6.71678350859	6.73712748611
6390.0	114.0	11.5124414965	5.39371147352
6400.0	113.0	7.099619543	6.65860841201
6400.0	114.0	11.0915112773	5.42354394849
6410.0	113.0	7.49255790267	6.56314449212
6410.0	114.0	10.670581058	5.45337642345
6420.0	113.0	7.88549626234	6.46768057223
6420.0	114.0	10.2496508388	5.48320889842
6430.0	113.0	8.27001601763	6.38367232274
6430.0	114.0	9.83482410769	5.4960965276
6440.0	113.0	8.64632763364	6.31135840342
6440.0	114.0	9.42126016728	5.50444962059
6450.0	113.0	9.02263924965	6.23904448411
6450.0	114.0	9.00790669197	5.51304137338
6460.0	113.0	9.39368923792	6.14477386322
6460.0	114.0	8.63559391305	5.54979498254
6470.0	113.0	9.74453457566	5.96172179684
6470.0	114.0	8.26328113412	5.58654859169
6480.0	113.0	10.0953799134	5.77866973046
6480.0	114.0	7.89075789008	5.62330220085
6490.0	113.0	10.4645357157	5.61924498425
6490.0	114.0	7.52286487845	5.66960220199
6500.0	113.0	10.9071438412	5.55337487953
6500.0	114.0	7.19559163299	5.80205839083
6510.0	113.0	11.3499624319	5.48750477481
6510.0	114.0	6.86810792241	5.93475323947
6520.0	113.0	11.7910973017	5.47581044463
6520.0	114.0	6.54083467694	6.06720942832
6530.0	113.0	12.2288647297	5.59036714849
6530.0	114.0	6.23902770974	6.22687283432
6540.0	113.0	12.6666321577	5.70492385235
6540.0	114.0	5.9626870208	6.4132661379
6550.0	113.0	13.1258670269	5.76077024548
6550.0	114.0	5.68655679697	6.59965944148
6560.0	113.0	13.5901530587	5.80181973103
6560.0	114.0	5.42452773549	6.77221047667
6570.0	113.0	14.0546495557	5.84310787638
6570.0	114.0	5.19533123111	6.9127810987
6570.0	118.0	14.7851739512	5.29824755364
6580.0	113.0	14.4589530313	5.83928931959
6580.0	114.0	4.96634519183	7.05311306093
6580.0	118.0	14.2590111771	5.29824755364
6580.0	120.0	-0.0412511614866	4.94741764806
6580.0	121.0	0.0315697664438	4.42523000629
6590.0	113.0	14.8565216234	5.830458907
6590.0	114.0	4.73735915256	7.19344502316
6590.0	118.0	13.7351635193	5.30063415164
6590.0	120.0	0.581094167676	4.87486506895
6590.0	121.0	0.557732540508	4.32570886981
6600.0	113.0	15.2540902154	5.82162849441
6600.0	114.0	4.52499985695	7.31492286122
6600.0	118.0	13.2327833026	5.32354549241
6600.0	120.0	1.20322903173	4.80231248983
6600.0	121.0	1.08389531457	4.22618773333
6610.0	114.0	4.31453474732	7.43425276107
6610.0	118.0	12.7304030859	5.34669549298
6610.0	120.0	1.77632552524	4.73978362231
6610.0	121.0	1.60626971666	4.14241814363
6620.0	114.0	4.24697544713	7.47434760743
6620.0	118.0	12.2280228692	5.36984549355
6620.0	120.0	2.31658946165	4.68417588898
6620.0	121.0	2.12485574678	4.07416144091
6630.0	114.0	4.24087195895	7.48031410242
6630.0	118.0	11.690074049	5.37867590614
6630.0	120.0	2.85664293295	4.62832949584
6630.0	121.0	2.64365224201	4.00614339799
6640.0	114.0	4.23476847078	7.48628059741
6640.0	118.0	11.1523356939	5.38750631873
6640.0	120.0	3.4263719847	4.57272176251
6640.0	121.0	3.22390454924	3.96604855164
6650.0	114.0	4.2286649826	7.4922470924
6650.0	118.0	10.6364857103	5.38869961773
6650.0	120.0	4.01567429166	4.51711402918
6650.0	121.0	3.83046499518	3.93788669527
6660.0	114.0	4.22235102931	7.4982135874
6660.0	118.0	10.1719892133	5.37223209155
6660.0	120.0	4.60497659861	4.46126763604
6660.0	121.0	4.43702544113	3.90972483891
6670.0	114.0	4.21624754113	7.50418008239
6670.0	118.0	9.70749271637	5.35576456537
6670.0	120.0	5.19933006819	4.43334443948
6670.0	121.0	5.01664635303	3.86628875536
6680.0	114.0	4.21014405295	7.51014657738
6680.0	118.0	9.22847412686	5.35266198797
6680.0	120.0	5.79705097953	4.42379804749
6680.0	121.0	5.53333819716	3.78681504205
6690.0	114.0	4.20383009966	7.51611307238
6690.0	118.0	8.72777763106	5.36912951415
6690.0	120.0	6.38572189115	4.40995577911
6690.0	121.0	6.04981957619	3.70710266895
6700.0	114.0	4.19772661148	7.52207956737
6700.0	118.0	8.22708113526	5.38559704033
6700.0	120.0	6.89231141002	4.35697330357
6700.0	121.0	6.56651142032	3.62762895564
6710.0	114.0	4.1916231233	7.52828472216
6710.0	118.0	7.72701603479	5.4175774535
6710.0	120.0	7.399111394	4.30375216823
6710.0	121.0	6.98744163957	3.40090214592
6720.0	114.0	4.18551963512	7.53425121715
6720.0	118.0	7.22800325987	5.46530941344
6720.0	120.0	7.9195916101	4.20828824835
6720.0	121.0	7.40837185882	3.17417533619
6730.0	114.0	4.17920568183	7.54021771215
6730.0	118.0	6.72878001984	5.51304137338
6730.0	120.0	8.46069740695	4.04934082174
6730.0	121.0	7.88781137855	2.85604182317
6740.0	114.0	4.17310219365	7.54618420714
6740.0	118.0	6.22976724492	5.56077333332
6740.0	120.0	8.93592762448	3.77201813447
6740.0	121.0	8.3154764813	2.55365985693
6740.0	123.0	0.0648232537647	4.81639341802
6750.0	114.0	4.16699870548	7.55215070213
6750.0	118.0	5.78105563119	5.56077333332
6750.0	120.0	9.25709738177	3.21928203833
6750.0	121.0	8.53583345108	2.31500005722
6750.0	123.0	0.469547659575	4.86221609956
6760.0	114.0	4.16068475219	7.55811719713
6760.0	118.0	5.33255448258	5.56077333332
6760.0	120.0	9.4961857463	2.68253614878
6760.0	121.0	8.74524623516	2.0784881957
6760.0	123.0	0.874272065384	4.90803878111
6770.0	114.0	4.15458126401	7.56408369212
6770.0	118.0	4.88384286886	5.56077333332
6770.0	120.0	9.6119415566	2.1694175794
6770.0	121.0	8.85510902238	1.86059179857
6770.0	123.0	1.26279065775	4.92832486408
6780.0	114.0	4.14847777583	7.57005018711
6780.0	118.0	4.45765102187	5.54478312674
6780.0	120.0	9.69149736804	1.7508082907
6780.0	121.0	8.96497180961	1.64269540143
6780.0	123.0	1.6136359955	4.88846867753
6790.0	114.0	4.14237428765	7.5760166821
6790.0	118.0	4.12090684647	5.46530941344
6790.0	120.0	9.71675318119	1.47396292303
6790.0	121.0	9.00643343621	1.54484488355
6790.0	123.0	1.96427086814	4.84885115078
6800.0	114.0	4.13606033436	7.5819831771
6800.0	118.0	3.78416267107	5.38583570013
6800.0	120.0	9.74200899435	1.19711755536
6800.0	121.0	9.03105785403	1.47730416023
6800.0	123.0	2.3309010891	4.57630165951
6810.0	114.0	4.12995684618	7.58818833189
6810.0	118.0	3.44215686793	5.29824755364
6810.0	120.0	9.74453457566	1.13029281144
6810.0	121.0	9.05568227186	1.40976343691
6810.0	123.0	2.69921503095	4.27797690986
6820.0	114.0	4.123853358	7.59415482688
6820.0	118.0	3.07847315849	5.17891765378
6820.0	120.0	9.74453457566	1.08709538769
6820.0	121.0	9.08009622457	1.34198405379
6820.0	123.0	3.02648827642	4.06198979112
6830.0	114.0	4.11753940471	7.60012132187
6830.0	118.0	2.71499991417	5.05958775393
6830.0	120.0	9.74453457566	1.04365930415
6830.0	121.0	9.1047206424	1.27444333047
6830.0	123.0	3.38427896278	3.95697947925
6840.0	114.0	4.11143591653	7.60608781687
6840.0	118.0	2.20588481399	5.03643775335
6840.0	120.0	9.74453457566	1.0002232206
6840.0	121.0	9.12934506023	1.20690260715
6840.0	123.0	3.79468592655	4.00471143919
6850.0	114.0	4.10533242836	7.61205431186
6850.0	118.0	1.69655924869	5.01328775278
6850.0	120.0	9.74453457566	0.956787137051
6850.0	121.0	9.14007878082	0.923374765091
6850.0	123.0	4.2156161458	4.05817123433
6860.0	114.0	4.11817080004	7.60919039426
6860.0	118.0	1.18744414851	4.99037641201
6860.0	120.0	9.77252643524	0.795453112445
6860.0	121.0	9.14723459454	0.585909808297
6860.0	123.0	4.65212078316	4.11998412245
6870.0	114.0	4.13563940414	7.60441719827
6870.0	118.0	0.683590676064	4.96937434963
6870.0	120.0	9.84282178186	0.457510836051
6870.0	121.0	9.15460087338	0.248444851502
6870.0	123.0	5.08862542053	4.18179701058
6880.0	114.0	4.15310800824	7.59940534248
6880.0	118.0	0.180368598949	4.94861094706
6880.0	120.0	9.91290666336	0.119329899857
6880.0	123.0	5.50997657	4.25291763089
6890.0	114.0	4.17078707745	7.59439348668
6890.0	123.0	5.92480330107	4.327856808
6900.0	114.0	4.18825568155	7.58938163089
6900.0	123.0	6.33984049725	4.40303464491
6910.0	114.0	4.20572428565	7.58436977509
6910.0	123.0	6.75487769343	4.46055165664
6920.0	114.0	4.22340335486	7.5793579193
6920.0	123.0	7.17075675005	4.44885732646
6930.0	114.0	4.24087195895	7.57458472331
6930.0	123.0	7.58642534156	4.43740165607
6940.0	114.0	4.25834056305	7.56957286751
6940.0	123.0	8.00230439818	4.42570732589
6940.0	129.0	15.1846367293	8.04665380714
6950.0	114.0	4.27601963226	7.56456101172
6950.0	123.0	8.4247078732	4.4130583565
6950.0	129.0	14.7300320925	7.87481875134
6960.0	114.0	4.29348823636	7.55954915592
6960.0	123.0	8.90562064869	4.39277227353
6960.0	129.0	14.2754274557	7.70298369555
6970.0	114.0	4.31095684046	7.55453730013
6970.0	123.0	9.3867438893	4.37224753075
6970.0	129.0	13.8020914241	7.54666152674
6980.0	114.0	4.32863590967	7.54952544434
6980.0	123.0	9.8678671299	4.35172278798
6980.0	129.0	13.2531984182	7.45310688525
6990.0	114.0	4.34610451377	7.54475224834
6990.0	123.0	10.3308903711	4.36747433476
6990.0	129.0	12.7045158774	7.35931358396
7000.0	114.0	4.34336846734	7.54164967095
7000.0	123.0	10.781917101	4.40733052131
7000.0	129.0	12.1478356625	7.29583007724
7010.0	114.0	4.31053591024	7.54164967095
7010.0	123.0	11.2327333658	4.44694804806
7010.0	129.0	11.578738006	7.27816925206
7020.0	114.0	4.27770335314	7.54164967095
7020.0	123.0	11.6837600958	4.48680423461
7020.0	129.0	11.0096403496	7.26050842688
7030.0	114.0	4.24487079604	7.54164967095
7030.0	123.0	12.1206856633	4.50589701859
7030.0	129.0	10.4706392039	7.25525791129
7040.0	114.0	4.21182777383	7.54164967095
7040.0	123.0	12.53656472	4.4944413482
7040.0	129.0	9.94447642981	7.25525791129
7050.0	114.0	4.17899521672	7.54164967095
7050.0	123.0	12.9522333115	4.48274701802
7050.0	129.0	9.41831365574	7.25525791129
7060.0	114.0	4.14616265962	7.54164967095
7060.0	123.0	13.3681123681	4.47105268783
7060.0	129.0	8.91930088082	7.19392234276
7060.0	127.0	14.29331699	12.1124621551
7070.0	114.0	4.11333010252	7.54164967095
7070.0	123.0	13.7751518901	4.47654186323
7070.0	129.0	8.42302415232	7.12566564004
7070.0	127.0	14.2476460612	11.6664069894
7080.0	114.0	4.08028708031	7.54164967095
7080.0	123.0	14.1619867616	4.52164856537
7080.0	129.0	7.92022300543	7.05406770013
7080.0	127.0	14.1986076907	11.2189198649
7090.0	114.0	4.04745452321	7.54164967095
7090.0	123.0	14.5488216331	4.56675526752
7090.0	129.0	7.35659744185	6.95192130585
7090.0	127.0	14.1196832746	10.7616476887
7100.0	114.0	4.01462196611	7.54164967095
7100.0	123.0	14.9356565046	4.61186196966
7100.0	129.0	6.79276141316	6.84953625178
7100.0	127.0	14.0407588584	10.3041368526
7110.0	114.0	3.98178940901	7.54164967095
7110.0	129.0	6.22387422185	6.78366614706
7110.0	127.0	13.8744914218	9.86070694476
7120.0	114.0	3.94874638679	7.54164967095
7120.0	129.0	5.64299051928	6.80275893103
7120.0	127.0	13.6711821259	9.42300487209
7130.0	114.0	3.87255801711	7.5750620429
7130.0	129.0	5.06210681671	6.82185171501
7130.0	127.0	13.4676623649	8.98554145921
7140.0	114.0	3.7673254623	7.63066977624
7140.0	129.0	4.51195102015	6.90633728411
7140.0	127.0	13.1342856313	8.59103681029
7150.0	114.0	3.66209290748	7.68651616937
7150.0	129.0	3.96979289776	7.00752903919
7150.0	127.0	12.7453461087	8.21490896594
7160.0	114.0	3.58548360758	7.76073936708
7160.0	129.0	3.4394208215	7.13187079484
7160.0	127.0	12.356196121	7.83878112159
7170.0	114.0	3.52823709776	7.84761153418
7170.0	129.0	2.95703479024	7.35072183117
7170.0	127.0	11.9058007864	7.54713884634
7180.0	114.0	3.47078012283	7.93424504147
7180.0	129.0	2.47464875898	7.56957286751
7180.0	127.0	11.3634321989	7.38198626494
7190.0	114.0	3.43899989128	8.01729865177
7190.0	129.0	2.07266039959	7.84665689498
7190.0	127.0	10.8210636114	7.21659502374
7200.0	114.0	3.46699175086	8.09152184948
7200.0	129.0	1.69066622562	8.13829917023
7200.0	127.0	10.242495025	7.20346873475
7210.0	114.0	3.49519407555	8.165983707
7210.0	129.0	1.31730112115	8.43447598167
7210.0	127.0	9.65445550874	7.22805069412
7220.0	114.0	3.52318593513	8.24020690471
7220.0	129.0	1.0211767119	8.77027031987
7220.0	127.0	9.06662645756	7.25287131329
7230.0	114.0	3.55117779471	8.31443010242
7230.0	129.0	0.72484183755	9.10630331787
7230.0	127.0	8.48174391791	7.23926770471
7240.0	114.0	3.53013128375	8.32015793761
7240.0	129.0	0.488489519441	9.40319610871
7240.0	127.0	7.89707184337	7.22160687953
7250.0	114.0	3.49666733132	8.30870226722
7250.0	129.0	0.341795338032	9.64185590842
7250.0	127.0	7.32355441964	7.21301512674
7260.0	114.0	3.463413844	8.29748525664
7260.0	129.0	0.195101156623	9.88051570814
7260.0	127.0	6.79444513404	7.24022234391
7270.0	114.0	3.42994989157	8.28602958625
7270.0	129.0	0.0484069752139	10.1191755079
7270.0	127.0	6.26533584844	7.26742956107
7280.0	114.0	3.39648593914	8.27457391587
7280.0	127.0	5.73601609773	7.29487543804
7290.0	114.0	3.36302198671	8.26335690528
7290.0	127.0	5.21364169564	7.27172543747
7300.0	114.0	3.26115687365	8.22922855392
7300.0	127.0	4.69400333998	7.22685739512
7310.0	114.0	3.09089059996	8.17242752159
7310.0	127.0	4.17436498431	7.18222801258
7320.0	114.0	2.85327549119	8.158823913
7320.0	127.0	3.70123941787	7.1664764658
7330.0	114.0	2.51505806003	8.20989711014
7330.0	127.0	3.27441617555	7.17960275478
7340.0	114.0	2.17684062886	8.26097030728
7340.0	127.0	2.84780339834	7.19296770356
7350.0	114.0	1.86640459216	8.32302185521
7350.0	127.0	2.42098015602	7.20609399255
7360.0	114.0	1.57448948511	8.39247185692
7360.0	127.0	2.13874644401	7.35286976937
7370.0	114.0	1.28257437806	8.46168319884
7370.0	127.0	1.87250808034	7.51420379398
7380.0	114.0	1.0277011303	8.54974866493
7380.0	127.0	1.60626971666	7.67577647838
7390.0	114.0	0.809869741839	8.65666825521
7390.0	127.0	1.36507670103	7.83711050299
7400.0	114.0	0.592248818486	8.76382650528
7400.0	127.0	1.14892903345	7.9984445276
7410.0	114.0	0.463023241176	8.9132275399
7410.0	127.0	0.93278136586	8.1595398924
7420.0	114.0	0.392938359671	9.09102909068
7420.0	127.0	0.716633698275	8.32087391701
7430.0	114.0	0.322643013056	9.26883064147
7430.0	127.0	0.57877905147	8.47648010642
7440.0	114.0	0.252558131551	9.44663219226
7440.0	127.0	0.460287194751	8.63065433704
7450.0	114.0	0.182473250045	9.62443374304
7450.0	127.0	0.342005803141	8.78458990785
7460.0	114.0	0.11217790343	9.80247395363
7460.0	127.0	0.223513946422	8.93876413847
7470.0	127.0	0.105232554813	9.09293836908
7470.0	137.0	15.3258588178	5.4166228143
7480.0	137.0	14.842420461	5.47867436222
7490.0	137.0	14.3591925693	5.54048725035
7500.0	137.0	13.8759646776	5.60230013847
7510.0	137.0	13.3881065535	5.59132178769
7520.0	137.0	12.8998274992	5.57222900371
7530.0	137.0	12.4115484448	5.55313621973
