0.0	1.0	0.294651153476	8.09056721029
10.0	1.0	1.03127903717	7.85190741057
20.0	1.0	1.76790692085	7.61324761086
30.0	1.0	2.51547899024	7.36408677996
40.0	1.0	3.27925687308	7.09869708268
50.0	1.0	4.04324522102	6.8335460452
60.0	1.0	4.85079984665	6.61803624605
70.0	1.0	5.67708586704	6.42352850929
80.0	1.0	6.50337188743	6.22902077252
90.0	1.0	7.32355441964	6.04787798454
100.0	1.0	8.14352648674	5.86697385636
110.0	1.0	8.96728692581	5.69251354277
120.0	1.0	9.82366945688	5.5772408595
130.0	1.0	10.6800519879	5.46196817624
140.0	1.0	11.5265426589	5.33953569899
150.0	1.0	12.3332554241	5.18846404577
160.0	1.0	13.1399681893	5.03739239255
170.0	1.0	13.951521652	4.89371919312
180.0	1.0	14.7824379048	4.78083310786
190.0	1.0	15.6131436925	4.6677083628
230.0	4.0	15.2940785863	9.09723424548
240.0	4.0	14.6149076775	9.1623883708
240.0	5.0	15.04215185	8.56908010871
250.0	4.0	13.9357367687	9.22754249612
250.0	5.0	14.3507739649	8.5802971193
260.0	4.0	13.2403600465	9.33828064319
260.0	5.0	13.6591856147	8.59175278968
270.0	4.0	12.5291984411	9.494602812
270.0	5.0	12.9480240093	8.77289557767
280.0	4.0	11.8180368357	9.65092498081
280.0	5.0	12.2366519387	8.95379970585
290.0	4.0	11.1394973223	9.85092189297
290.0	5.0	11.5246484729	9.13422651443
300.0	4.0	10.4828461802	10.0800353007
300.0	5.0	10.8042264026	9.30868682802
310.0	4.0	9.82956247995	10.3074780898
310.0	5.0	10.0838043324	9.48314714161
320.0	4.0	9.20595436013	10.5196466518
320.0	5.0	9.38758574974	9.65283425921
330.0	4.0	8.58234624031	10.7318152137
330.0	5.0	8.71578111981	9.81798684061
340.0	4.0	7.94716253946	10.9131966615
340.0	5.0	8.04376602478	9.98337808181
350.0	4.0	7.29472069962	11.0482781081
350.0	5.0	7.38311604566	10.1358816938
360.0	4.0	6.64227885978	11.1835982146
360.0	5.0	6.72372885721	10.286953347
370.0	4.0	6.00393818229	11.3155770838
370.0	5.0	6.06413120364	10.4382636601
380.0	4.0	5.38643355065	11.4430214169
380.0	5.0	5.40979517781	10.6067574787
390.0	4.0	4.76913938411	11.5702270901
390.0	5.0	4.7556696171	10.7771605757
400.0	4.0	4.1413219621	11.6928982272
400.0	5.0	4.10238591682	10.9468476933
410.0	4.0	3.49793012198	11.8088868898
410.0	5.0	3.45415337917	11.1091363571
420.0	4.0	2.85453828185	11.9248755525
420.0	5.0	2.80592084153	11.2714250209
430.0	4.0	2.21114644173	12.0406255553
430.0	5.0	2.15853016432	11.4201100761
440.0	4.0	1.57301622934	12.1628193728
440.0	5.0	1.51177088244	11.5599647187
450.0	4.0	0.935727877395	12.2854905098
450.0	5.0	0.865011600561	11.6995807016
460.0	4.0	0.298229060339	12.4081616469
460.0	5.0	0.218252318682	11.8391966844
470.0	4.0	-0.339059291607	12.5310714438
470.0	5.0	-0.428717428307	11.979051327
500.0	6.0	15.0046890605	9.01441929498
510.0	6.0	14.5761820973	8.98052960342
520.0	6.0	14.1476751341	8.94640125206
530.0	6.0	13.7118018921	8.92181929269
540.0	6.0	13.2645635341	8.9120342409
550.0	6.0	12.8173251762	8.90201052931
560.0	6.0	12.3288356568	9.00439558339
570.0	6.0	11.8401356722	9.10654197767
580.0	6.0	11.3564868503	9.19651672216
590.0	6.0	10.8919903533	9.23780486751
600.0	6.0	10.4274938564	9.27885435306
610.0	6.0	9.9661543361	9.3256316738
610.0	8.0	0.182683715155	11.7411075067
620.0	6.0	9.51239155974	9.38529662373
620.0	8.0	0.780404626491	11.6170044109
630.0	6.0	9.05862878339	9.44496157366
630.0	8.0	1.37812553783	11.492901315
640.0	6.0	8.60507647215	9.51011569898
640.0	8.0	1.96890110055	11.4096090449
650.0	6.0	8.15510206777	9.62538838224
650.0	8.0	2.55673015173	11.3437389402
660.0	6.0	7.70512766339	9.7406610655
660.0	8.0	3.14455920292	11.2778688355
670.0	6.0	7.25346953813	9.85163787237
670.0	8.0	3.74017546316	11.2339554323
680.0	6.0	6.79507652937	9.94519251386
680.0	8.0	4.33768590938	11.1955312046
680.0	10.0	15.159170451	8.38889195993
690.0	6.0	6.3364730555	10.0389858151
690.0	8.0	4.9349858905	11.156868317
690.0	10.0	14.4715809379	8.50822185978
700.0	6.0	5.88986609287	10.123710044
700.0	8.0	5.49734866342	11.1203533676
700.0	10.0	13.7839914247	8.62755175964
710.0	6.0	5.46114866456	10.1943533448
710.0	8.0	6.04455794845	11.0845543977
710.0	10.0	13.0966123767	8.7468816595
720.0	6.0	5.03243123626	10.2649966455
720.0	8.0	6.54946374644	11.000784808
720.0	10.0	12.4384879789	8.84640279598
730.0	6.0	4.57972078545	10.3642791222
730.0	8.0	7.02953466149	10.9041275891
730.0	10.0	11.7837310228	8.94353733446
740.0	6.0	4.11669754428	10.4754945888
740.0	8.0	7.45046488074	10.8790683101
740.0	10.0	11.1224496484	9.03733063575
750.0	6.0	3.6536743031	10.5869487153
750.0	8.0	7.88781137855	10.8342002678
750.0	10.0	10.4348601352	9.11680434905
750.0	11.0	0.0883953460427	7.70393833475
760.0	6.0	3.17591850425	10.6816966558
760.0	8.0	8.39124392077	10.7096198523
760.0	10.0	9.74727062209	9.19627806236
760.0	11.0	0.635604631069	7.44141255507
770.0	6.0	2.69184875211	10.7690461425
770.0	8.0	8.89446599788	10.5850394369
770.0	10.0	9.06704738778	9.28458218825
770.0	11.0	1.1828139161	7.17888677538
780.0	6.0	2.20777899997	10.856634289
780.0	8.0	9.3867438893	10.365711081
780.0	10.0	8.41523694327	9.4077306449
780.0	11.0	1.73318017777	6.9103945007
790.0	6.0	1.76790692085	10.9890904778
790.0	8.0	9.87775899005	10.1358816938
790.0	10.0	7.76342649876	9.53087910156
790.0	11.0	2.29680574134	6.61779758625
800.0	6.0	1.3469767016	11.1411167702
800.0	8.0	10.3795078114	9.89053941972
800.0	10.0	7.10972186826	9.6597553934
800.0	11.0	2.86022083981	6.32520067181
810.0	6.0	0.926046482352	11.2929044028
810.0	8.0	10.9231391896	9.58219095849
810.0	10.0	6.43896956388	9.83875024319
810.0	11.0	3.42700338003	6.03880891215
820.0	6.0	0.50048603069	11.4158141997
820.0	8.0	11.4667705677	9.27384249727
820.0	10.0	5.7680067944	10.017745093
820.0	11.0	4.02346150071	5.80683158683
830.0	6.0	0.0677697652994	11.4955265728
830.0	8.0	12.0200833409	9.01370331558
830.0	10.0	5.09725449002	10.1967399428
830.0	11.0	4.61970915628	5.57461560171
840.0	8.0	12.5757112303	8.76549712388
840.0	10.0	4.41618939527	10.3998394323
840.0	11.0	5.21595681185	5.34263827639
850.0	8.0	13.147124003	8.55595381973
850.0	10.0	3.73386150987	10.6055641797
850.0	11.0	5.84840446627	5.14240270443
860.0	8.0	13.7551577047	8.43662391987
860.0	10.0	3.05174408957	10.811288927
860.0	11.0	6.51705211955	4.97390888583
870.0	8.0	14.3629809413	8.31729402001
870.0	10.0	2.40624759835	10.9384946003
870.0	11.0	7.18548930773	4.80541506723
880.0	8.0	14.971014643	8.19796412016
880.0	10.0	1.76096157224	11.0659389333
880.0	11.0	7.85413696101	4.64670630042
890.0	10.0	1.11546508102	11.1931446066
890.0	11.0	8.52215321896	4.57510836051
900.0	10.0	0.536686029545	11.3840724463
900.0	11.0	9.19037994202	4.50351042059
910.0	10.0	-0.0420930219251	11.5750002861
910.0	11.0	9.85860666508	4.43191248068
920.0	11.0	10.5268333881	4.36484907696
930.0	11.0	11.1931659252	4.33835783919
940.0	11.0	11.8597089274	4.31186660142
950.0	11.0	12.5262519296	4.28537536365
960.0	11.0	13.1359693522	4.37200887095
960.0	14.0	8.76713460656	7.02709914276
970.0	11.0	13.6890716603	4.57176712331
970.0	14.0	8.32263229503	7.05382904033
980.0	11.0	14.2421739684	4.77152537567
980.0	14.0	7.87834044861	7.0803202781
990.0	11.0	14.7952762765	4.97128362803
990.0	14.0	7.43404860219	7.10681151587
1000.0	11.0	15.3483785846	5.17104188039
1000.0	14.0	6.89231141002	7.09225326808
1010.0	14.0	6.32637073023	7.06767130871
1020.0	14.0	5.76021958534	7.04285068954
1030.0	14.0	5.22332309069	7.06337543232
1040.0	14.0	4.68958357268	7.08915069069
1050.0	14.0	4.16447312416	7.11802852645
1060.0	14.0	3.71723476621	7.17769347638
1070.0	14.0	3.26999640825	7.23735842631
1080.0	14.0	2.92314990759	7.34189141858
1090.0	14.0	2.61902782418	7.46551719484
1100.0	14.0	2.31511620588	7.58938163089
1130.0	18.0	15.4262506751	8.39294917652
1140.0	18.0	14.6391111651	8.47242288983
1150.0	18.0	13.85176119	8.55189660313
1160.0	18.0	13.0644112149	8.63160897624
1170.0	18.0	12.2701158912	8.79867083604
1180.0	18.0	11.474978707	8.97527908782
1190.0	18.0	10.682156639	9.13494249383
1200.0	18.0	9.8983845708	9.22539455792
1210.0	18.0	9.11461250255	9.31584662201
1220.0	18.0	8.33041950409	9.41799301629
1230.0	18.0	7.54517418008	9.54639198854
1230.0	25.0	3.84940685505	4.59014392789
1240.0	18.0	6.75992885606	9.67479096078
1240.0	25.0	4.03924638393	4.66842434219
1250.0	18.0	5.98036609001	9.81631622201
1250.0	25.0	4.22887544771	4.7467047565
1260.0	18.0	5.20332890527	9.96309199884
1260.0	25.0	4.41871497659	4.82474651101
1270.0	18.0	4.42629172053	10.1043786003
1270.0	25.0	4.60855450547	4.90302692531
1280.0	18.0	3.65030686135	10.1938760252
1280.0	25.0	4.79818356924	4.98130733962
1290.0	18.0	2.87411153705	10.2833734501
1290.0	25.0	4.98802309813	5.05958775393
1300.0	18.0	2.09812667786	10.3728708749
1300.0	25.0	5.22542774178	5.10015991988
1310.0	18.0	1.32108949312	10.5055657236
1310.0	25.0	5.46262192033	5.14073208583
1310.0	24.0	14.9358669697	4.4125810369
1320.0	18.0	0.544052308382	10.643272428
1320.0	25.0	5.70002656399	5.18154291158
1320.0	24.0	14.4787367516	4.39873876852
1330.0	18.0	-0.233195341465	10.7809791325
1330.0	25.0	5.93743120765	5.22211507753
1330.0	24.0	14.0218169986	4.38513515993
1340.0	25.0	6.17525678152	5.29108775965
1340.0	24.0	13.5646867805	4.37153155135
1350.0	25.0	6.41434514606	5.42688518568
1350.0	24.0	13.1258670269	4.34718825178
1360.0	25.0	6.6536439757	5.56244395192
1360.0	24.0	12.6946240173	4.31807175622
1370.0	25.0	6.89273234024	5.69800271816
1370.0	24.0	12.2633810077	4.28895526065
1380.0	25.0	7.13182070477	5.8335614844
1380.0	24.0	11.8323484631	4.25983876509
1390.0	25.0	7.36101720915	5.94262901286
1390.0	24.0	11.4594042889	4.11974546265
1400.0	25.0	7.58895092288	6.04859396394
1400.0	24.0	11.125606625	3.90590628211
1410.0	25.0	7.81709510171	6.15479757481
1410.0	24.0	10.7918089612	3.69182844177
1420.0	25.0	8.02145672316	6.25169345349
1420.0	24.0	10.4230740891	3.52452792217
1430.0	25.0	8.1710974161	6.3271099502
1430.0	24.0	10.0391857291	3.37703616595
1440.0	25.0	8.32052764394	6.40228778711
1440.0	24.0	9.65529736918	3.22954440972
1450.0	25.0	8.47016833688	6.47770428382
1450.0	24.0	9.23205203372	3.13527378884
1460.0	25.0	8.61096949522	6.54596098654
1460.0	24.0	8.71641251514	3.1651062638
1470.0	25.0	8.74314158406	6.60705789527
1470.0	24.0	8.20077299656	3.19493873876
1480.0	25.0	8.87531367291	6.66815480399
1480.0	24.0	7.68513347798	3.22477121373
1490.0	25.0	9.00748576175	6.72901305292
1490.0	24.0	7.17201954071	3.26963925607
1500.0	25.0	9.10051134021	6.78080222946
1500.0	24.0	6.66479862651	3.34911296938
1510.0	25.0	9.03800320265	6.79488315764
1510.0	24.0	6.1573672472	3.42882534248
1520.0	25.0	8.97528459998	6.80920274562
1520.0	24.0	5.65014633301	3.50829905579
1530.0	25.0	8.91277646242	6.82328367381
1530.0	24.0	5.18901727782	3.55603101573
1540.0	25.0	8.85005785975	6.83760326179
1540.0	24.0	4.79671031348	3.55603101573
1550.0	25.0	8.78733925709	6.85192284977
1550.0	24.0	4.40440334913	3.55603101573
1560.0	25.0	8.72483111953	6.86600377796
1560.0	24.0	4.0123068499	3.55603101573
1560.0	28.0	0.844175554708	7.50895327838
1570.0	25.0	8.66211251686	6.88032336594
1570.0	24.0	3.61999988556	3.55603101573
1570.0	28.0	1.04895810637	7.35191513017
1580.0	25.0	8.5996043793	6.89440429412
1580.0	24.0	3.09636269281	3.52834647896
1580.0	28.0	1.25395112315	7.19487698196
1590.0	25.0	8.45669856986	6.85765068497
1590.0	24.0	2.57251503495	3.5004232824
1590.0	28.0	1.45894413992	7.03783883375
1600.0	25.0	8.29400904012	6.80800944663
1600.0	24.0	2.0488778422	3.47273874563
1600.0	28.0	1.66372669159	6.88103934534
1610.0	25.0	8.13110904527	6.75860686809
1610.0	24.0	1.52524064946	3.44505420886
1610.0	28.0	1.96721737967	6.75980016708
1620.0	25.0	7.96820905042	6.70896562974
1620.0	24.0	1.04011857177	3.5013779216
1620.0	28.0	2.29533248558	6.64739140142
1630.0	25.0	7.80551952068	6.6595630512
1630.0	24.0	0.571623237743	3.59373926409
1630.0	28.0	2.62344759148	6.53498263575
1640.0	25.0	7.69544626835	6.55526871873
1640.0	24.0	0.103127903717	3.68610060657
1640.0	28.0	2.96755804572	6.47555634563
1650.0	25.0	7.63798929342	6.39608263232
1650.0	28.0	3.33587198756	6.4956037688
1660.0	25.0	7.58053231849	6.23689654591
1660.0	28.0	3.70418592941	6.51541253218
1670.0	25.0	7.54664743584	6.06028829412
1670.0	28.0	4.07249987125	6.53522129555
1680.0	25.0	7.6068404572	5.81303674162
1680.0	28.0	4.50774171796	6.5786573791
1690.0	25.0	7.66703347855	5.56578518912
1690.0	28.0	4.95961030833	6.62782129784
1700.0	25.0	7.70765324471	5.31423776022
1700.0	28.0	5.41147889869	6.67674655678
1710.0	25.0	7.71943929085	5.05553053733
1710.0	28.0	5.83767074568	6.69440738196
1720.0	25.0	7.73101487187	4.79706197424
1720.0	28.0	6.22576840783	6.664574907
1730.0	25.0	7.74280091801	4.53859341115
1730.0	28.0	6.61386606998	6.63474243203
1740.0	25.0	7.64830208379	4.40088670672
1740.0	28.0	6.98407419781	6.5755548017
1750.0	25.0	7.52728464576	4.29348979684
1750.0	28.0	7.28272418837	6.39846923032
1760.0	25.0	7.40626720772	4.18609288697
1760.0	28.0	7.58158464404	6.22138365893
1770.0	25.0	7.28524976969	4.0786959771
1770.0	28.0	7.8802346346	6.04429808754
2260.0	38.0	0.0650337188743	10.1358816938
2270.0	38.0	0.888583692839	9.96977447323
2280.0	38.0	1.7121336668	9.80366725263
2290.0	38.0	2.51295340893	9.70390745635
2300.0	38.0	3.29861966316	9.64829972302
2310.0	38.0	4.0844963825	9.59245332988
2320.0	38.0	4.89078821748	9.4962734306
2330.0	38.0	5.71076028458	9.37264765435
2340.0	38.0	6.53094281679	9.24926053789
2350.0	38.0	7.38816720829	9.15045538081
2360.0	38.0	8.26117648302	9.06191259512
2370.0	38.0	9.13418575775	8.97360846923
2380.0	38.0	9.94089852294	8.87814454934
2390.0	38.0	10.7478217532	8.78268062945
2400.0	38.0	11.5545345184	8.68721670957
2410.0	38.0	12.3486193771	8.53542907695
2420.0	38.0	13.1424937706	8.38340278453
2730.0	43.0	15.2345169602	9.04711568754
2740.0	43.0	14.51409489	9.03780795535
2750.0	43.0	13.7934623546	9.02873888296
2760.0	43.0	13.0825112143	9.04997960513
2770.0	43.0	12.4090228635	9.19317548496
2780.0	43.0	11.7355345127	9.33637136479
2790.0	43.0	11.0732008127	9.60199972187
2800.0	43.0	10.4154973451	9.92037189469
2810.0	43.0	9.75211131961	10.2096275719
2820.0	43.0	9.07546599216	10.4311038661
2830.0	43.0	8.39903112983	10.65281882
2840.0	43.0	7.74511603422	10.8998317127
2850.0	43.0	7.11372070534	11.1726198638
2860.0	43.0	6.48232537647	11.4454080149
2870.0	43.0	5.86797772147	11.6878863714
2880.0	43.0	5.2607858802	11.9174770987
2890.0	43.0	4.64896380652	12.1408626712
2900.0	43.0	3.99504871091	12.311504428
2910.0	43.0	3.34113361531	12.481907525
2920.0	43.0	2.6960580543	12.6530266014
2930.0	43.0	2.07202900426	12.8258162964
2940.0	43.0	1.44778948911	12.9988446512
2950.0	43.0	0.823760439074	13.1716343462
2960.0	48.0	14.7073018606	9.00702084119
2970.0	48.0	14.1095809493	8.97838166522
2980.0	48.0	13.511860038	8.94974248925
2990.0	48.0	12.989696101	9.06453785292
3000.0	48.0	12.4673216989	9.17957187638
3010.0	48.0	11.920322879	9.33756466379
3020.0	48.0	11.3152356888	9.59603322688
3030.0	48.0	10.7101484986	9.85474044977
3040.0	48.0	10.1128485175	10.0595105579
3040.0	50.0	0.111546508102	10.1883868498
3050.0	48.0	9.51660086194	10.2583141711
3050.0	50.0	0.469337194465	9.97359303003
3060.0	48.0	8.91530204374	10.4342064435
3060.0	50.0	0.827127880828	9.75879921028
3070.0	48.0	8.30916252802	10.5869487153
3070.0	50.0	1.18491856719	9.54400539054
3080.0	48.0	7.70302301229	10.7396909871
3080.0	50.0	1.54733948597	9.35952136536
3090.0	48.0	7.01732768513	10.8859894443
3090.0	50.0	1.91018133496	9.17861723718
3100.0	48.0	6.33163235797	11.0322879016
3100.0	50.0	2.27302318396	8.9974744492
3110.0	48.0	5.64593703081	11.1785863588
3110.0	50.0	2.59229875526	8.89055485893
3120.0	48.0	4.99328472587	11.3454095588
3120.0	50.0	2.91157432656	8.78339660885
3130.0	48.0	4.34442079289	11.514380697
3130.0	50.0	3.21885338661	8.68101155478
3140.0	48.0	3.70418592941	11.6499394632
3140.0	50.0	3.41563826411	8.61943732645
3150.0	48.0	3.07279060053	11.7523245173
3150.0	50.0	3.61263360672	8.55786309812
3160.0	48.0	2.43718596946	11.8518456538
3160.0	50.0	3.80941848422	8.4962888698
3170.0	48.0	1.79526738511	11.9473095737
3170.0	50.0	3.85887778498	8.48793577681
3180.0	48.0	1.15755810294	12.0566157619
3180.0	50.0	3.90854755086	8.47934402402
3190.0	48.0	0.526162774064	12.1869240126
3190.0	50.0	3.95800685162	8.47099093103
3200.0	48.0	-0.105232554813	12.3169936034
3200.0	50.0	4.00746615238	8.46263783804
3210.0	50.0	4.05692545314	8.45428474505
3220.0	50.0	4.10659521901	8.44569299226
3230.0	50.0	4.15605451978	8.43733989927
3240.0	50.0	4.20551382054	8.42898680628
3250.0	50.0	4.39872079117	8.38030020714
3260.0	50.0	4.73546496657	8.29175742144
3270.0	50.0	5.07220914198	8.20297597595
3280.0	50.0	5.40895331738	8.11443319026
3290.0	50.0	5.84166958277	7.9951032904
3300.0	50.0	6.27417538305	7.87577339054
3310.0	50.0	6.70689164844	7.75644349069
3320.0	50.0	7.18864628437	7.63711359083
3330.0	50.0	7.74385324356	7.51778369097
3340.0	50.0	8.29927066786	7.39845379112
3350.0	50.0	8.85468809217	7.27912389126
3360.0	50.0	9.39179505193	7.09798110328
3370.0	50.0	9.92406131417	6.90156408811
3380.0	50.0	10.4563275764	6.70490841315
3390.0	50.0	11.0109031403	6.54739294534
3400.0	50.0	11.5987321915	6.44882644806
3410.0	50.0	12.1865612426	6.35002129098
3420.0	50.0	12.7436623878	6.28391252646
3430.0	50.0	13.2698251619	6.2505001545
3440.0	50.0	13.795987936	6.21708778254
3450.0	50.0	14.32215071	6.18367541058
3460.0	50.0	14.8483134841	6.15026303862
3470.0	50.0	15.3744762581	6.11685066666
3840.0	59.0	3.29630454696	12.5205704126
3850.0	59.0	4.17036614723	12.3184255622
3860.0	59.0	5.04463821261	12.1165193717
3870.0	59.0	5.8993370228	11.8993389539
3880.0	59.0	6.74898467036	11.6783399794
3890.0	59.0	7.602631155	11.4592502832
3900.0	59.0	8.49310903383	11.2573440927
3910.0	59.0	9.38358691265	11.0554379021
3920.0	59.0	10.2412322344	10.7778765551
3930.0	59.0	11.0662554641	10.4246600515
3940.0	59.0	11.8912786938	10.0714435479
3950.0	59.0	12.7825984331	9.5800430203
3960.0	59.0	13.6741286375	9.08864249269
3970.0	60.0	14.76370651	8.0800661791
3980.0	60.0	13.9999286272	8.29199608124
3990.0	60.0	13.2359402792	8.50416464319
4000.0	60.0	12.5534019287	8.80559197023
4010.0	60.0	11.9058007864	9.14520486522
4020.0	60.0	11.2556740628	9.4967507502
4020.0	63.0	14.8419995308	10.3960208755
4030.0	60.0	10.582185712	9.95497756565
4030.0	63.0	14.2611158282	10.5201239714
4040.0	60.0	9.90869736117	10.4132043811
4040.0	63.0	13.6802321257	10.6442270672
4050.0	60.0	9.22636947576	10.7726260395
4050.0	63.0	13.1246042362	10.796969339
4060.0	60.0	8.5383590324	11.0664162529
4060.0	63.0	12.5689763468	10.9497116109
4070.0	60.0	7.85034858903	11.3602064664
4070.0	63.0	12.0133484574	11.0499487267
4080.0	60.0	7.12129744929	11.5050729648
4080.0	63.0	11.457720568	11.0976806867
4090.0	60.0	6.39203584444	11.6499394632
4090.0	63.0	10.9020926786	11.1454126466
4100.0	60.0	5.65540796075	11.7914647244
4100.0	63.0	10.2949008373	11.2189198649
4110.0	60.0	4.88889403149	11.9193863771
4110.0	63.0	9.68791946117	11.2921884234
4120.0	60.0	4.12216963713	12.0473080297
4120.0	63.0	9.11671715365	11.3840724463
4130.0	60.0	3.36744175401	12.1921745282
4130.0	63.0	8.59918344908	11.5034023462
4140.0	60.0	2.63081387032	12.3625776252
4140.0	63.0	8.08186020962	11.622732246
4150.0	60.0	1.89418598663	12.5329807222
4150.0	63.0	7.53465092459	11.7420621459
4160.0	60.0	1.19544182267	12.7272497991
4160.0	63.0	6.98744163957	11.8613920458
4170.0	60.0	0.521953471871	12.9372704229
4170.0	63.0	6.44023235454	11.9807219456
4180.0	60.0	-0.15153487893	13.1472910466
4180.0	63.0	5.91806841756	12.0690260715
4190.0	63.0	5.39569401547	12.1575688572
4200.0	63.0	4.87353007849	12.2458729831
4220.0	64.0	2.29406969492	11.3401590432
4230.0	64.0	2.92546502379	11.1396848114
4240.0	64.0	3.55686035267	10.9392105797
4250.0	64.0	4.18025800738	10.7069945945
4260.0	64.0	4.79860449946	10.4532992274
4270.0	64.0	5.41674052643	10.1998425202
4280.0	64.0	6.03129864654	9.9077229253
4290.0	64.0	6.64017420869	9.55832497852
4300.0	64.0	7.24904977083	9.20892703174
4310.0	64.0	7.88591719256	8.92038733389
4320.0	64.0	8.54172647415	8.67241980199
4330.0	64.0	9.19732529064	8.42469092988
4340.0	64.0	9.80893689921	8.42469092988
4350.0	64.0	10.4207589729	8.42469092988
4360.0	64.0	11.0323705815	8.42469092988
4370.0	64.0	11.6949147466	8.4962888698
4380.0	64.0	12.3700868182	8.58578629469
4390.0	64.0	13.0526251688	8.60010588267
4400.0	64.0	13.7458972399	8.50201670499
4410.0	64.0	14.439169311	8.40368886751
4420.0	64.0	15.1324413821	8.30536103003
4600.0	73.0	0.170055808577	9.85306983117
4610.0	73.0	0.817656950895	9.81631622201
4610.0	74.0	0.448711613722	10.20008118
4620.0	73.0	1.46525809321	9.77956261286
4620.0	74.0	1.17776275346	10.1234713842
4630.0	73.0	2.09938946851	9.72538683832
4630.0	74.0	1.90702435832	10.0466229287
4640.0	73.0	2.72026154191	9.65378889841
4640.0	74.0	2.59335108081	10.0019935462
4640.0	75.0	-0.100391857291	11.4814456446
4650.0	73.0	3.34155454552	9.55832497852
4650.0	74.0	3.26136733876	9.97072911243
4650.0	75.0	0.466180217821	11.2976775988
4660.0	73.0	3.96347894447	9.43899507867
4660.0	74.0	3.91864987612	9.92037189469
4660.0	75.0	1.03296275804	11.1141482129
4670.0	73.0	4.58308822721	9.31823322001
4670.0	74.0	4.56014753026	9.84065952158
4670.0	75.0	1.59953483315	10.9306188269
4680.0	73.0	5.19764634731	9.19413012416
4680.0	74.0	5.21427309097	9.76214044748
4680.0	75.0	2.1755778382	11.0060353236
4690.0	73.0	5.81220446742	9.07002702831
4690.0	74.0	5.89828469726	9.68529199197
4690.0	75.0	2.76488014515	11.0470848091
4700.0	73.0	6.41329282051	8.95356104605
4700.0	74.0	6.58229630354	9.60868219626
4700.0	75.0	3.45773128604	10.859020887
4710.0	73.0	7.01101373185	8.83900434219
4710.0	74.0	7.25178581726	9.4950801316
4710.0	75.0	4.10912080033	10.859020887
4720.0	73.0	7.63904161897	8.72158372073
4720.0	74.0	7.9065427733	9.34496311758
4720.0	75.0	4.77461147696	10.8544863508
4730.0	73.0	8.33778578292	8.59748062488
4730.0	74.0	8.56129972935	9.19460744376
4730.0	75.0	5.49608587276	10.8318136698
4740.0	73.0	9.03652994688	8.47337752903
4740.0	74.0	9.22237063868	9.05141156393
4740.0	75.0	6.21040445483	10.799355937
4750.0	73.0	9.68139504277	8.37576567094
4750.0	74.0	9.88491480378	8.9098863027
4750.0	75.0	6.85947885292	10.6800260372
4760.0	73.0	10.3127903717	8.28483628725
4760.0	74.0	10.5464066433	8.77599815506
4760.0	75.0	7.50834278589	10.5606961373
4770.0	73.0	10.9696519788	8.20583989355
4770.0	74.0	11.1996903436	8.71036671014
4770.0	75.0	8.07807183765	10.2819414913
4780.0	73.0	11.6372473065	8.13161669584
4780.0	74.0	11.8527635788	8.64449660542
4780.0	75.0	8.61370554164	9.93469148267
4790.0	73.0	12.3050530994	8.05763215793
4790.0	74.0	12.4953135585	8.58459299569
4790.0	75.0	9.05694506252	9.4960347708
4800.0	73.0	12.9501286604	7.97672648582
4800.0	74.0	13.0955600511	8.54927134534
4800.0	75.0	9.31097644983	8.8256393934
4810.0	73.0	13.5895216634	7.89415019512
4810.0	74.0	13.6958065438	8.51394969498
4810.0	75.0	9.50565667624	8.14951618082
4820.0	73.0	14.2169181552	7.81133524462
4820.0	74.0	14.3177309427	8.47528680742
4820.0	75.0	9.70370434439	7.53186461916
4830.0	73.0	14.7956972067	7.72780431472
4830.0	74.0	14.9615437131	8.43304402287
4830.0	75.0	9.7234880647	6.86600377796
4840.0	73.0	15.3744762581	7.64427338482
4840.0	75.0	9.61446713791	6.22353159713
4850.0	75.0	9.25099389359	5.64860013962
4860.0	75.0	8.88057530065	5.0834537339
4870.0	75.0	8.44912182592	4.60613413447
4880.0	75.0	8.01766835118	4.12881453504
4890.0	81.0	6.31205910278	3.97917484062
4900.0	81.0	6.09191259811	4.54312794735
4910.0	81.0	5.87197655855	5.10731971387
4920.0	81.0	5.77853004988	5.70850374935
4930.0	81.0	5.6848730761	6.30944912502
4940.0	81.0	5.53923122023	6.87889140714
4950.0	81.0	5.27215099612	7.37458781115
4960.0	81.0	5.005070772	7.87028421515
4970.0	81.0	4.66706380595	8.40321154791
4980.0	81.0	4.2987498641	8.95212908725
4990.0	81.0	3.93443475934	9.30248167323
5000.0	81.0	3.57201384056	9.56763271071
5010.0	81.0	3.10288711121	9.79364354104
5020.0	81.0	2.57672433715	9.97836622602
5030.0	81.0	2.00552202962	10.126096642
5040.0	81.0	1.44105460561	10.2210832423
5050.0	81.0	0.886689506852	10.2368347891
5060.0	81.0	0.332534873208	10.2528249957
5070.0	81.0	-0.221619760436	10.2688152023
5240.0	89.0	14.8104297643	8.87599661114
5250.0	89.0	14.3766611734	8.91943269469
5260.0	89.0	13.9428925825	8.96286877824
5270.0	89.0	13.4901821317	9.02635228496
5280.0	89.0	12.960862381	9.17098012359
5290.0	89.0	12.4315426303	9.31560796222
5300.0	89.0	11.9022228795	9.46023580084
5300.0	91.0	2.64912433486	8.87528063174
5310.0	89.0	11.442356615	9.62586570184
5310.0	91.0	3.18854641083	9.00940743918
5320.0	89.0	10.9902775595	9.79388220084
5320.0	91.0	3.72775802169	9.14377290642
5330.0	89.0	10.5329368763	9.94662447266
5330.0	91.0	4.26718009766	9.27789971386
5340.0	89.0	10.0553915426	10.0385084955
5340.0	91.0	4.8213347313	9.39460435592
5350.0	89.0	9.57784620884	10.1301538586
5350.0	91.0	5.3853812251	9.49961466779
5360.0	89.0	9.10998227014	10.2385054077
5360.0	91.0	5.95910911394	9.59913580427
5370.0	89.0	8.64843228473	10.3578353076
5370.0	91.0	6.62060095349	9.65044766121
5380.0	89.0	8.18709276443	10.4771652074
5380.0	91.0	7.11372070534	9.63230951643
5390.0	89.0	7.70302301229	10.6043708807
5390.0	91.0	7.57674394652	9.59173735048
5400.0	89.0	7.21895326016	10.7318152137
5400.0	91.0	8.2081392754	9.5798043605
5410.0	89.0	6.73488350802	10.859020887
5410.0	91.0	8.83764041829	9.55498374133
5420.0	89.0	6.2360811982	10.8855121247
5420.0	91.0	9.45935435212	9.47908992502
5430.0	89.0	5.73706842328	10.9120033625
5430.0	91.0	10.0812787511	9.40319610871
5440.0	89.0	5.24268588077	10.9210724349
5440.0	91.0	10.6394322218	9.25785229068
5450.0	89.0	4.75861612863	10.8893306815
5450.0	91.0	11.1975856925	9.11274713246
5460.0	89.0	4.27454637649	10.8573502684
5460.0	91.0	11.7199600946	8.87933784834
5470.0	89.0	3.78837197326	10.864987382
5470.0	91.0	12.2269705437	8.60798165606
5480.0	89.0	3.2973568725	10.9645085184
5480.0	91.0	12.5858135556	8.31729402001
5490.0	89.0	2.80613130664	11.0637909951
5490.0	91.0	12.7962786652	8.00703628039
5500.0	89.0	2.26165806804	11.1067497591
5500.0	91.0	12.8105902927	7.66742338539
5510.0	89.0	1.71129180637	11.1435033682
5510.0	91.0	12.6289589031	7.29869399484
5520.0	89.0	1.17481624193	11.2077028543
5520.0	91.0	12.356196121	6.97817388382
5530.0	89.0	0.671173234596	11.3353858472
5530.0	91.0	11.8710740433	6.77077851787
5540.0	89.0	0.167530227262	11.4633074998
5540.0	91.0	11.3861624307	6.56314449212
5550.0	89.0	-0.335902314962	11.5912291525
5550.0	91.0	10.7930717518	6.46553263404
5560.0	91.0	10.1999810729	6.36792077595
5570.0	91.0	9.55595783744	6.34071355879
5580.0	91.0	8.89930669541	6.3311671668
5590.0	91.0	8.25465206462	6.26577438168
5600.0	91.0	7.63841022364	6.06959602631
5610.0	91.0	7.02195791755	5.87365633075
5620.0	91.0	6.50821258495	5.6669769442
5630.0	91.0	6.09675329563	5.45003518626
5640.0	91.0	5.68550447142	5.23309342832
6360.0	105.0	-0.0631395328877	13.025335889
6370.0	105.0	0.357790686363	12.9642389802
6380.0	105.0	0.778720905614	12.9029034117
6390.0	105.0	1.19965112487	12.841806503
6400.0	105.0	1.62058134412	12.7804709345
6410.0	105.0	2.07602784135	12.7193740257
6420.0	105.0	2.54010340807	12.6580384572
6430.0	105.0	3.00417897479	12.5969415485
6440.0	105.0	3.46825454152	12.5358446397
6450.0	105.0	4.00262545486	12.4904992778
6460.0	105.0	4.54478357725	12.4473018541
6470.0	105.0	5.08694169965	12.4038657705
6480.0	105.0	5.60679052042	12.3434848412
6490.0	105.0	6.11190678353	12.2718869013
6500.0	105.0	6.61702304663	12.2002889614
6510.0	105.0	7.12213930973	12.1525570014
6520.0	105.0	7.62725557283	12.120815248
6530.0	105.0	8.13237183593	12.0888348349
6540.0	105.0	8.61728344851	12.0074518432
6550.0	105.0	9.08872529407	11.8928951393
6560.0	105.0	9.56227179073	11.7823956521
6570.0	105.0	10.0558124728	11.7084111141
6580.0	105.0	10.5493531549	11.6341879164
6590.0	105.0	11.0494182553	11.5640219353
6600.0	105.0	11.5755810294	11.5088915216
6610.0	105.0	12.1017438035	11.4537611078
6620.0	105.0	12.6051763457	11.4432600767
6630.0	105.0	13.0934554	11.4623528606
6640.0	105.0	13.5865751519	11.4740471908
6650.0	105.0	14.1228402512	11.4203487359
6660.0	105.0	14.6593158156	11.3664116212
6670.0	105.0	15.195580915	11.3124745064
6750.0	110.0	10.9652322115	9.40319610871
6750.0	111.0	0.778720905614	9.23613424891
6760.0	110.0	10.3338368826	9.54472136994
6760.0	111.0	1.0910511283	9.33613270499
6770.0	110.0	9.70244155374	9.68600797137
6770.0	111.0	1.40338135098	9.43636982087
6780.0	110.0	9.098196224	9.83875024319
6780.0	111.0	1.71571157367	9.53636827695
6790.0	110.0	8.55687996205	10.017745093
6790.0	111.0	2.1187522586	9.72132962173
6800.0	110.0	8.0157741652	10.1967399428
6800.0	111.0	2.5318952688	9.91583735849
6810.0	110.0	7.43720557884	10.3833719061
6810.0	111.0	2.95198362761	10.1108224149
6820.0	110.0	6.82138466807	10.5778796429
6820.0	111.0	3.40048477622	10.3079554094
6830.0	110.0	6.20556375731	10.7723873797
6830.0	111.0	3.84877545972	10.505088404
6840.0	110.0	5.60131842757	10.9750095496
6840.0	111.0	4.33221381653	10.5248971674
6850.0	110.0	5.00001960937	11.179540998
6850.0	111.0	4.81965101042	10.5248971674
6860.0	110.0	4.4298696274	11.3270327542
6860.0	111.0	5.37359517896	10.3993621127
6870.0	110.0	3.87318941244	11.4501812109
6870.0	111.0	5.92206725464	10.2714404601
6880.0	110.0	3.31650919748	11.5735683273
6880.0	111.0	6.42318468066	10.123710044
6890.0	110.0	2.71499991417	11.670464206
6890.0	111.0	6.92430210668	9.97597962802
6890.0	112.0	14.8220053454	7.43186616308
6900.0	112.0	14.1379937391	7.5750620429
6910.0	112.0	13.4539821328	7.71825792273
6920.0	112.0	12.8078542463	7.88293318454
6930.0	112.0	12.1659356619	8.04999504433
6940.0	112.0	11.4989717295	8.20345329555
6950.0	112.0	10.8294822158	8.35524092817
6960.0	112.0	10.209872933	8.50631258139
6970.0	112.0	9.61152062638	8.65714557481
6980.0	112.0	8.98686018101	8.76072392788
6990.0	112.0	8.35546485213	8.85236929097
7000.0	112.0	7.7141776631	8.95141310785
7010.0	112.0	7.03374396369	9.0786187811
7020.0	112.0	6.35331026427	9.20582445435
7030.0	112.0	5.68403121566	9.33637136479
7040.0	112.0	5.0595812354	9.47956724462
7050.0	112.0	4.43513125514	9.62276312445
7060.0	112.0	3.80352546115	9.75211673589
7070.0	112.0	3.14308594715	9.8261012738
7080.0	112.0	2.48285689825	9.90032447151
7090.0	112.0	1.83862319769	9.94137395706
7100.0	112.0	1.23290461219	9.90509766751
7110.0	112.0	0.626975561574	9.86906003775
7120.0	112.0	0.0210465109626	9.83278374819
7180.0	117.0	0.255083712866	10.3996007725
7190.0	117.0	0.754938348227	10.300079636
7200.0	117.0	1.25479298359	10.2007971594
7210.0	117.0	1.76496040932	10.1062878787
7220.0	117.0	2.27596969549	10.0127332372
7230.0	117.0	2.79160921407	9.9139280801
7240.0	117.0	3.34723710348	9.77073220027
7250.0	117.0	3.9028649929	9.62753632044
7260.0	117.0	4.41050683731	9.50653580199
7270.0	117.0	4.88594751996	9.40057085091
7280.0	117.0	5.3613882026	9.29436724004
7290.0	117.0	5.90438818543	9.22611053732
7290.0	118.0	15.1713774274	8.90559042631
7300.0	117.0	6.45475444711	9.1616723914
7300.0	118.0	14.5555565166	8.88792960113
7310.0	117.0	6.97902303518	9.09771156508
7310.0	118.0	13.9397356058	8.87026877595
7320.0	117.0	7.44204627636	9.03398939855
7320.0	118.0	13.3207577184	8.86000640456
7330.0	117.0	7.90506951753	8.97050589183
7330.0	118.0	12.6725251808	8.91728475649
7340.0	117.0	8.38282531638	8.88220176594
7340.0	118.0	12.0242926431	8.97456310842
7350.0	117.0	8.89530785832	8.73709660771
7350.0	118.0	11.4206787087	9.14067032903
7360.0	117.0	9.40779040026	8.59175278968
7360.0	118.0	10.8465298897	9.37933012874
7370.0	117.0	9.95352642952	8.43256670328
7370.0	118.0	10.2456520017	9.61798992845
7380.0	117.0	10.4990519937	8.27361927667
7380.0	118.0	9.60415434754	9.85664972817
7390.0	117.0	11.0559426737	8.12087700485
7390.0	118.0	8.98159855327	10.0666703519
7400.0	117.0	11.6387205623	7.98317030041
7400.0	118.0	8.4028195018	10.2098662317
7410.0	117.0	12.2214984508	7.84546359598
7410.0	118.0	7.78720905614	10.3459023176
