4040	148	2.6855	0.2816
4040	207	7.7104	11.3101
4040	208	7.9737	11.1366
4040	209	5.6518	11.7769
4040	214	5.1040	10.4397
4040	215	4.4913	10.3101
4040	216	4.3267	10.7492
4040	225	4.8468	9.4762
4040	229	9.3411	8.8817
4040	301	6.2818	11.3409
4040	306	7.9305	6.9004
4040	307	8.3481	7.1884
4040	314	3.3213	10.9091
4040	320	9.1224	10.0051
4040	332	8.3555	9.5077
4040	333	8.7535	9.5185
4040	335	12.9973	8.1961
4040	336	10.1400	8.2650
4040	389	8.3637	6.2052
4040	390	7.8371	6.3369
4040	414	4.1306	10.0948
4050	148	3.4081	0.4725
4050	207	7.7476	11.4177
4050	208	8.0038	11.2583
4050	209	5.4952	11.7953
4050	214	5.1246	10.4249
4050	215	4.4492	10.3101
4050	216	4.3507	10.7676
4050	225	4.7973	9.5605
4050	229	9.2487	9.0738
4050	301	6.2826	11.3347
4050	306	7.9301	6.9040
4050	307	8.3513	7.1880
4050	314	3.3224	10.9208
4050	320	9.0894	10.1383
4050	332	8.2854	9.5753
4050	333	8.6819	9.5636
4050	335	12.9825	8.2080
4050	336	10.0097	8.3674
4050	389	8.3944	6.2052
4050	390	7.8948	6.3137
4050	414	4.1241	10.1144
4060	148	4.1308	0.6635
4060	207	7.7847	11.5254
4060	208	8.0337	11.3803
4060	209	5.3389	11.8137
4060	214	5.1421	10.4177
4060	215	4.5141	10.3516
4060	216	4.3888	10.7774
4060	225	4.7759	9.6223
4060	229	9.2110	9.2970
4060	301	6.2836	11.3285
4060	306	7.9295	6.9078
4060	307	8.3544	7.1877
4060	314	3.3235	10.9323
4060	320	9.0332	10.2815
4060	332	8.2151	9.6426
4060	333	8.6103	9.6084
4060	335	12.9680	8.2202
4060	336	9.8834	8.4629
4060	389	8.4041	6.2037
4060	390	7.9524	6.2906
4060	414	4.1175	10.1342
4070	148	4.7424	1.0262
4070	207	7.8219	11.6330
4070	208	8.0638	11.5020
4070	209	5.1823	11.8320
4070	214	5.1593	10.4103
4070	215	4.6056	10.4034
4070	216	4.4267	10.7874
4070	225	4.7731	9.6695
4070	229	9.1794	9.5237
4070	301	6.2845	11.3223
4070	306	7.9291	6.9113
4070	307	8.3578	7.1875
4070	314	3.3245	10.9440
4070	320	8.9770	10.4247
4070	332	8.1258	9.7242
4070	333	8.5390	9.6536
4070	335	12.9533	8.2323
4070	336	9.7572	8.5583
4070	389	8.4114	6.2023
4070	390	8.0103	6.2674
4070	414	4.1110	10.1538
4080	148	5.2804	1.5036
4080	207	7.8590	11.7406
4080	208	8.1099	11.6118
4080	209	5.0634	11.8597
4080	214	5.1768	10.4029
4080	215	4.6969	10.4554
4080	216	4.4648	10.7974
4080	225	4.7704	9.7166
4080	229	9.1479	9.7504
4080	301	6.2853	11.3161
4080	306	7.9284	6.9149
4080	307	8.3609	7.1872
4080	314	3.3285	10.9562
4080	320	8.9366	10.5528
4080	332	7.9920	9.8399
4080	333	8.4432	9.7075
4080	335	12.9388	8.2443
4080	336	9.6159	8.6906
4080	389	8.4186	6.2009
4080	390	8.0680	6.2445
4080	414	4.1045	10.1736
4090	148	5.8181	1.9809
4090	207	7.8969	11.8475
4090	208	8.1801	11.7034
4090	209	4.9605	11.8917
4090	214	5.1941	10.3955
4090	215	4.7885	10.5072
4090	216	4.5027	10.8072
4090	225	4.7677	9.7638
4090	229	9.1163	9.9772
4090	301	6.2864	11.3098
4090	306	7.9278	6.9185
4090	307	8.3641	7.1868
4090	314	3.3611	10.9733
4090	320	8.8999	10.6774
4090	332	7.8579	9.9557
4090	333	8.2502	9.7970
4090	335	12.9240	8.2564
4090	336	9.4732	8.8271
4090	389	8.4260	6.1992
4090	390	8.1256	6.2214
4090	414	4.0980	10.1932
4100	148	6.0254	2.5706
4100	207	7.9404	11.9466
4100	208	8.2502	11.7953
4100	209	4.8575	11.9234
4100	214	5.2115	10.3881
4100	215	4.8506	10.5478
4100	216	4.5408	10.8173
4100	225	4.7647	9.8108
4100	229	9.0673	10.1562
4100	301	6.2872	11.3036
4100	306	7.9274	6.9223
4100	307	8.3673	7.1865
4100	314	3.3937	10.9903
4100	320	8.8633	10.8020
4100	332	7.7241	10.0714
4100	333	8.0572	9.8865
4100	335	12.7963	8.3610
4100	336	9.3318	8.9605
4100	389	8.4331	6.1978
4100	390	8.2151	6.1832
4100	414	4.0914	10.2130
4110	148	6.1957	3.1730
4110	207	7.9842	12.0456
4110	208	8.3203	11.8872
4110	209	4.7546	11.9552
4110	214	5.2288	10.3807
4110	215	4.7944	10.5423
4110	216	4.5789	10.8273
4110	225	4.7620	9.8578
4110	229	9.0161	10.3297
4110	301	6.2881	11.2974
4110	306	7.9267	6.9259
4110	307	8.3704	7.1863
4110	314	3.4264	11.0072
4110	320	8.8267	10.9266
4110	332	7.5626	10.1509
4110	333	7.8032	9.9426
4110	335	12.6559	8.4760
4110	336	9.2028	9.0684
4110	389	8.4405	6.1963
4110	390	8.3788	6.1104
4110	414	4.0849	10.2325
4120	148	6.2422	3.8238
4120	207	8.0278	12.1447
4120	208	8.3769	12.0089
4120	209	4.6555	11.9824
4120	214	5.2463	10.3733
4120	215	4.7382	10.5371
4120	216	4.6201	10.8311
4120	225	4.7592	9.9051
4120	229	8.9652	10.5032
4120	301	6.2891	11.2912
4120	306	7.9263	6.9295
4120	307	8.3736	7.1858
4120	314	3.4590	11.0244
4120	320	8.8000	11.0495
4120	332	7.4014	10.2306
4120	333	7.5338	9.9903
4120	335	12.5140	8.5908
4120	336	9.0738	9.1760
4120	389	8.4479	6.1949
4120	390	8.5426	6.0374
4120	414	4.0784	10.2523
4130	148	6.2578	4.4868
4130	207	8.0715	12.2437
4130	208	8.4201	12.1609
4130	209	4.5713	11.9912
4130	214	5.2635	10.3659
4130	215	4.6822	10.5318
4130	216	4.6746	10.8103
4130	225	4.7565	9.9521
4130	229	8.8936	10.6693
4130	301	6.2900	11.2850
4130	306	7.9257	6.9331
4130	307	8.3769	7.1856
4130	314	3.4914	11.0414
4130	320	8.8128	11.1664
4130	332	7.2400	10.3101
4130	333	7.2568	10.0524
4130	335	12.3661	8.7058
4130	336	8.9448	9.2839
4130	389	8.4550	6.1932
4130	390	8.7063	5.9646
4130	414	4.0719	10.2719
4140	148	6.2719	5.1329
4140	207	8.1151	12.3428
4140	208	8.4630	12.3127
4140	209	4.4871	11.9998
4140	214	5.2810	10.3586
4140	215	4.6260	10.5266
4140	216	4.7292	10.7898
4140	225	4.7348	9.9767
4140	229	8.8082	10.8306
4140	301	6.2908	11.2788
4140	306	7.9253	6.9369
4140	307	8.3801	7.1853
4140	314	3.5240	11.0585
4140	320	8.8259	11.2834
4140	332	6.9243	10.4020
4140	333	6.9622	10.1478
4140	335	12.2179	8.8206
4140	336	8.7343	9.3932
4140	389	8.4624	6.1918
4140	390	8.8591	5.9920
4140	414	4.0653	10.2917
4150	148	6.2719	5.6278
4150	207	8.1109	12.4580
4150	208	8.5062	12.4645
4150	209	4.4029	12.0084
4150	214	5.2982	10.3512
4150	215	4.6460	10.5154
4150	216	4.7839	10.7690
4150	225	4.7129	10.0015
4150	229	8.7229	10.9920
4150	301	6.2919	11.2726
4150	306	7.9246	6.9405
4150	307	8.3832	7.1851
4150	314	3.5566	11.0755
4150	320	8.8387	11.4001
4150	332	6.6086	10.4936
4150	333	6.6675	10.2433
4150	335	12.0794	8.9435
4150	336	8.5238	9.5027
4150	389	8.4695	6.1904
4150	390	9.0071	6.0629
4150	414	4.0590	10.3113
4160	148	6.2719	6.1231
4160	207	8.0949	12.5774
4160	208	8.5392	12.6127
4160	209	4.3187	12.0172
4160	214	5.3157	10.3438
4160	215	4.6986	10.5017
4160	216	4.8384	10.7485
4160	225	4.6913	10.0261
4160	229	8.6377	11.1530
4160	301	6.2927	11.2664
4160	306	7.9242	6.9440
4160	307	8.3864	7.1846
4160	314	3.5893	11.0927
4160	320	8.8515	11.5170
4160	332	6.3287	10.5805
4160	333	6.4337	10.3065
4160	335	11.9504	9.0746
4160	336	8.3134	9.5822
4160	389	8.4769	6.1887
4160	390	9.1552	6.1336
4160	414	4.0525	10.3311
4170	148	6.2883	6.6188
4170	207	8.0787	12.6967
4170	208	8.4817	12.7265
4170	209	4.2346	12.0258
4170	214	5.3330	10.3364
4170	215	4.7512	10.4884
4170	216	4.8929	10.7280
4170	225	4.6694	10.0509
4170	229	8.6049	11.3399
4170	301	6.2935	11.2600
4170	306	7.9236	6.9476
4170	307	8.3896	7.1844
4170	314	3.6084	11.1786
4170	320	8.8555	11.6311
4170	332	6.1026	10.6602
4170	333	6.2152	10.3614
4170	335	11.8214	9.2053
4170	336	8.1029	9.6419
4170	389	8.4843	6.1873
4170	390	9.1754	6.1369
4170	414	4.0460	10.3507
4180	148	6.3291	7.1161
4180	207	8.0625	12.8160
4180	208	8.4243	12.8404
4180	209	4.1148	12.0884
4180	214	5.3504	10.3290
4180	215	4.8039	10.4748
4180	216	4.9474	10.7072
4180	225	4.6477	10.0755
4180	229	8.5777	11.5297
4180	301	6.2946	11.2538
4180	306	7.9232	6.9514
4180	307	8.3927	7.1841
4180	314	3.6221	11.2941
4180	320	8.8383	11.7382
4180	332	5.8766	10.7397
4180	333	6.0218	10.4294
4180	335	11.6909	9.3228
4180	336	7.8924	9.7099
4180	389	8.4914	6.1858
4180	390	9.1954	6.1405
4180	414	4.0395	10.3705
4190	148	6.3701	7.6132
4190	207	8.0463	12.9354
4190	208	8.3670	12.9545
4190	209	3.9799	12.1740
4190	214	5.3677	10.3216
4190	215	4.8565	10.4612
4190	216	5.0021	10.6867
4190	225	4.6258	10.1003
4190	229	8.5508	11.7194
4190	301	6.2954	11.2476
4190	306	7.9225	6.9550
4190	307	8.3959	7.1839
4190	314	3.6356	11.4094
4190	320	8.8210	11.8454
4190	332	5.7598	10.8304
4190	333	5.9299	10.5488
4190	335	11.5585	9.4199
4190	336	7.6820	9.8108
4190	389	8.4988	6.1844
4190	390	9.2156	6.1438
4190	414	4.0329	10.3901
4200	148	6.4110	8.1104
4200	207	8.0126	13.0521
4200	208	8.3096	13.0683
4200	209	3.8450	12.2597
4200	214	5.3852	10.3144
4200	215	4.9091	10.4476
4200	216	5.0411	10.6698
4200	225	4.6041	10.1249
4200	229	8.5238	11.9091
4200	301	6.2963	11.2414
4200	306	7.9219	6.9586
4200	307	8.3957	7.1798
4200	314	3.6551	11.5724
4200	320	8.8040	11.9526
4200	332	5.6895	10.9258
4200	333	5.8377	10.6681
4200	335	11.4259	9.5173
4200	336	7.4715	9.9118
4200	389	8.5059	6.1827
4200	390	9.2358	6.1472
4200	414	4.0264	10.4099
4210	148	6.4914	8.5099
4210	207	7.9676	13.1671
4210	208	8.2599	13.1826
4210	209	3.7101	12.3454
4210	214	5.4024	10.3070
4210	215	4.9617	10.4340
4210	216	4.9409	10.6869
4210	225	4.5822	10.1497
4210	229	8.4668	12.0733
4210	301	6.2973	11.2351
4210	306	7.9215	6.9624
4210	307	8.3917	7.1720
4210	314	3.6785	11.7669
4210	320	8.7867	12.0597
4210	332	5.6194	11.0213
4210	333	5.7457	10.7874
4210	335	11.2694	9.5925
4210	336	7.2852	10.0182
4210	389	8.5133	6.1813
4210	390	9.2558	6.1507
4210	414	4.0199	10.4294
4220	148	6.5815	8.8851
4220	207	7.9225	13.2824
4220	208	8.2136	13.2972
4220	209	3.5756	12.4421
4220	214	5.4199	10.2996
4220	215	5.0143	10.4206
4220	216	4.8407	10.7039
4220	225	4.5606	10.1743
4220	229	8.4098	12.2373
4220	301	6.2982	11.2289
4220	306	7.9209	6.9660
4220	307	8.3877	7.1641
4220	314	3.7019	11.9614
4220	320	8.7678	12.1569
4220	332	5.5956	11.0650
4220	333	5.6238	10.8690
4220	335	11.1025	9.6583
4220	336	7.1154	10.1282
4220	389	8.5207	6.1799
4220	390	9.2760	6.1541
4220	414	3.9761	10.4791
4230	148	6.6717	9.2600
4230	207	7.8775	13.3974
4230	208	8.1673	13.4117
4230	209	3.4411	12.5416
4230	214	5.4372	10.2922
4230	215	5.0669	10.4070
4230	216	4.7405	10.7208
4230	225	4.5389	10.1989
4230	229	8.3529	12.4015
4230	301	6.2990	11.2227
4230	306	7.9204	6.9696
4230	307	8.3839	7.1565
4230	314	3.6446	12.1280
4230	320	8.7459	12.2392
4230	332	5.5918	11.0865
4230	333	5.5020	10.9507
4230	335	10.9356	9.7242
4230	336	6.9453	10.2385
4230	389	8.5278	6.1782
4230	390	9.2962	6.1574
4230	414	3.9325	10.5285