2880	123	7.7283	10.2767
2880	128	7.7609	2.8401
2880	129	7.9661	1.9451
2880	168	7.8527	7.8237
2880	177	7.3591	7.9326
2880	178	8.0831	8.1574
2880	190	7.7123	8.5209
2880	200	8.7890	6.0405
2880	201	8.8204	6.5739
2880	203	8.3298	5.8472
2880	204	12.5328	3.4823
2880	269	4.0664	9.3433
2880	276	12.6178	4.5746
2880	286	11.6703	6.4319
2880	287	11.6090	6.8717
2880	292	6.5606	9.0476
2880	293	13.3229	8.1918
2880	294	13.7179	8.5798
2880	297	11.4594	9.2834
2880	299	10.0716	4.5529
2880	301	11.8187	9.1015
2880	302	10.3574	7.5932
2880	303	11.7846	5.5565
2880	304	12.1998	5.1221
2880	305	11.0037	4.7233
2880	306	13.6760	5.3985
2880	307	14.2788	5.3486
2880	375	7.3391	10.4364
2880	379	5.8991	10.5657
2880	399	3.7322	12.9153
2880	408	9.4267	8.3655
2880	409	7.1383	12.6678
2880	411	5.8798	11.0127
2890	123	7.8897	10.0698
2890	128	8.0924	3.0071
2890	129	8.2142	2.1751
2890	168	7.8348	7.8822
2890	177	7.3118	8.0271
2890	178	8.0560	8.2051
2890	190	7.6906	8.6739
2890	200	8.5579	6.2207
2890	201	8.5653	6.7188
2890	203	8.0101	6.0858
2890	204	12.2764	3.7522
2890	269	4.0613	9.3354
2890	276	12.6144	4.5625
2890	286	11.4388	6.2808
2890	287	11.3782	6.6989
2890	292	6.1824	9.2123
2890	293	13.2829	8.2636
2890	294	13.7265	8.6968
2890	297	11.4049	9.2805
2890	299	9.8529	4.3694
2890	301	11.7804	9.1125
2890	302	9.9954	7.6027
2890	303	11.4990	5.4627
2890	304	12.0110	4.9823
2890	305	10.7017	4.4329
2890	306	13.6076	5.3567
2890	307	14.1576	5.3002
2890	375	7.3564	10.4850
2890	379	5.9351	10.5249
2890	399	3.6657	13.0058
2890	408	9.3832	8.3736
2890	409	7.1407	12.6525
2890	411	5.7676	10.9977
2900	123	8.0859	9.8619
2900	128	8.4081	3.1663
2900	129	8.5306	2.3188
2900	168	7.7902	7.9848
2900	177	7.2646	8.1218
2900	178	7.9962	8.2896
2900	190	7.6729	8.7896
2900	200	8.2664	6.3768
2900	201	8.3102	6.8634
2900	203	7.6990	6.2908
2900	204	12.1036	4.0226
2900	269	4.0565	9.3275
2900	276	12.6111	4.5503
2900	286	11.2037	6.1257
2900	287	11.1271	6.5429
2900	292	5.8076	9.3913
2900	293	13.2456	8.3233
2900	294	13.7581	8.7982
2900	297	11.3506	9.2777
2900	299	9.6159	4.2269
2900	301	11.7421	9.1232
2900	302	9.6334	7.6123
2900	303	11.2134	5.3689
2900	304	11.8128	4.8245
2900	305	10.3907	4.1622
2900	306	13.5392	5.3150
2900	307	14.1022	5.2562
2900	375	7.3736	10.5337
2900	379	6.0599	10.5690
2900	399	3.5886	13.0988
2900	408	9.3396	8.3820
2900	409	7.1430	12.6373
2900	411	5.6116	10.9270
2910	123	8.4209	9.6497
2910	128	8.7238	3.3252
2910	129	8.8926	2.4047
2910	168	7.7344	8.1066
2910	177	7.2175	8.2166
2910	178	7.8874	8.4297
2910	190	7.6580	8.8805
2910	200	7.9749	6.5328
2910	201	8.0345	7.0240
2910	203	7.3966	6.4624
2910	204	12.0559	4.2937
2910	269	4.0515	9.3197
2910	276	12.6079	4.5381
2910	286	10.9652	5.9665
2910	287	10.8762	6.3870
2910	292	5.4325	9.5703
2910	293	13.2086	8.3829
2910	294	13.7897	8.8996
2910	297	11.2961	9.2748
2910	299	9.3665	4.1121
2910	301	11.7038	9.1342
2910	302	9.3204	7.4975
2910	303	10.9347	5.2491
2910	304	11.6103	4.6594
2910	305	10.0434	3.9713
2910	306	13.5053	5.3016
2910	307	14.0469	5.2121
2910	375	7.3951	10.5903
2910	379	6.1845	10.6132
2910	399	3.5116	13.1922
2910	408	9.2960	8.3901
2910	409	7.1453	12.6222
2910	411	5.4557	10.8564
2920	123	8.7562	9.4376
2920	128	9.0544	3.3525
2920	129	9.2554	2.4887
2920	168	7.6786	8.2285
2920	177	7.1703	8.3111
2920	178	7.7786	8.5696
2920	190	7.6428	8.9712
2920	200	7.6790	6.6918
2920	201	7.7451	7.1956
2920	203	7.0939	6.6340
2920	204	11.9974	4.5637
2920	269	4.0464	9.3118
2920	276	12.6805	4.5011
2920	286	10.7268	5.8073
2920	287	10.6032	6.2624
2920	292	5.0857	9.7564
2920	293	13.1713	8.4426
2920	294	13.8212	9.0011
2920	297	11.2416	9.2722
2920	299	9.1171	3.9971
2920	301	11.6551	9.1116
2920	302	9.0127	7.3691
2920	303	10.6632	5.1028
2920	304	11.4251	4.4913
2920	305	9.7010	3.8121
2920	306	13.4946	5.3071
2920	307	13.9915	5.1682
2920	375	7.4338	10.6781
2920	379	6.2954	10.6779
2920	399	3.4348	13.2852
2920	408	9.2525	8.3984
2920	409	7.1476	12.6070
2920	411	5.2780	10.7733
2930	123	9.1342	9.2073
2930	128	9.3867	3.3651
2930	129	9.6258	2.5556
2930	168	7.6226	8.3502
2930	177	7.1232	8.4058
2930	178	7.6944	8.6953
2930	190	7.6279	9.0622
2930	200	7.3783	6.8538
2930	201	7.4557	7.3672
2930	203	6.7968	6.8047
2930	204	11.8959	4.8288
2930	269	4.0416	9.3039
2930	276	12.7858	4.4534
2930	286	10.4751	5.6698
2930	287	10.3155	6.1591
2930	292	4.7574	9.9473
2930	293	13.1343	8.5023
2930	294	13.8335	9.0087
2930	297	11.1871	9.2693
2930	299	8.8465	3.9061
2930	301	11.5905	9.0383
2930	302	8.6686	7.2362
2930	303	10.3915	4.9565
2930	304	11.3939	4.2968
2930	305	9.3783	3.7804
2930	306	13.4839	5.3126
2930	307	13.9743	5.1625
2930	375	7.4726	10.7662
2930	379	6.3744	10.7896
2930	399	3.3853	13.3712
2930	408	9.2089	8.4066
2930	409	7.1499	12.5917
2930	411	5.0909	10.6848
2940	123	9.5551	8.9588
2940	128	9.7100	3.5272
2940	129	9.9963	2.6224
2940	168	7.5669	8.4719
2940	177	7.0426	8.4834
2940	178	7.6353	8.8073
2940	190	7.6108	9.1292
2940	200	7.0777	7.0156
2940	201	7.1762	7.5347
2940	203	6.5120	6.9732
2940	204	11.7947	5.0940
2940	269	4.0365	9.2960
2940	276	12.8062	4.4398
2940	286	10.2105	5.5539
2940	287	10.0280	6.0555
2940	292	4.4448	10.1430
2940	293	13.0970	8.5619
2940	294	13.8410	8.9932
2940	297	11.1326	9.2664
2940	299	8.5737	3.8176
2940	301	11.5261	8.9653
2940	302	8.2393	7.0930
2940	303	10.1472	4.7971
2940	304	11.3628	4.1023
2940	305	9.0643	3.5687
2940	306	13.4731	5.3183
2940	307	13.9736	5.1730
2940	375	7.5113	10.8540
2940	379	6.4533	10.9015
2940	399	3.3775	13.4463
2940	408	9.1653	8.4149
2940	409	7.1522	12.5764
2940	411	4.9038	10.5965
2950	123	9.9798	8.7120
2950	128	10.0331	3.6890
2950	129	10.2212	2.7799
2950	168	7.4852	8.5540
2950	177	6.9533	8.5569
2950	178	7.5761	8.9192
2950	190	7.5906	9.1605
2950	200	6.8351	7.2082
2950	201	6.9115	7.6963
2950	203	6.2272	7.1417
2950	204	11.6998	5.3266
2950	269	4.0317	9.2882
2950	276	12.7902	4.4410
2950	286	9.9459	5.4381
2950	287	9.7386	5.9254
2950	292	4.2737	10.3817
2950	293	13.0600	8.6216
2950	294	13.8484	8.9774
2950	297	11.0780	9.2636
2950	299	8.3010	3.7152
2950	301	11.4617	8.8922
2950	302	7.8099	6.9498
2950	303	9.9432	4.6181
2950	304	11.3628	3.8902
2950	305	8.7543	3.2797
2950	306	13.4624	5.3238
2950	307	13.9728	5.1835
2950	375	7.5281	10.9084
2950	379	6.5312	11.0060
2950	399	3.3698	13.5215
2950	408	9.1218	8.4230
2950	409	7.1546	12.5611
2950	411	4.7708	10.5650
2960	123	10.4382	8.4817
2960	128	10.3223	3.8761
2960	129	10.3494	2.9978
2960	168	7.3972	8.6261
2960	177	6.8643	8.6304
2960	178	7.5256	9.0037
2960	190	7.5704	9.1915
2960	200	6.6172	7.4142
2960	201	6.6467	7.8581
2960	203	5.9425	7.3099
2960	204	11.6116	5.5269
2960	269	4.0266	9.2803
2960	276	12.7742	4.4422
2960	286	9.6814	5.3221
2960	287	9.4484	5.7772
2960	292	4.1028	10.6204
2960	293	13.1000	8.6361
2960	294	13.8558	8.9619
2960	297	11.0237	9.2610
2960	299	8.0280	3.5560
2960	301	11.3973	8.8192
2960	302	7.3593	6.8417
2960	303	9.7393	4.4391
2960	304	11.4095	3.6515
2960	305	8.3134	2.9260
2960	306	13.4515	5.3293
2960	307	13.9719	5.1940
2960	375	7.5119	10.9122
2960	379	6.5974	11.0437
2960	399	3.3620	13.5964
2960	408	8.9784	8.5087
2960	409	7.1952	12.5089
2960	411	4.6380	10.5337
2970	123	10.8968	8.2517
2970	128	10.4746	4.1641
2970	129	10.5148	3.2362
2970	168	7.3090	8.6984
2970	177	6.7753	8.7037
2970	178	7.4951	9.0244
2970	190	7.5504	9.2225
2970	200	6.3996	7.6199
2970	201	6.3960	8.0404
2970	203	5.6535	7.4476
2970	204	11.5234	5.7271
2970	269	4.0216	9.2724
2970	276	12.7582	4.4434
2970	286	9.3657	5.1894
2970	287	9.1582	5.6290
2970	292	3.9317	10.8590
2970	293	13.1730	8.6311
2970	294	13.8633	8.9462
2970	297	10.9370	9.2447
2970	299	7.7552	3.3968
2970	301	11.3344	8.8264
2970	302	6.9033	6.7421
2970	303	9.5795	4.2481
2970	304	11.4562	3.4128
2970	305	7.8398	2.5560
2970	306	13.4407	5.3348
2970	307	13.9713	5.2045
2970	375	7.4957	10.9163
2970	379	6.6640	11.0815
2970	399	3.3542	13.6716
2970	408	8.8101	8.6137
2970	409	7.2741	12.4194
2970	411	4.5050	10.5022
2980	123	11.3487	8.0507
2980	128	10.6270	4.4522
2980	129	10.7674	3.5226
2980	168	7.2208	8.7705
2980	177	6.6863	8.7772
2980	178	7.4648	9.0450
2980	190	7.5302	9.2538
2980	200	6.1605	7.8211
2980	201	6.1788	8.2715
2980	203	5.3641	7.5820
2980	204	11.4931	5.9610
2980	269	4.0167	9.2645
2980	276	12.7424	4.4443
2980	286	9.0500	5.0570
2980	287	8.8501	5.4844
2980	292	3.7848	11.0977
2980	293	13.2460	8.6264
2980	294	13.8707	8.9304
2980	297	10.8366	9.2230
2980	299	7.4797	3.2250
2980	301	11.2727	8.9137
2980	302	6.4360	6.6283
2980	303	9.5964	4.0095
2980	304	11.4234	3.1286
2980	305	7.3873	2.2355
2980	306	13.4300	5.3405
2980	307	13.9705	5.2150
2980	375	7.4795	10.9204
2980	379	6.7305	11.1189
2980	399	3.3464	13.7468
2980	408	8.6522	8.7230
2980	409	7.3530	12.3299
2980	411	4.3836	10.4932
2990	123	11.7852	7.9183
2990	128	10.7261	4.7298
2990	129	11.0200	3.8090
2990	168	7.1668	8.8223
2990	177	6.6364	8.8170
2990	178	7.4345	9.0657
2990	190	7.5100	9.2848
2990	200	5.9162	8.0214
2990	201	5.9616	8.5025
2990	203	5.0747	7.7161
2990	204	11.5497	6.2455
2990	269	4.0117	9.2567
2990	276	12.7264	4.4455
2990	286	8.7343	4.9243
2990	287	8.5344	5.3412
2990	292	3.6404	11.3363
2990	293	13.3191	8.6213
2990	294	13.8781	8.9149
2990	297	10.7360	9.2015
2990	299	7.2013	3.0403
2990	301	11.2111	9.0011
2990	302	5.9520	6.4932
2990	303	9.6132	3.7708
2990	304	11.3565	2.8248
2990	305	6.9401	1.9272
2990	306	13.4193	5.3460
2990	307	13.9696	5.2257
2990	375	7.4631	10.9244
2990	379	6.7970	11.1566
2990	399	3.3190	13.7425
2990	408	8.5190	8.8423
2990	409	7.4319	12.2404
2990	411	4.3080	10.5726
3000	123	12.2217	7.7856
3000	128	10.7005	4.9830
3000	129	11.1353	4.1746
3000	168	7.1463	8.8536
3000	177	6.6128	8.8345
3000	178	7.4042	9.0863
3000	190	7.4900	9.3161
3000	200	5.6716	8.2214
3000	201	5.7569	8.7252
3000	203	4.9167	7.9290
3000	204	11.6063	6.5302
3000	269	4.0068	9.2488
3000	276	12.7104	4.4467
3000	286	8.3870	4.7940
3000	287	8.2187	5.1980
3000	292	3.4960	11.5750
3000	293	13.3921	8.6166
3000	294	13.8856	8.8991
3000	297	10.6356	9.1798
3000	299	6.9230	2.8556
3000	301	11.1496	9.0882
3000	302	5.4679	6.3579
3000	303	9.7349	3.4486
3000	304	11.3988	2.5441
3000	305	6.4983	1.7086
3000	306	13.4085	5.3515
3000	307	13.9690	5.2362
3000	375	7.4469	10.9285
3000	379	6.8635	11.1943
3000	399	3.2917	13.7382
3000	408	8.3856	8.9617
3000	409	7.5020	12.1640
3000	411	4.2325	10.6521
3010	123	12.6536	7.6848
3010	128	10.6750	5.2360
3010	129	11.2161	4.5603
3010	168	7.1261	8.8848
3010	177	6.5890	8.8517
3010	178	7.3739	9.1070
3010	190	7.4698	9.3471
3010	200	5.4814	8.4190
3010	201	5.6022	8.9147
3010	203	4.8148	8.1753
3010	204	11.7343	6.7266
3010	269	4.0018	9.2409
3010	276	12.6944	4.4477
3010	286	7.9924	4.6672
3010	287	7.8539	5.0493
3010	292	3.3474	11.7986
3010	293	13.4129	8.6171
3010	294	13.8930	8.8834
3010	297	10.5917	9.1228
3010	299	6.6717	2.6527
3010	301	11.0065	9.1698
3010	302	4.9819	6.2214
3010	303	9.9015	3.0906
3010	304	11.5503	2.2864
3010	305	6.0652	1.6243
3010	306	13.3978	5.3572
3010	307	13.9681	5.2467
3010	375	7.4307	10.9323
3010	379	6.8879	11.2251
3010	399	3.2641	13.7342
3010	408	8.2464	9.1015
3010	409	7.5629	12.1012
3010	411	4.1569	10.7318
3020	123	13.0823	7.6054
3020	128	10.6495	5.4892
3020	129	11.2544	4.9324
3020	168	7.1057	8.9161
3020	177	6.5655	8.8691
3020	178	7.3433	9.1275
3020	190	7.4498	9.3784
3020	200	5.3142	8.6156
3020	201	5.4473	9.1042
3020	203	4.7132	8.4216
3020	204	11.8799	6.9008
3020	269	3.9885	9.2349
3020	276	12.6784	4.4489
3020	286	7.5978	4.5405
3020	287	7.4679	4.8980
3020	292	3.1923	11.9996
3020	293	13.4207	8.6187
3020	294	13.9004	8.8679
3020	297	10.6794	8.9836
3020	299	6.4613	2.4229
3020	301	10.7411	9.2423
3020	302	4.4930	6.0827
3020	303	10.1244	2.7100
3020	304	11.7019	2.0286
3020	305	5.6036	1.6095
3020	306	13.3871	5.3627
3020	307	13.9673	5.2572
3020	375	7.4145	10.9363
3020	379	6.8494	11.2456
3020	399	3.2367	13.7299
3020	408	8.0934	9.2896
3020	409	7.6239	12.0385
3020	411	4.0527	10.7896
3030	123	13.5110	7.5257
3030	128	10.4624	5.8250
3030	129	11.1218	5.2505
3030	168	7.0855	8.9474
3030	177	6.5417	8.8865
3030	178	7.3130	9.1483
3030	190	7.4296	9.4094
3030	200	5.1471	8.8123
3030	201	5.2926	9.2937
3030	203	4.6357	8.6030
3030	204	12.0176	7.0440
3030	269	3.9628	9.2316
3030	276	12.6624	4.4501
3030	286	7.1941	4.4145
3030	287	7.0822	4.7469
3030	292	3.0374	12.2005
3030	293	13.4285	8.6206
3030	294	13.9080	8.8521
3030	297	10.7670	8.8443
3030	299	6.2508	2.1930
3030	301	10.4795	9.3116
3030	302	4.0043	5.9441
3030	303	10.4782	2.2759
3030	304	11.9195	1.6830
3030	305	5.1244	1.6059
3030	306	13.3761	5.3682
3030	307	13.9667	5.2677
3030	375	7.3983	10.9404
3030	379	6.8109	11.2659
3030	399	3.2094	13.7256
3030	408	7.9402	9.4777
3030	409	7.6847	11.9757
3030	411	3.8818	10.7972
3040	123	13.8454	7.4848
3040	128	10.2753	6.1610
3040	129	10.9894	5.5686
3040	168	7.0651	8.9786
3040	177	6.5181	8.9039
3040	178	7.2827	9.1688
3040	190	7.4094	9.4407
3040	200	4.9874	9.0077
3040	201	5.1494	9.4879
3040	203	4.5749	8.7412
3040	204	12.1228	7.0619
3040	269	3.9370	9.2283
3040	276	12.6466	4.4512
3040	286	6.7540	4.2916
3040	287	6.6717	4.6338
3040	292	2.8823	12.4015
3040	293	13.4365	8.6223
3040	294	13.9153	8.8364
3040	297	10.9240	8.7182
3040	299	6.0719	1.8496
3040	301	10.2522	9.3497
3040	302	3.5284	5.7925
3040	303	10.8270	1.8460
3040	304	12.1373	1.3372
3040	305	4.5932	1.4353
3040	306	13.3654	5.3737
3040	307	13.9658	5.2782
3040	375	7.3819	10.9445
3040	379	6.7723	11.2862
3040	399	3.1820	13.7213
3040	408	7.7872	9.6657
3040	409	7.7123	11.8907
3040	411	3.7107	10.8046
3050	123	14.1691	7.4481
3050	128	10.0564	6.4779
3050	129	10.7878	5.8558
3050	168	7.0447	9.0099
3050	177	6.4943	8.9213
3050	178	7.2524	9.1896
3050	190	7.3894	9.4717
3050	200	4.8453	9.2013
3050	201	5.0091	9.6831
3050	203	4.5138	8.8793
3050	204	12.2280	7.0798
3050	269	3.9113	9.2252
3050	276	12.6306	4.4522
3050	286	6.3140	4.1687
3050	287	6.2508	4.5372
3050	292	2.6878	12.5483
3050	293	13.4443	8.6242
3050	294	13.9229	8.8209
3050	297	11.0888	8.5939
3050	299	5.8901	1.4694
3050	301	10.0249	9.3879
3050	302	3.0827	5.6099
3050	303	11.1290	1.4518
3050	304	12.3408	1.0014
3050	305	4.0620	1.2649
3050	306	13.3546	5.3794
3050	307	13.9650	5.2887
3050	375	7.3656	10.9483
3050	379	6.7338	11.3067
3050	399	3.1547	13.7172
3050	408	7.7666	9.7531
3050	409	7.7253	11.7962
3050	411	3.5447	10.8094
3060	123	14.4648	7.4335
3060	128	9.7633	6.7507
3060	129	10.5172	6.1114
3060	168	7.0245	9.0411
3060	177	6.4705	8.9388
3060	178	7.2219	9.2101
3060	190	7.3471	9.5984
3060	200	4.7031	9.3948
3060	201	4.8687	9.8784
3060	203	4.4530	9.0175
3060	204	12.3333	7.0977
3060	269	3.8854	9.2218
3060	276	12.6146	4.4534
3060	286	5.8739	4.0458
3060	287	5.8299	4.4403
3060	292	2.4671	12.6588
3060	293	13.4521	8.6259
3060	294	13.9303	8.8051
3060	297	11.1090	8.5612
3060	299	5.6695	1.1172
3060	301	9.7942	9.4082
3060	302	2.6369	5.4274
3060	303	11.4310	1.0573
3060	304	12.4160	0.7544
3060	305	3.4114	1.0697
3060	306	13.3439	5.3849
3060	307	13.9644	5.2992
3060	375	7.3494	10.9523
3060	379	6.6953	11.3270
3060	399	3.1273	13.7129
3060	408	7.7462	9.8404
3060	409	7.7386	11.7017
3060	411	3.4228	10.7905
3070	123	14.6951	7.4708
3070	128	9.4701	7.0235
3070	129	10.2467	6.3672
3070	168	7.0041	9.0724
3070	177	6.4470	8.9559
3070	178	7.0948	9.2715
3070	190	7.3025	9.7359
3070	200	4.5608	9.5884
3070	201	4.7420	10.0526
3070	203	4.3798	9.1736
3070	204	12.4671	7.1207
3070	269	3.8597	9.2187
3070	276	12.5987	4.4546
3070	286	5.4012	3.9656
3070	287	5.4090	4.3436
3070	292	2.2463	12.7695
3070	293	13.4601	8.6278
3070	294	13.9376	8.7894
3070	297	11.0328	8.5901
3070	299	5.4340	0.7735
3070	301	9.5612	9.4168
3070	302	2.1914	5.2448
3070	303	11.6857	0.6773
3070	304	12.4911	0.5072
3070	305	2.7609	0.8744
3070	306	13.3332	5.3904
3070	307	13.9635	5.3099
3070	375	7.3332	10.9564
3070	379	6.6568	11.3473
3070	399	3.0997	13.7086
3070	408	7.7255	9.9278
3070	409	7.7516	11.6072
3070	411	3.3009	10.7717