920	26	3.6131	4.5028
920	27	3.6246	3.7708
920	28	3.0040	3.6145
920	29	14.3701	8.2357
920	30	14.7467	8.1939
920	56	2.9676	5.2982
920	77	4.3310	10.5939
920	81	4.6092	10.9889
920	94	4.8923	7.0946
920	95	2.9154	4.7114
920	96	3.0757	2.8878
920	97	2.6203	2.4019
920	158	13.7644	2.5377
920	159	12.9825	1.5604
920	160	13.4923	1.8257
920	247	5.2751	9.0951
920	248	5.7316	9.5781
920	249	5.9511	9.8132
920	250	6.3847	8.6567
920	254	11.7528	3.7014
920	255	12.6397	5.6531
920	257	14.7831	5.5608
920	349	9.0658	8.6335
920	350	11.7698	6.1887
920	351	6.8233	7.2266
920	352	6.9839	7.6350
920	353	6.7454	6.7958
920	354	5.4904	7.9075
920	355	3.4800	11.2564
920	356	3.8100	11.1294
920	357	3.3569	11.7540
920	358	3.2527	13.7580
920	397	11.1967	7.1359
920	399	3.6876	12.6027
930	26	3.9702	4.5171
930	27	3.9864	3.7708
930	28	3.2462	3.6073
930	29	14.4869	8.2159
930	30	14.8658	8.1662
930	56	2.9640	5.2942
930	77	4.3543	10.7263
930	81	4.5732	11.1079
930	94	5.0358	7.3116
930	95	3.0983	4.6889
930	96	3.5745	2.8847
930	97	3.1465	2.3849
930	158	13.4698	2.8878
930	159	12.6424	1.9277
930	160	13.1835	2.1837
930	247	5.0709	9.3120
930	248	5.5428	9.7507
930	249	5.7520	9.9781
930	250	6.1449	8.8290
930	254	11.3255	3.6145
930	255	12.4006	5.6054
930	257	14.5164	5.4414
930	349	8.9934	8.3662
930	350	11.7372	6.2515
930	351	7.1377	7.1018
930	352	7.3772	7.5001
930	353	7.1874	6.6884
930	354	5.8850	7.7486
930	355	3.5792	11.1440
930	356	3.8366	10.9817
930	357	3.4622	11.6347
930	358	3.1187	13.6105
930	397	11.2052	7.1359
930	399	3.6600	12.6051
940	26	4.3274	4.5317
940	27	4.3507	3.7892
940	28	3.5539	3.6720
940	29	14.5288	8.2089
940	30	14.9851	8.1383
940	56	2.9602	5.2899
940	77	4.3032	10.8223
940	81	4.5010	11.2239
940	94	5.1901	7.5416
940	95	3.2900	4.6749
940	96	4.0837	2.8694
940	97	3.6726	2.3677
940	158	13.1682	3.2059
940	159	12.3360	2.3000
940	160	12.9068	2.5365
940	247	4.9160	9.5280
940	248	5.4083	9.8831
940	249	5.5735	10.1084
940	250	5.9252	9.0106
940	254	10.9021	3.5579
940	255	12.1480	5.5973
940	257	14.2500	5.3221
940	349	9.0586	8.0206
940	350	11.6558	6.3283
940	351	7.5285	6.9655
940	352	7.8188	7.3567
940	353	7.6140	6.5913
940	354	6.2796	7.5894
940	355	3.5809	10.9822
940	356	3.8439	10.8368
940	357	3.5674	11.5153
940	358	2.9848	13.4630
940	397	11.2138	7.1359
940	399	3.6324	12.6074
950	26	4.7052	4.5885
950	27	4.7176	3.8260
950	28	3.9266	3.8083
950	29	14.5387	8.2075
950	30	14.9944	8.1304
950	56	2.9566	5.2858
950	77	4.2438	10.9142
950	81	4.4288	11.3397
950	94	5.3515	7.7803
950	95	3.4819	4.6608
950	96	4.5930	2.8539
950	97	4.1939	2.3572
950	158	12.8664	3.5243
950	159	12.0794	2.6804
950	160	12.6437	2.8871
950	247	4.7736	9.7435
950	248	5.2738	10.0158
950	249	5.3949	10.2385
950	250	5.7516	9.2135
950	254	10.4812	3.5212
950	255	11.8955	5.5894
950	257	13.9844	5.1775
950	349	9.1241	7.6751
950	350	11.5743	6.4054
950	351	7.9196	6.8290
950	352	8.2923	7.2075
950	353	8.0255	6.5047
950	354	6.7138	7.4462
950	355	3.5579	10.8079
950	356	3.8515	10.6920
950	357	3.6385	11.3783
950	358	2.8507	13.3155
950	397	11.2222	7.1359
950	399	3.6046	12.6098
960	26	5.0884	4.6558
960	27	5.0846	3.8627
960	28	4.2996	3.9448
960	29	14.5484	8.2061
960	30	15.0038	8.1223
960	56	2.9528	5.2815
960	77	4.1845	11.0058
960	81	4.3566	11.4557
960	94	5.5127	8.0190
960	95	3.6865	4.6732
960	96	5.0933	2.8346
960	97	4.7129	2.3491
960	158	12.5648	3.8424
960	159	11.8229	3.0608
960	160	12.3806	3.2377
960	247	4.6309	9.9590
960	248	5.1393	10.1483
960	249	5.2164	10.3686
960	250	5.5780	9.4163
960	254	10.0602	3.4844
960	255	11.6598	5.5813
960	257	13.7196	5.0157
960	349	9.2241	7.3316
960	350	11.5463	6.4149
960	351	8.3614	6.7025
960	352	8.6381	7.0882
960	353	8.4453	6.3820
960	354	7.1649	7.3099
960	355	3.5352	10.6340
960	356	3.8658	10.4640
960	357	3.6758	11.2239
960	358	2.7169	13.1681
960	397	11.2306	7.1359
960	399	3.5771	12.6122
970	26	5.4715	4.7231
970	27	5.4517	3.8992
970	28	4.6723	4.0811
970	29	14.5581	8.2049
970	30	15.0131	8.1144
970	56	2.9490	5.2772
970	77	4.1251	11.0977
970	81	4.2689	11.6280
970	94	5.6826	8.2242
970	95	3.9037	4.7116
970	96	5.5142	2.7787
970	97	5.2322	2.3413
970	158	12.3402	4.0811
970	159	11.5768	3.4186
970	160	12.1438	3.5219
970	247	4.5416	10.1557
970	248	4.9960	10.2805
970	249	5.0225	10.5504
970	250	5.4043	9.6192
970	254	9.6122	3.4689
970	255	11.4493	5.5732
970	257	13.4548	4.8541
970	349	9.4625	6.9975
970	350	11.5718	6.3569
970	351	8.8160	6.5784
970	352	8.9763	6.9808
970	353	8.8854	6.1758
970	354	7.6230	7.1808
970	355	3.5165	10.4469
970	356	3.8801	10.2364
970	357	3.7128	11.0695
970	358	2.5830	13.0203
970	397	11.2393	7.1359
970	399	3.5495	12.6148
980	26	5.8547	4.7904
980	27	5.8263	3.9071
980	28	5.1764	4.1878
980	29	14.5678	8.2035
980	30	15.0226	8.1066
980	56	2.8815	5.2457
980	77	3.9277	11.2917
980	81	4.1813	11.8003
980	94	5.8579	8.4073
980	95	4.1211	4.7500
980	96	5.9351	2.7231
980	97	5.7333	2.2985
980	158	12.1158	4.3197
980	159	11.3725	3.6851
980	160	11.9334	3.7400
980	247	4.4751	10.3440
980	248	4.8436	10.4122
980	249	4.8272	10.7380
980	250	5.2357	9.8163
980	254	9.1641	3.4536
980	255	11.2388	5.5648
980	257	13.2063	4.6458
980	349	9.7010	6.6634
980	350	11.5973	6.2992
980	351	9.2118	6.4751
980	352	9.2792	6.8999
980	353	9.3078	5.9863
980	354	8.0861	7.0567
980	355	3.5335	10.1438
980	356	3.8947	10.0084
980	357	3.7402	10.9046
980	358	2.4639	12.8731
980	397	11.2477	7.1359
980	399	3.5217	12.6172
990	26	6.3097	4.8400
990	27	6.2062	3.8954
990	28	5.6802	4.2947
990	29	14.5777	8.2020
990	30	15.0318	8.0984
990	56	2.6651	5.1503
990	77	3.7305	11.4855
990	81	4.0935	11.9728
990	94	6.0334	8.5901
990	95	4.3301	4.8317
990	96	6.3605	2.6716
990	97	6.2268	2.2410
990	158	11.8913	4.5584
990	159	11.1683	3.9520
990	160	11.7229	3.9584
990	247	4.4086	10.5325
990	248	4.6913	10.5438
990	249	4.6410	10.9225
990	250	5.0794	10.0006
990	254	8.7160	3.4381
990	255	11.1025	5.5498
990	257	12.9741	4.3906
990	349	9.9527	6.3192
990	350	11.6292	6.2314
990	351	9.4709	6.4199
990	352	9.5364	6.8469
990	353	9.5709	5.9467
990	354	8.5392	6.9297
990	355	3.5505	9.8404
990	356	3.9090	9.7808
990	357	3.6781	10.6449
990	358	2.4776	12.7277
990	397	11.2561	7.1359
990	399	3.4941	12.6196
1000	26	6.7728	4.8878
1000	27	6.5861	3.8837
1000	28	6.1843	4.4014
1000	29	14.5873	8.2006
1000	30	15.0413	8.0906
1000	56	2.4486	5.0548
1000	77	3.5331	11.6795
1000	81	4.0159	12.1304
1000	94	6.1702	8.7827
1000	95	4.5271	4.9780
1000	96	6.8245	2.6575
1000	97	6.7204	2.1833
1000	158	11.7970	4.7147
1000	159	10.9640	4.2186
1000	160	11.5124	4.1765
1000	247	4.3423	10.7208
1000	248	4.5460	10.7079
1000	249	4.5389	11.0793
1000	250	4.9230	10.1846
1000	254	8.2633	3.4696
1000	255	11.0402	5.5276
1000	257	12.7418	4.1355
1000	349	10.2566	5.9348
1000	350	11.6871	6.1240
1000	351	9.7210	6.3603
1000	352	9.7586	6.7858
1000	353	9.7468	5.9200
1000	354	8.9027	6.7779
1000	355	3.5676	9.5373
1000	356	3.9147	9.5001
1000	357	3.6162	10.3853
1000	358	2.4913	12.5826
1000	397	11.2647	7.1359
1000	399	3.4666	12.6220
1010	26	7.2358	4.9355
1010	27	6.9660	3.8720
1010	28	6.6907	4.4975
1010	29	14.5970	8.1992
1010	30	15.0506	8.0827
1010	56	2.2322	4.9594
1010	77	3.4720	11.8659
1010	81	3.9534	12.2659
1010	94	6.2811	8.9815
1010	95	4.7239	5.1243
1010	96	7.2888	2.6434
1010	97	7.1863	2.1255
1010	158	11.7025	4.8710
1010	159	10.7548	4.4064
1010	160	11.4615	4.2777
1010	247	4.2093	10.8769
1010	248	4.4057	10.8934
1010	249	4.4366	11.2361
1010	250	4.7668	10.3688
1010	254	7.8099	3.5064
1010	255	10.9776	5.5056
1010	257	12.5648	3.8376
1010	349	10.5153	5.5493
1010	350	11.7450	6.0166
1010	351	9.9866	6.3066
1010	352	9.9573	6.7197
1010	353	9.9129	5.8949
1010	354	9.2661	6.6262
1010	355	3.5491	9.2273
1010	356	3.9147	9.1841
1010	357	3.5543	10.1254
1010	358	2.5050	12.4373
1010	397	11.2731	7.1359
1010	399	3.4388	12.6244
1020	26	7.6988	4.9832
1020	27	7.3614	3.8880
1020	28	7.2067	4.5515
1020	29	14.6067	8.1980
1020	30	15.0600	8.0746
1020	56	1.9737	4.8765
1020	77	3.4449	12.0509
1020	81	3.8907	12.4012
1020	94	6.3922	9.1805
1020	95	4.9230	5.2835
1020	96	7.7531	2.6296
1020	97	7.6456	2.0677
1020	158	11.6147	5.0197
1020	159	10.5443	4.5744
1020	160	11.4104	4.3789
1020	247	4.0689	11.0294
1020	248	4.2655	11.0791
1020	249	4.3343	11.3929
1020	250	4.6580	10.5552
1020	254	7.3600	3.5357
1020	255	10.9154	5.4834
1020	257	12.4244	3.5114
1020	349	10.7057	5.1629
1020	350	11.8029	5.9092
1020	351	10.2760	6.2617
1020	352	10.1874	6.6400
1020	353	10.2435	5.8949
1020	354	9.5823	6.5085
1020	355	3.4769	8.9068
1020	356	3.9147	8.8684
1020	357	3.5082	9.8230
1020	358	2.5186	12.2919
1020	397	11.2816	7.1359
1020	399	3.4567	12.6208
1030	26	8.1044	4.9732
1030	27	7.7729	3.9314
1030	28	7.7228	4.6054
1030	29	14.6166	8.1965
1030	30	15.0693	8.0667
1030	56	1.7048	4.7971
1030	77	3.4177	12.2356
1030	81	3.8281	12.5368
1030	94	6.5034	9.3793
1030	95	5.1274	5.4729
1030	96	8.1957	2.5663
1030	97	8.1048	2.0098
1030	158	11.5846	5.0994
1030	159	10.3277	4.7460
1030	160	11.3594	4.4804
1030	247	3.9288	11.1819
1030	248	4.1251	11.2647
1030	249	4.2253	11.5330
1030	250	4.5614	10.7423
1030	254	6.9180	3.5477
1030	255	10.8531	5.4613
1030	257	12.2842	3.1854
1030	349	10.8945	4.7579
1030	350	11.8725	5.7720
1030	351	10.6117	6.2433
1030	352	10.4254	6.5569
1030	353	10.5744	5.8949
1030	354	9.8929	6.3949
1030	355	3.4047	8.5863
1030	356	3.8827	8.5376
1030	357	3.4687	9.5025
1030	358	2.5912	12.1611
1030	397	11.2902	7.1359
1030	399	3.4939	12.6148
1040	26	8.5034	4.9567
1040	27	8.1841	3.9749
1040	28	8.2340	4.6448
1040	29	14.6263	8.1951
1040	30	15.0786	8.0588
1040	56	1.4358	4.7176
1040	77	3.3266	12.3485
1040	81	3.7452	12.6631
1040	94	6.4385	9.4896
1040	95	5.3315	5.6624
1040	96	8.6291	2.4821
1040	97	8.5356	1.9458
1040	158	11.5545	5.1789
1040	159	10.0573	4.9505
1040	160	11.2893	4.5966
1040	247	3.7842	11.3459
1040	248	3.9950	11.4051
1040	249	4.1114	11.6621
1040	250	4.4648	10.9294
1040	254	6.4665	3.5596
1040	255	10.7779	5.4445
1040	257	12.1192	2.8475
1040	349	11.0797	4.3092
1040	350	11.9896	5.5157
1040	351	10.9589	6.2314
1040	352	10.6550	6.4839
1040	353	10.9560	5.8262
1040	354	10.1394	6.2994
1040	355	3.3325	8.2657
1040	356	3.7233	8.1469
1040	357	3.4293	9.1817
1040	358	2.7228	12.0449
1040	397	11.2986	7.1359
1040	399	3.5312	12.6089
1050	26	8.9027	4.9403
1050	27	8.5956	4.0181
1050	28	8.7023	4.5553
1050	29	14.6360	8.1937
1050	30	15.0880	8.0507
1050	56	1.1797	4.6293
1050	77	3.2083	12.4304
1050	81	3.6535	12.7855
1050	94	6.3739	9.5996
1050	95	5.5359	5.8522
1050	96	9.0624	2.3978
1050	97	8.9380	1.8756
1050	158	11.5244	5.2584
1050	159	9.7866	5.1551
1050	160	11.2113	4.7193
1050	247	3.6299	11.5368
1050	248	3.8652	11.5454
1050	249	3.9978	11.7910
1050	250	4.3615	11.1113
1050	254	5.9930	3.5715
1050	255	10.5885	5.4765
1050	257	11.9378	2.5019
1050	349	11.2649	3.8606
1050	350	12.1064	5.2593
1050	351	11.3491	6.1837
1050	352	10.8766	6.4211
1050	353	11.3432	5.7498
1050	354	10.3698	6.2085
1050	355	3.1408	7.8868
1050	356	3.5638	7.7564
1050	357	3.3161	8.8588
1050	358	2.8543	11.9285
1050	397	11.3070	7.1359
1050	399	3.5686	12.6027
1060	26	9.1750	4.8911
1060	27	9.0153	4.0534
1060	28	9.1704	4.4658
1060	29	14.6456	8.1925
1060	30	15.0973	8.0428
1060	56	0.9747	4.5071
1060	77	3.0898	12.5125
1060	81	3.5617	12.9079
1060	94	6.3327	9.6707
1060	95	5.6609	6.1672
1060	96	9.4855	2.3069
1060	97	9.3402	1.8055
1060	158	11.4943	5.3381
1060	159	9.5682	5.3808
1060	160	11.1330	4.8422
1060	247	3.4754	11.7277
1060	248	3.7351	11.6860
1060	249	3.8839	11.9201
1060	250	4.2003	11.2464
1060	254	5.5089	3.5887
1060	255	10.3991	5.5083
1060	257	11.7564	2.1561
1060	349	11.5078	3.4315
1060	350	12.1693	4.9324
1060	351	11.7501	6.1266
1060	352	11.1260	6.3245
1060	353	11.7581	5.6682
1060	354	10.7154	6.0491
1060	355	2.9358	7.5013
1060	356	3.4045	7.3660
1060	357	3.1294	8.5335
1060	358	2.9859	11.8122
1060	397	11.3157	7.1359
1060	399	3.6059	12.5967
1070	26	9.4474	4.8419
1070	27	9.5101	4.0147
1070	28	9.6389	4.3763
1070	29	14.6555	8.1910
1070	30	15.1068	8.0350
1070	56	0.7695	4.3847
1070	77	2.9655	12.6194
1070	81	3.4699	13.0301
1070	94	6.3272	9.6834
1070	95	5.7768	6.4966
1070	96	9.8847	2.1997
1070	97	9.7407	1.7346
1070	158	11.3335	5.4391
1070	159	9.4709	5.6562
1070	160	11.0347	4.9739
1070	247	3.3416	11.8779
1070	248	3.5849	11.8256
1070	249	3.7318	12.0557
1070	250	4.0388	11.3817
1070	254	5.0002	3.6186
1070	255	10.2040	5.5450
1070	257	11.6452	1.8148
1070	349	11.7650	3.0071
1070	350	12.1781	4.5345
1070	351	12.2000	6.0064
1070	352	11.3937	6.2052
1070	353	12.2139	5.5787
1070	354	11.1100	5.8601
1070	355	2.7306	7.1156
1070	356	3.1321	7.0047
1070	357	2.9425	8.2085
1070	358	3.1174	11.6958
1070	397	11.3241	7.1359
1070	399	3.6432	12.5907
1080	26	9.7197	4.7928
1080	27	10.0051	3.9758
1080	28	10.1013	4.3057
1080	29	14.6652	8.1896
1080	30	15.1160	8.0268
1080	56	0.5645	4.2622
1080	77	2.8348	12.7511
1080	81	3.3784	13.1793
1080	94	6.3217	9.6958
1080	95	5.8930	6.8257
1080	96	10.2837	2.0928
1080	97	10.1234	1.6587
1080	158	11.1582	5.5424
1080	159	9.3737	5.9317
1080	160	10.8554	5.1417
1080	247	3.2553	11.9330
1080	248	3.4213	11.9647
1080	249	3.5756	12.1922
1080	250	3.8824	11.5172
1080	254	4.4917	3.6484
1080	255	9.9571	5.6274
1080	257	11.5642	1.4752
1080	349	12.0182	2.5761
1080	350	12.1718	4.1510
1080	351	12.6711	5.8586
1080	352	11.7229	6.0963
1080	353	12.6700	5.4892
1080	354	11.5316	5.7030
1080	355	2.5256	6.7302
1080	356	2.8474	6.6467
1080	357	2.7558	7.8832
1080	358	3.2489	11.5795
1080	397	11.3325	7.1359
1080	399	3.6804	12.5845
1090	26	10.0735	4.8135
1090	27	10.4999	3.9372
1090	28	10.5108	4.4023
1090	29	14.6749	8.1882
1090	30	15.1255	8.0190
1090	56	0.3759	4.1398
1090	77	2.7041	12.8826
1090	81	3.2868	13.3349
1090	94	6.3163	9.7084
1090	95	5.9282	7.2075
1090	96	10.6236	2.0131
1090	97	10.5060	1.5828
1090	158	10.9827	5.6460
1090	159	9.3632	6.1674
1090	160	10.6761	5.3097
1090	247	3.1688	11.9881
1090	248	3.2576	12.1041
1090	249	3.4192	12.3284
1090	250	3.7713	11.6566
1090	254	4.0809	3.6945
1090	255	9.7104	5.7097
1090	257	11.4741	1.1515
1090	349	12.2352	2.0837
1090	350	12.0317	3.8966
1090	351	13.1410	5.7775
1090	352	12.1438	6.0037
1090	353	13.1751	5.4319
1090	354	12.0167	5.6200
1090	355	2.2099	6.4457
1090	356	2.5626	6.2887
1090	357	2.5689	7.5581
1090	358	3.3805	11.4631
1090	397	11.3409	7.1359
1090	399	3.7179	12.5786
1100	26	10.4812	4.8806
1100	27	10.9955	3.9582
1100	28	10.9202	4.4990
1100	29	14.6846	8.1867
1100	30	15.1348	8.0111
1100	56	0.2254	4.0169
1100	77	2.6519	13.0377
1100	81	3.1955	13.4905
1100	94	6.3106	9.7211
1100	95	5.9631	7.5894
1100	96	10.8749	1.9747
1100	97	10.7413	1.5580
1100	158	10.8110	5.8073
1100	159	9.3895	6.3861
1100	160	10.5138	5.4801
1100	247	3.0825	12.0433
1100	248	3.0938	12.2432
1100	249	3.2542	12.4552
1100	250	3.6604	11.7958
1100	254	3.6810	3.7422
1100	255	9.4663	5.7844
1100	257	11.3011	0.9725
1100	349	12.4524	1.5916
1100	350	11.8913	3.6419
1100	351	13.6106	5.7407
1100	352	12.6069	5.9904
1100	353	13.6802	5.3746
1100	354	12.5016	5.5369
1100	355	1.8942	6.1610
1100	356	2.2255	5.9328
1100	357	2.3823	7.2328
1100	358	3.5120	11.3468
1100	397	11.3495	7.1359
1100	399	3.7642	12.5284
1110	26	10.8890	4.9477
1110	27	11.4920	4.0682
1110	28	11.3298	4.5959
1110	29	14.7027	8.1801
1110	30	15.1442	8.0030
1110	56	0.0751	3.8942
1110	77	2.6519	13.2081
1110	81	3.1039	13.6461
1110	94	6.3051	9.7335
1110	95	5.9983	7.9712
1110	96	11.1262	1.9362
1110	97	10.9602	1.5389
1110	158	10.6394	5.9753
1110	159	9.4029	6.5479
1110	160	10.3688	5.6529
1110	247	2.9076	12.1203
1110	248	2.8764	12.3705
1110	249	3.0768	12.5669
1110	250	3.5493	11.9349
1110	254	3.2812	3.7899
1110	255	9.2325	5.8285
1110	257	11.1283	0.7935
1110	349	12.6694	1.0993
1110	350	11.7456	3.3890
1110	351	14.0801	5.7040
1110	352	13.0979	6.0302
1110	353	14.1696	5.3161
1110	354	13.0469	5.5044
1110	355	1.5511	5.8949
1110	356	1.8357	5.5794
1110	357	2.1954	6.9078
1110	358	3.6863	11.2184
1110	397	11.3580	7.1359
1110	399	3.8126	12.4671