1000	26	6.7728	4.8878
1000	27	6.5861	3.8837
1000	28	6.1843	4.4014
1000	29	14.5873	8.2006
1000	94	6.1702	8.7827
1000	95	4.5271	4.9780
1000	96	6.8245	2.6575
1000	97	6.7204	2.1833
1000	158	11.7970	4.7147
1000	159	10.9640	4.2186
1000	160	11.5124	4.1765
1000	164	5.0933	1.4320
1000	165	5.0421	0.0504
1000	247	4.3423	10.7208
1000	248	4.5460	10.7079
1000	249	4.5389	11.0793
1000	250	4.9230	10.1846
1000	254	8.2633	3.4696
1000	255	11.0402	5.5276
1000	257	12.7418	4.1355
1000	258	12.6570	6.2233
1000	259	14.2992	6.9123
1000	260	14.5878	7.3584
1000	261	15.1318	1.4508
1000	350	11.6871	6.1240
1000	358	2.4913	12.5826
1000	359	2.3993	13.0401
1000	360	2.8623	13.0786
1000	361	12.8805	11.4795
1000	397	11.2647	7.1359
1000	399	3.4666	12.6220
1010	26	7.2358	4.9355
1010	27	6.9660	3.8720
1010	28	6.6907	4.4975
1010	29	14.5970	8.1992
1010	94	6.2811	8.9815
1010	95	4.7239	5.1243
1010	96	7.2888	2.6434
1010	97	7.1863	2.1255
1010	158	11.7025	4.8710
1010	159	10.7548	4.4064
1010	160	11.4615	4.2777
1010	164	5.0653	1.9809
1010	165	5.2827	0.5191
1010	247	4.2093	10.8769
1010	248	4.4057	10.8934
1010	249	4.4366	11.2361
1010	250	4.7668	10.3688
1010	254	7.8099	3.5064
1010	255	10.9776	5.5056
1010	257	12.5648	3.8376
1010	258	12.3490	6.2947
1010	259	13.9854	6.7541
1010	260	14.2173	7.2724
1010	261	14.9937	1.7059
1010	350	11.7450	6.0166
1010	358	2.5050	12.4373
1010	359	2.4281	12.8817
1010	360	2.8790	12.9277
1010	361	12.5999	11.3072
1010	397	11.2731	7.1359
1010	399	3.4388	12.6244
1020	26	7.6988	4.9832
1020	27	7.3614	3.8880
1020	28	7.2067	4.5515
1020	29	14.6067	8.1980
1020	94	6.3922	9.1805
1020	95	4.9230	5.2835
1020	96	7.7531	2.6296
1020	97	7.6456	2.0677
1020	158	11.6147	5.0197
1020	159	10.5443	4.5744
1020	160	11.4104	4.3789
1020	164	5.0371	2.5298
1020	165	5.5232	0.9878
1020	247	4.0689	11.0294
1020	248	4.2655	11.0791
1020	249	4.3343	11.3929
1020	250	4.6580	10.5552
1020	254	7.3600	3.5357
1020	255	10.9154	5.4834
1020	257	12.4244	3.5114
1020	258	12.0439	6.4259
1020	259	13.6697	6.5949
1020	260	13.8570	7.1853
1020	261	14.8559	1.9611
1020	350	11.8029	5.9092
1020	358	2.5186	12.2919
1020	359	2.4860	12.7265
1020	360	2.8956	12.7771
1020	361	12.3192	11.1349
1020	397	11.2816	7.1359
1020	399	3.4567	12.6208
1030	26	8.1044	4.9732
1030	27	7.7729	3.9314
1030	28	7.7228	4.6054
1030	29	14.6166	8.1965
1030	94	6.5034	9.3793
1030	95	5.1274	5.4729
1030	96	8.1957	2.5663
1030	97	8.1048	2.0098
1030	158	11.5846	5.0994
1030	159	10.3277	4.7460
1030	160	11.3594	4.4804
1030	164	5.0091	3.0787
1030	165	5.7638	1.4568
1030	247	3.9288	11.1819
1030	248	4.1251	11.2647
1030	249	4.2253	11.5330
1030	250	4.5614	10.7423
1030	254	6.9180	3.5477
1030	255	10.8531	5.4613
1030	257	12.2842	3.1854
1030	258	11.7160	6.5612
1030	259	13.3540	6.4359
1030	260	13.4992	7.0977
1030	261	14.7180	2.2162
1030	350	11.8725	5.7720
1030	358	2.5912	12.1611
1030	359	2.5439	12.5714
1030	360	2.9122	12.6263
1030	361	12.0386	10.9624
1030	397	11.2902	7.1359
1030	399	3.4939	12.6148
1040	26	8.5034	4.9567
1040	27	8.1841	3.9749
1040	28	8.2340	4.6448
1040	29	14.6263	8.1951
1040	94	6.4385	9.4896
1040	95	5.3315	5.6624
1040	96	8.6291	2.4821
1040	97	8.5356	1.9458
1040	158	11.5545	5.1789
1040	159	10.0573	4.9505
1040	160	11.2893	4.5966
1040	164	4.9880	3.5878
1040	165	5.8204	1.9627
1040	247	3.7842	11.3459
1040	248	3.9950	11.4051
1040	249	4.1114	11.6621
1040	250	4.4648	10.9294
1040	254	6.4665	3.5596
1040	255	10.7779	5.4445
1040	257	12.1192	2.8475
1040	258	11.3651	6.7004
1040	259	12.9966	6.3856
1040	260	13.1414	7.0102
1040	261	14.6282	2.4370
1040	350	11.9896	5.5157
1040	358	2.7228	12.0449
1040	359	2.6018	12.4163
1040	360	2.9286	12.4774
1040	361	11.8046	10.7218
1040	397	11.2986	7.1359
1040	399	3.5312	12.6089
1050	26	8.9027	4.9403
1050	27	8.5956	4.0181
1050	28	8.7023	4.5553
1050	29	14.6360	8.1937
1050	94	6.3739	9.5996
1050	95	5.5359	5.8522
1050	96	9.0624	2.3978
1050	97	8.9380	1.8756
1050	158	11.5244	5.2584
1050	159	9.7866	5.1551
1050	160	11.2113	4.7193
1050	164	4.9670	4.0971
1050	165	5.8568	2.4730
1050	247	3.6299	11.5368
1050	248	3.8652	11.5454
1050	249	3.9978	11.7910
1050	250	4.3615	11.1113
1050	254	5.9930	3.5715
1050	255	10.5885	5.4765
1050	257	11.9378	2.5019
1050	258	11.0126	6.8386
1050	259	12.6346	6.3474
1050	260	12.8304	6.9192
1050	261	14.5501	2.6491
1050	350	12.1064	5.2593
1050	358	2.8543	11.9285
1050	359	2.6697	12.2829
1050	360	2.9442	12.3361
1050	361	11.6400	10.3788
1050	397	11.3070	7.1359
1050	399	3.5686	12.6027
1060	26	9.1750	4.8911
1060	27	9.0153	4.0534
1060	28	9.1704	4.4658
1060	29	14.6456	8.1925
1060	94	6.3327	9.6707
1060	95	5.6609	6.1672
1060	96	9.4855	2.3069
1060	97	9.3402	1.8055
1060	158	11.4943	5.3381
1060	159	9.5682	5.3808
1060	160	11.1330	4.8422
1060	164	4.9459	4.6061
1060	165	5.8930	2.9832
1060	247	3.4754	11.7277
1060	248	3.7351	11.6860
1060	249	3.8839	11.9201
1060	250	4.2003	11.2464
1060	254	5.5089	3.5887
1060	255	10.3991	5.5083
1060	257	11.7564	2.1561
1060	258	10.6443	6.9662
1060	259	12.2787	6.3581
1060	260	12.5307	6.8276
1060	261	14.4743	2.8484
1060	350	12.1693	4.9324
1060	358	2.9859	11.8122
1060	359	2.7474	12.1714
1060	360	2.9598	12.1946
1060	361	11.4756	10.0356
1060	397	11.3157	7.1359
1060	399	3.6059	12.5967
1070	26	9.4474	4.8419
1070	27	9.5101	4.0147
1070	28	9.6389	4.3763
1070	29	14.6555	8.1910
1070	94	6.3272	9.6834
1070	95	5.7768	6.4966
1070	96	9.8847	2.1997
1070	97	9.7407	1.7346
1070	158	11.3335	5.4391
1070	159	9.4709	5.6562
1070	160	11.0347	4.9739
1070	164	4.9895	5.0589
1070	165	5.9412	3.3856
1070	247	3.3416	11.8779
1070	248	3.5849	11.8256
1070	249	3.7318	12.0557
1070	250	4.0388	11.3817
1070	254	5.0002	3.6186
1070	255	10.2040	5.5450
1070	257	11.6452	1.8148
1070	258	10.2760	7.0942
1070	259	11.9321	6.4424
1070	260	12.2337	6.7433
1070	261	14.4164	2.9319
1070	350	12.1781	4.5345
1070	358	3.1174	11.6958
1070	359	2.8253	12.0600
1070	360	2.9958	12.0833
1070	361	11.3264	9.6841
1070	397	11.3241	7.1359
1070	399	3.6432	12.5907
1080	26	9.7197	4.7928
1080	27	10.0051	3.9758
1080	28	10.1013	4.3057
1080	29	14.6652	8.1896
1080	94	6.3217	9.6958
1080	95	5.8930	6.8257
1080	96	10.2837	2.0928
1080	97	10.1234	1.6587
1080	158	11.1582	5.5424
1080	159	9.3737	5.9317
1080	160	10.8554	5.1417
1080	164	5.0331	5.5114
1080	165	5.9892	3.7878
1080	247	3.2553	11.9330
1080	248	3.4213	11.9647
1080	249	3.5756	12.1922
1080	250	3.8824	11.5172
1080	254	4.4917	3.6484
1080	255	9.9571	5.6274
1080	257	11.5642	1.4752
1080	258	9.9159	7.2428
1080	259	11.5865	6.4944
1080	260	11.9468	6.6889
1080	261	14.3586	3.0155
1080	350	12.1718	4.1510
1080	358	3.2489	11.5795
1080	359	2.9029	11.9483
1080	360	3.0522	12.0024
1080	361	11.2382	9.2994
1080	397	11.3325	7.1359
1080	399	3.6804	12.5845
1090	26	10.0735	4.8135
1090	27	10.4999	3.9372
1090	28	10.5108	4.4023
1090	29	14.6749	8.1882
1090	94	6.3163	9.7084
1090	95	5.9282	7.2075
1090	96	10.6236	2.0131
1090	97	10.5060	1.5828
1090	158	10.9827	5.6460
1090	159	9.3632	6.1674
1090	160	10.6761	5.3097
1090	164	5.0779	5.9601
1090	165	6.0374	4.1902
1090	247	3.1688	11.9881
1090	248	3.2576	12.1041
1090	249	3.4192	12.3284
1090	250	3.7713	11.6566
1090	254	4.0809	3.6945
1090	255	9.7104	5.7097
1090	257	11.4741	1.1515
1090	258	9.5747	7.4405
1090	259	11.2414	6.5326
1090	260	11.6598	6.6347
1090	261	14.3007	3.0990
1090	350	12.0317	3.8966
1090	358	3.3805	11.4631
1090	359	2.9808	11.8368
1090	360	3.1086	11.9215
1090	361	11.1498	8.9144
1090	397	11.3409	7.1359
1090	399	3.7179	12.5786
1100	26	10.4812	4.8806
1100	27	10.9955	3.9582
1100	28	10.9202	4.4990
1100	29	14.6846	8.1867
1100	94	6.3106	9.7211
1100	95	5.9631	7.5894
1100	96	10.8749	1.9747
1100	97	10.7413	1.5580
1100	158	10.8110	5.8073
1100	159	9.3895	6.3861
1100	160	10.5138	5.4801
1100	164	5.1339	6.3739
1100	165	6.0614	4.5890
1100	247	3.0825	12.0433
1100	248	3.0938	12.2432
1100	249	3.2542	12.4552
1100	250	3.6604	11.7958
1100	254	3.6810	3.7422
1100	255	9.4663	5.7844
1100	257	11.3011	0.9725
1100	258	9.2335	7.6378
1100	259	10.9126	6.5512
1100	260	11.3820	6.6443
1100	261	14.2481	3.1749
1100	350	11.8913	3.6419
1100	358	3.5120	11.3468
1100	359	3.0587	11.7251
1100	360	3.1648	11.8406
1100	361	11.0494	8.5316
1100	397	11.3495	7.1359
1100	399	3.7642	12.5284
1110	26	10.8890	4.9477
1110	27	11.4920	4.0682
1110	28	11.3298	4.5959
1110	29	14.7027	8.1801
1110	94	6.3051	9.7335
1110	95	5.9983	7.9712
1110	96	11.1262	1.9362
1110	97	10.9602	1.5389
1110	158	10.6394	5.9753
1110	159	9.4029	6.5479
1110	160	10.3688	5.6529
1110	164	5.1901	6.7875
1110	165	6.0614	4.9842
1110	247	2.9076	12.1203
1110	248	2.8764	12.3705
1110	249	3.0768	12.5669
1110	250	3.5493	11.9349
1110	254	3.2812	3.7899
1110	255	9.2325	5.8285
1110	257	11.1283	0.7935
1110	258	8.9389	7.8552
1110	259	10.6495	6.4915
1110	260	11.1041	6.6538
1110	261	14.2445	3.1813
1110	350	11.7456	3.3890
1110	358	3.6863	11.2184
1110	359	3.1364	11.6137
1110	360	3.2212	11.7595
1110	361	10.8390	8.1688
1110	397	11.3580	7.1359
1110	399	3.8126	12.4671
1120	26	11.3192	5.0469
1120	27	11.9885	4.1785
1120	28	11.7589	4.7185
1120	29	14.7330	8.1653
1120	94	6.2996	9.7462
1120	95	5.9757	8.3037
1120	96	11.3756	1.8794
1120	97	11.1845	1.4620
1120	158	10.4986	6.1250
1120	159	9.3867	6.5767
1120	160	10.2236	5.8257
1120	164	5.2454	7.1913
1120	165	6.0614	5.3796
1120	247	2.6001	12.2304
1120	248	2.6588	12.4979
1120	249	2.8992	12.6788
1120	250	3.3990	12.0602
1120	254	2.8623	3.8033
1120	255	8.9986	5.8727
1120	257	10.9964	0.6745
1120	258	8.7139	8.1020
1120	259	10.3865	6.4319
1120	260	10.8126	6.7123
1120	261	14.2409	3.1880
1120	350	11.5529	3.1503
1120	358	3.9029	11.0781
1120	359	3.2142	11.5022
1120	360	3.2776	11.6786
1120	361	10.6285	7.8061
1120	397	11.3664	7.1359
1120	399	3.8612	12.4060
1130	26	11.7835	5.1944
1130	27	12.4850	4.2885
1130	28	12.2175	4.8806
1130	29	14.7633	8.1507
1130	94	6.2940	9.7586
1130	95	5.9532	8.6361
1130	96	11.6213	1.7799
1130	97	11.4171	1.2988
1130	158	10.4807	6.2011
1130	159	9.3705	6.6056
1130	160	10.1436	5.9336
1130	164	5.2928	7.5070
1130	165	6.0532	5.7486
1130	247	2.2924	12.3406
1130	248	2.4414	12.6251
1130	249	2.7163	12.7876
1130	250	3.2096	12.1716
1130	254	2.4414	3.8128
1130	255	8.8210	5.9223
1130	257	10.9600	0.6950
1130	258	8.4889	8.3490
1130	259	10.1724	6.4677
1130	260	10.5075	6.8197
1130	261	14.2375	3.1945
1130	350	11.3599	2.9116
1130	358	4.1196	10.9375
1130	359	3.2919	11.3905
1130	360	3.5200	11.5721
1130	361	10.2917	7.5383
1130	397	11.3750	7.1359
1130	399	3.9098	12.3449
1140	26	12.2478	5.3417
1140	27	12.9436	4.4033
1140	28	12.6761	5.0426
1140	29	14.7938	8.1359
1140	94	6.2885	9.7712
1140	95	5.9381	8.9464
1140	96	11.8667	1.6806
1140	97	11.6627	1.1575
1140	158	10.4629	6.2772
1140	159	9.3543	6.6345
1140	160	10.1072	5.9978
1140	164	5.3403	7.8226
1140	165	6.0260	6.0565
1140	247	2.0104	12.4614
1140	248	2.2084	12.7444
1140	249	2.5123	12.8848
1140	250	3.0202	12.2831
1140	254	2.0520	3.8264
1140	255	8.6996	5.9775
1140	257	10.9236	0.7157
1140	258	8.2568	8.5464
1140	259	9.9708	6.5273
1140	260	10.2113	6.9168
1140	261	14.2340	3.2011
1140	350	11.2529	2.5802
1140	358	4.3270	10.8015
1140	359	3.4213	11.2834
1140	360	3.7831	11.4626
1140	361	9.8477	7.3388
1140	397	11.3834	7.1359
1140	399	3.9498	12.2537
1150	26	12.7121	5.4892
1150	27	13.3645	4.5226
1150	28	13.1078	5.1789
1150	29	14.8241	8.1211
1150	94	6.2830	9.7839
1150	95	5.9532	9.1679
1150	96	12.1796	1.4465
1150	97	11.9210	1.0382
1150	158	10.4450	6.3534
1150	159	9.3381	6.6634
1150	160	10.0708	6.0620
1150	164	5.3879	8.1383
1150	165	5.9989	6.3646
1150	247	1.7344	12.5848
1150	248	1.9754	12.8638
1150	249	2.3086	12.9817
1150	250	2.8057	12.4086
1150	254	1.7100	3.8465
1150	255	8.5781	6.0326
1150	257	10.8874	0.7363
1150	258	8.0172	8.6946
1150	259	9.7546	6.6378
1150	260	9.9245	7.0035
1150	261	14.2304	3.2076
1150	350	11.1826	2.2090
1150	358	4.4503	10.7027
1150	359	3.6707	11.1860
1150	360	4.0159	11.3392
1150	361	9.3110	7.1598
1150	397	11.3918	7.1359
1150	399	3.9889	12.1595
1160	26	13.1050	5.5686
1160	27	13.7855	4.6419
1160	28	13.5218	5.2982
1160	29	14.8544	8.1063
1160	94	6.2773	9.7963
1160	95	5.9682	9.3896
1160	96	12.4997	1.1974
1160	97	12.1933	0.8616
1160	158	10.4271	6.4295
1160	159	9.3219	6.6923
1160	160	10.0343	6.1262
1160	164	5.4814	8.3858
1160	165	5.9759	6.6646
1160	247	1.4587	12.7082
1160	248	1.7439	12.9757
1160	249	2.1047	13.0786
1160	250	2.5662	12.5485
1160	254	1.3680	3.8663
1160	255	8.6310	5.9643
1160	257	10.8509	0.7570
1160	258	7.7777	8.8428
1160	259	9.5166	6.8247
1160	260	9.6300	7.1016
1160	261	14.2268	3.2143
1160	350	11.1126	1.8377
1160	358	4.5736	10.6039
1160	359	3.9201	11.0889
1160	360	4.2181	11.2015
1160	361	8.7701	6.9665
1160	397	11.4005	7.1359
1160	399	4.0283	12.0650
1170	26	13.4978	5.6484
1170	27	14.2064	4.7613
1170	28	13.9355	5.4176
1170	29	14.8849	8.0915
1170	94	6.2719	9.8089
1170	95	5.9757	9.5273
1170	96	12.8489	0.8830
1170	97	12.4985	0.5513
1170	158	10.3759	6.5324
1170	159	9.3057	6.7211
1170	160	9.9979	6.1904
1170	164	5.5750	8.6333
1170	165	5.9692	6.9331
1170	247	1.2165	12.8423
1170	248	1.5189	13.0580
1170	249	1.8435	13.2103
1170	250	2.3267	12.6886
1170	254	1.1839	3.9159
1170	255	8.7034	5.8822
1170	257	10.8145	0.7776
1170	258	7.5948	8.9908
1170	259	9.2657	6.9918
1170	260	9.3186	7.2257
1170	261	14.2232	3.2207
1170	350	11.2452	1.4752
1170	358	4.6818	10.5080
1170	359	4.0704	10.9784
1170	360	4.4206	11.0638
1170	361	8.2123	6.7159
1170	397	11.4411	7.1176
1170	399	4.0674	11.9707
1180	26	13.8907	5.7278
1180	27	14.6273	4.8806
1180	28	14.3642	5.4892
1180	29	14.9152	8.0767
1180	94	6.2664	9.8216
1180	95	5.9719	9.5390
1180	96	13.2172	0.5251
1180	97	12.8015	0.2506
1180	158	10.2917	6.6619
1180	159	9.2895	6.7498
1180	160	9.9428	6.3013
1180	164	5.6638	8.8543
1180	165	5.9627	7.2016
1180	247	0.9780	12.9776
1180	248	1.2939	13.1404
1180	249	1.5821	13.3418
1180	250	2.0893	12.8225
1180	254	0.9997	3.9658
1180	255	8.7758	5.8001
1180	257	10.7781	0.7981
1180	258	7.4498	9.1390
1180	259	8.8974	6.9818
1180	260	9.0071	7.3498
1180	261	14.2197	3.2274
1180	350	11.3775	1.1129
1180	358	4.7294	10.4232
1180	359	4.1546	10.8590
1180	360	4.5149	10.8819
1180	361	7.6517	6.4646
1180	397	11.6109	7.0250
1180	399	4.0927	11.8743
1190	26	14.2836	5.8073
1190	27	15.0483	4.9999
1190	28	14.8026	5.5290
1190	29	14.9455	8.0619
1190	94	6.2607	9.8340
1190	95	5.9682	9.5507
1190	96	13.5180	0.1501
1190	97	13.0998	-0.0279
1190	158	10.2076	6.7915
1190	159	9.2735	6.7787
1190	160	9.8599	6.4822
1190	164	5.7417	9.0135
1190	165	5.9562	7.4701
1190	247	0.7394	13.1127
1190	248	1.0616	13.2323
1190	249	1.3221	13.4709
1190	250	1.8534	12.9528
1190	254	0.8791	4.0264
1190	255	8.7937	5.7655
1190	257	10.7417	0.8188
1190	258	7.3046	9.2872
1190	259	8.5291	6.9720
1190	260	8.6728	7.3746
1190	261	14.2161	3.2338
1190	350	11.4922	0.7470
1190	358	4.7769	10.3385
1190	359	4.2388	10.7397
1190	360	4.5972	10.6951
1190	361	7.0794	6.2111
1190	397	11.7806	6.9326
1190	399	4.1089	11.7764