2400	121	5.4727	7.5655
2400	122	6.5236	6.6073
2400	123	5.8930	7.7206
2400	124	7.7998	7.4958
2400	127	9.8826	6.5491
2400	128	9.8653	5.7049
2400	129	10.9619	5.9006
2400	130	11.2325	7.3786
2400	131	9.3806	5.3897
2400	132	11.0494	6.7023
2400	133	11.3731	7.9066
2400	134	12.2167	5.5460
2400	135	11.9544	4.2481
2400	136	14.5341	8.1350
2400	232	10.1234	7.7111
2400	233	10.5715	7.4531
2400	238	10.5327	8.0941
2400	243	10.3892	9.1645
2400	244	8.5554	9.2579
2400	245	8.8844	8.8648
2400	248	4.1224	4.6947
2400	249	4.0087	3.8479
2400	251	2.0415	6.6109
2400	252	1.7845	7.1144
2400	321	6.7886	7.0145
2400	322	9.9340	9.2123
2400	323	10.7415	8.4750
2400	324	0.9383	12.7184
2400	325	1.4230	13.3225
2400	376	10.9414	8.7020
2410	121	5.4788	7.5655
2410	122	6.1416	6.7841
2410	123	5.8579	7.7903
2410	124	7.4210	7.6772
2410	127	9.5174	6.6333
2410	128	9.5301	5.8362
2410	129	10.5574	5.9476
2410	130	10.9212	7.1712
2410	131	8.8633	5.6682
2410	132	10.6285	6.7899
2410	133	11.1736	7.5882
2410	134	11.6825	5.6379
2410	135	11.4983	4.5267
2410	136	14.1433	8.0070
2410	232	10.1312	7.7137
2410	233	10.5940	7.4488
2410	238	10.5464	8.0994
2410	243	10.6068	9.1839
2410	244	8.7267	9.2600
2410	245	8.9808	8.8497
2410	248	4.5911	4.7357
2410	249	4.5570	3.9047
2410	251	2.3322	6.9178
2410	252	2.0634	7.3207
2410	321	6.7406	6.7648
2410	322	9.8573	9.0388
2410	323	11.0551	8.3595
2410	324	1.0570	12.6750
2410	325	1.5713	13.2554
2410	376	10.9273	8.6968
2420	121	5.4847	7.5655
2420	122	6.1262	7.0338
2420	123	5.8482	7.8080
2420	124	7.0521	7.8910
2420	127	9.1792	6.7507
2420	128	9.1982	5.9830
2420	129	10.1583	5.9558
2420	130	10.5201	7.1378
2420	131	8.3546	5.9498
2420	132	10.2076	6.8775
2420	133	10.9842	7.2421
2420	134	11.2268	5.7176
2420	135	11.0425	4.8049
2420	136	13.7524	7.8791
2420	232	10.1389	7.7163
2420	233	10.6165	7.4445
2420	238	10.5599	8.1044
2420	243	10.8579	9.2223
2420	244	8.9052	9.2600
2420	245	9.0771	8.8349
2420	248	5.0872	4.7527
2420	249	5.1069	3.9742
2420	251	2.6228	7.2245
2420	252	2.3837	7.5280
2420	321	6.6928	6.5154
2420	322	9.7464	8.8163
2420	323	11.3613	8.2295
2420	324	1.1754	12.6315
2420	325	1.7197	13.1883
2420	376	10.9132	8.6915
2430	121	5.4908	7.5655
2430	122	6.1515	7.2915
2430	123	5.8446	7.8128
2430	124	6.7063	8.1810
2430	127	8.8526	6.8825
2430	128	8.8547	6.1328
2430	129	9.7591	5.9641
2430	130	10.0585	7.2204
2430	131	7.9259	6.2591
2430	132	9.8163	6.8951
2430	133	10.6725	7.1684
2430	134	10.7908	5.7944
2430	135	10.5917	5.0656
2430	136	13.3629	7.7123
2430	232	10.1467	7.7190
2430	233	10.6390	7.4402
2430	238	10.5736	8.1097
2430	243	11.1092	9.2607
2430	244	9.0839	9.2600
2430	245	9.1738	8.8199
2430	248	5.5834	4.7699
2430	249	5.6567	4.0434
2430	251	2.9869	7.4123
2430	252	2.7041	7.7357
2430	321	6.5086	6.3166
2430	322	9.6317	8.5884
2430	323	11.6551	8.1724
2430	324	1.2941	12.5881
2430	325	1.8681	13.1215
2430	376	10.8667	8.6834
2440	121	5.4969	7.5655
2440	122	6.1666	7.5746
2440	123	5.8410	7.8175
2440	124	6.3605	8.4708
2440	127	8.5259	7.0142
2440	128	8.4847	6.2892
2440	129	9.4232	6.0166
2440	130	9.5972	7.3030
2440	131	7.4972	6.5684
2440	132	9.4545	6.8429
2440	133	10.3473	7.1252
2440	134	10.3549	5.8710
2440	135	10.1444	5.3142
2440	136	12.9743	7.5197
2440	232	10.1545	7.7216
2440	233	10.6615	7.4359
2440	238	10.5870	8.1147
2440	243	11.3441	9.3201
2440	244	9.2996	9.2908
2440	245	9.2899	8.8106
2440	248	6.0542	4.8128
2440	249	6.1325	4.0902
2440	251	3.3594	7.5865
2440	252	2.9743	7.8743
2440	321	6.3245	6.1176
2440	322	9.4265	8.4235
2440	323	11.9205	8.2867
2440	324	1.4312	12.5327
2440	325	2.0165	13.0545
2440	376	10.6899	8.6643
2450	121	5.5028	7.5655
2450	122	6.1666	7.8956
2450	123	5.8377	7.8223
2450	124	6.0233	8.7388
2450	127	8.2271	7.1574
2450	128	8.1145	6.4455
2450	129	9.1146	6.0882
2450	130	9.2849	7.3646
2450	131	7.1188	6.9145
2450	132	9.0927	6.7906
2450	133	10.0152	7.1803
2450	134	10.0842	5.9990
2450	135	9.6989	5.5152
2450	136	12.5858	7.3269
2450	232	10.1623	7.7245
2450	233	10.6841	7.4316
2450	238	10.6007	8.1199
2450	243	11.5545	9.4106
2450	244	9.5402	9.3419
2450	245	9.5846	8.8502
2450	248	6.5185	4.8620
2450	249	6.5897	4.1312
2450	251	3.7358	7.7774
2450	252	3.2391	8.0051
2450	321	6.0843	5.9729
2450	322	9.1830	8.2853
2450	323	12.1859	8.4008
2450	324	1.6416	12.4282
2450	325	2.1648	12.9876
2450	376	10.5132	8.6452
2460	121	5.5089	7.5655
2460	122	6.1666	8.2166
2460	123	5.8341	7.8271
2460	124	5.6943	8.9848
2460	127	7.9352	7.3037
2460	128	7.7702	6.5884
2460	129	8.8059	6.1598
2460	130	8.9725	7.4261
2460	131	6.8157	7.3154
2460	132	8.7528	6.8078
2460	133	9.6803	7.2779
2460	134	9.8138	6.1266
2460	135	9.2596	5.5255
2460	136	12.1649	7.1168
2460	232	10.1701	7.7271
2460	233	10.7066	7.4273
2460	238	10.6142	8.1249
2460	243	11.7650	9.5010
2460	244	9.7805	9.3929
2460	245	9.8792	8.8901
2460	248	6.9830	4.9114
2460	249	7.0470	4.1725
2460	251	4.1215	8.0061
2460	252	3.5038	8.1359
2460	321	5.8069	5.8646
2460	322	8.7600	8.1409
2460	323	12.5153	8.7536
2460	324	1.8521	12.3239
2460	325	2.3132	12.9206
2460	376	10.3298	8.6330
2470	121	5.5150	7.5655
2470	122	6.0037	8.4848
2470	123	5.8305	7.8319
2470	124	5.3656	9.2309
2470	127	7.6433	7.4500
2470	128	7.4648	6.7118
2470	129	8.4622	6.2865
2470	130	8.6602	7.4877
2470	131	6.5126	7.7163
2470	132	8.4634	6.9868
2470	133	9.3689	7.4417
2470	134	9.5467	6.2655
2470	135	8.8204	5.5360
2470	136	11.7440	6.9068
2470	232	10.1779	7.7297
2470	233	10.7293	7.4233
2470	238	10.6279	8.1302
2470	243	11.9677	9.6216
2470	244	10.0512	9.4373
2470	245	10.1775	8.9309
2470	248	7.4319	4.9701
2470	249	7.4658	4.1765
2470	251	4.5075	8.2347
2470	252	3.8054	8.2803
2470	321	5.5594	5.7114
2470	322	8.2923	7.9951
2470	323	12.8447	9.1065
2470	324	2.0626	12.2194
2470	325	2.4616	12.8537
2470	376	10.1436	8.6240
2480	121	5.5211	7.5655
2480	122	5.6777	8.7003
2480	123	5.8271	7.8366
2480	124	5.0653	9.4848
2480	127	7.4176	7.6087
2480	128	7.1592	6.8350
2480	129	8.1037	6.4367
2480	130	8.4018	7.6412
2480	131	6.3512	8.1035
2480	132	8.1740	7.1658
2480	133	9.0803	7.6715
2480	134	9.2941	6.4486
2480	135	8.3174	5.5204
2480	136	11.3104	6.7636
2480	232	10.1857	7.7323
2480	233	10.7767	7.3980
2480	238	10.6413	8.1352
2480	243	12.1626	9.7717
2480	244	10.3294	9.4798
2480	245	10.5083	8.9822
2480	248	7.8794	5.0298
2480	249	7.8802	4.1765
2480	251	4.8733	8.3846
2480	252	4.1161	8.4280
2480	321	5.3572	5.4911
2480	322	7.9817	8.0746
2480	323	13.0718	9.4302
2480	324	2.2353	12.1853
2480	325	2.6100	12.7867
2480	376	9.9617	8.6173
2490	121	5.5270	7.5655
2490	122	5.3519	8.9159
2490	123	5.8236	7.8414
2490	124	4.8314	9.7567
2490	127	7.2202	7.7729
2490	128	6.8957	6.9722
2490	129	7.7451	6.5870
2490	130	8.1492	7.8049
2490	131	6.2056	8.4889
2490	132	7.8939	7.3323
2490	133	8.7920	7.9013
2490	134	9.0416	6.6316
2490	135	7.8074	5.5021
2490	136	10.8642	6.6872
2490	232	10.3961	7.8016
2490	233	10.8305	7.3674
2490	238	10.7205	8.1834
2490	243	12.3575	9.9220
2490	244	10.6074	9.5225
2490	245	10.8390	9.0333
2490	248	8.3169	5.0431
2490	249	8.2949	4.1765
2490	251	5.2368	8.5256
2490	252	4.4806	8.5602
2490	321	5.1547	5.2708
2490	322	7.6710	8.1543
2490	323	13.2547	9.7414
2490	324	2.4084	12.1511
2490	325	2.7584	12.7196
2490	376	9.8190	8.6345
2500	121	5.5331	7.5655
2500	122	5.0547	9.1440
2500	123	5.8200	7.8462
2500	124	4.5974	10.0282
2500	127	7.0230	7.9369
2500	128	6.7305	7.1428
2500	129	7.5281	6.6913
2500	130	7.8967	7.9686
2500	131	6.0060	8.8395
2500	132	7.6973	7.3882
2500	133	8.4380	8.1383
2500	134	8.7901	6.8114
2500	135	7.2844	5.5343
2500	136	10.4180	6.6109
2500	232	10.6293	7.8784
2500	233	10.8842	7.3371
2500	238	10.8977	8.2965
2500	243	12.5385	10.0834
2500	244	10.9185	9.5848
2500	245	11.1765	9.0948
2500	248	8.7452	5.0102
2500	249	8.7385	4.2195
2500	251	5.4839	8.5992
2500	252	4.8685	8.6860
2500	321	4.9760	5.1312
2500	322	7.4010	8.3023
2500	323	13.4102	10.0435
2500	324	2.5904	12.1075
2500	325	2.9154	12.6475
2500	376	9.6761	8.6514
2510	121	5.5392	7.5655
2510	122	4.8007	9.3908
2510	123	5.8166	7.8510
2510	124	4.3636	10.3001
2510	127	6.8612	8.1075
2510	128	6.5650	7.3133
2510	129	7.3109	6.7958
2510	130	7.6609	8.1271
2510	131	5.6817	9.1080
2510	132	7.5010	7.4438
2510	133	8.0675	8.3770
2510	134	8.5428	6.9784
2510	135	6.7309	5.6846
2510	136	9.9409	6.6030
2510	232	10.8627	7.9419
2510	233	10.9379	7.3066
2510	238	11.0503	8.3583
2510	243	12.7161	10.2476
2510	244	11.2298	9.6471
2510	245	11.5301	9.1808
2510	248	9.1733	4.9773
2510	249	9.2015	4.2911
2510	251	5.6868	8.6550
2510	252	5.1059	8.7779
2510	321	4.8030	5.0119
2510	322	7.1356	8.4579
2510	323	13.5241	10.3321
2510	324	2.8089	12.0249
2510	325	3.0917	12.5628
2510	376	9.5387	8.6595
2520	121	5.5451	7.5655
2520	122	4.5467	9.6378
2520	123	5.8130	7.8557
2520	124	4.1937	10.5881
2520	127	6.7349	8.2848
2520	128	6.4428	7.4918
2520	129	7.0939	6.9004
2520	130	7.4505	8.2784
2520	131	5.3572	9.3765
2520	132	7.3073	7.5099
2520	133	7.7264	8.5970
2520	134	8.2955	7.1455
2520	135	6.1776	5.8348
2520	136	9.4640	6.5949
2520	232	11.1014	7.8860
2520	233	11.0126	7.2763
2520	238	11.1784	8.3686
2520	243	12.8937	10.4115
2520	244	11.4562	9.8249
2520	245	11.8837	9.2667
2520	248	9.6016	5.0135
2520	249	9.6646	4.3627
2520	251	5.9393	8.8101
2520	252	5.3058	8.8614
2520	321	4.6302	4.8925
2520	322	6.9453	8.6634
2520	323	13.6381	10.6204
2520	324	3.0275	11.9421
2520	325	3.2683	12.4781
2520	376	9.4135	8.6466
2530	121	5.5512	7.5655
2530	122	4.3655	9.8841
2530	123	5.8095	7.8605
2530	124	4.0515	10.8829
2530	127	6.6086	8.4622
2530	128	6.3638	7.6782
2530	129	6.9159	7.0302
2530	130	7.2400	8.4295
2530	131	5.1126	9.6266
2530	132	7.1390	7.6689
2530	133	7.4536	8.7739
2530	134	8.0482	7.3125
2530	135	5.6720	6.0126
2530	136	8.9869	6.5870
2530	232	11.3399	7.8304
2530	233	11.2757	7.2464
2530	238	11.3163	8.3808
2530	243	13.0421	10.5235
2530	244	11.6467	10.0521
2530	245	12.0495	9.5163
2530	248	10.0297	5.0959
2530	249	10.1063	4.4092
2530	251	6.1915	8.9703
2530	252	5.4883	8.9588
2530	321	4.5551	4.7477
2530	322	6.8050	8.9020
2530	323	13.6697	10.9306
2530	324	3.2803	11.9141
2530	325	3.4415	12.4065
2530	376	9.2882	8.6338
2540	121	5.5573	7.5655
2540	122	4.2571	10.1299
2540	123	5.8061	7.8653
2540	124	3.9092	11.1776
2540	127	6.4823	8.6395
2540	128	6.2849	7.8646
2540	129	6.7475	7.1667
2540	130	7.0445	8.5538
2540	131	4.8769	9.8748
2540	132	6.9706	7.8280
2540	133	7.1809	8.9507
2540	134	7.8165	7.4770
2540	135	5.1985	6.2085
2540	136	8.5116	6.5870
2540	232	11.5611	7.7796
2540	233	11.5387	7.2166
2540	238	11.4931	8.3999
2540	243	13.1711	10.6003
2540	244	11.7414	10.2230
2540	245	12.1685	9.8068
2540	248	10.4580	5.1782
2540	249	10.5338	4.4391
2540	251	6.4402	9.1765
2540	252	5.6664	9.0600
2540	321	4.4800	4.6028
2540	322	6.6086	8.9753
2540	323	13.7013	11.2409
2540	324	3.5562	11.9223
2540	325	3.6015	12.3874
2540	376	9.1632	8.6209
2550	121	5.5632	7.5655
2550	122	4.1487	10.3760
2550	123	5.8025	7.8700
2550	124	3.7419	11.4328
2550	127	6.0976	8.7548
2550	128	6.2068	8.0321
2550	129	6.5791	7.3030
2550	130	6.8711	8.6381
2550	131	4.6709	10.1352
2550	132	6.8088	7.9829
2550	133	7.0043	9.0452
2550	134	7.6466	7.6309
2550	135	4.7249	6.4047
2550	136	8.0364	6.5870
2550	232	11.6263	7.7712
2550	233	11.8140	7.2354
2550	238	11.6699	8.4190
2550	243	13.3001	10.6774
2550	244	11.7724	10.3564
2550	245	12.2773	10.1013
2550	248	10.7859	5.1920
2550	249	10.9612	4.4689
2550	251	6.6890	9.3827
2550	252	5.8615	9.1903
2550	321	4.3714	4.4691
2550	322	6.3948	9.0013
2550	323	13.4645	11.5492
2550	324	3.8319	11.9306
2550	325	3.7614	12.3683
2550	376	9.0321	8.5898
2560	121	5.5693	7.5655
2560	122	4.0045	10.6232
2560	123	5.7989	7.8748
2560	124	3.5162	11.5946
2560	127	5.7131	8.8700
2560	128	6.1302	8.1550
2560	129	6.4505	7.4369
2560	130	6.6978	8.7223
2560	131	4.5096	10.4134
2560	132	6.7065	8.0989
2560	133	6.8921	9.0851
2560	134	7.4770	7.7848
2560	135	4.3185	6.5288
2560	136	7.5612	6.5870
2560	232	11.6918	7.7631
2560	233	12.0948	7.2751
2560	238	11.7559	8.4280
2560	243	13.5062	10.7800
2560	244	11.8033	10.4898
2560	245	12.3760	10.3996
2560	248	11.0711	5.1765
2560	249	11.3413	4.4773
2560	251	6.9855	9.6273
2560	252	6.1245	9.4390
2560	321	4.1297	4.3808
2560	322	6.1734	9.0137
2560	323	13.2277	11.8573
2560	324	3.9980	11.8750
2560	325	3.8808	12.3086
2560	376	8.8972	8.5471
2570	121	5.5754	7.5655
2570	122	3.7177	10.8764
2570	123	5.7956	7.8796
2570	124	3.2908	11.7566
2570	127	5.3446	8.9937
2570	128	6.0538	8.2779
2570	129	6.4146	7.5650
2570	130	6.5244	8.8065
2570	131	4.3482	10.6920
2570	132	6.6040	8.2151
2570	133	6.7797	9.1247
2570	134	7.3149	7.9459
2570	135	3.9288	6.6347
2570	136	7.0815	6.5133
2570	232	11.7644	7.7626
2570	233	12.3309	7.3216
2570	238	11.8033	8.4330
2570	243	13.7895	10.9087
2570	244	11.8372	10.6528
2570	245	12.4747	10.6979
2570	248	11.3563	5.1613
2570	249	11.6499	4.4534
2570	251	7.2876	9.8765
2570	252	6.3876	9.6877
2570	321	3.8881	4.2923
2570	322	5.9326	9.0328
2570	323	12.9914	12.1065
2570	324	4.1169	11.7919
2570	325	3.9826	12.2318
2570	376	8.7623	8.5042
2580	121	5.5815	7.5655
2580	122	3.4306	11.1294
2580	123	5.7920	7.8844
2580	124	3.0530	11.9344
2580	127	5.1208	9.1951
2580	128	5.9772	8.4008
2580	129	6.3786	7.6930
2580	130	6.3523	8.8860
2580	131	4.1944	10.9614
2580	132	6.5017	8.3311
2580	133	6.6303	9.1951
2580	134	7.2221	8.1705
2580	135	3.5520	6.7230
2580	136	6.6014	6.4312
2580	232	11.8662	7.7934
2580	233	12.4635	7.3834
2580	238	11.8504	8.4378
2580	243	14.0727	11.0371
2580	244	11.8822	10.9340
2580	245	12.5437	10.9700
2580	248	11.4739	5.1567
2580	249	11.9586	4.4295
2580	251	7.6026	10.0586
2580	252	6.6892	9.7953
2580	321	3.6347	4.2119
2580	322	5.6632	9.0614
2580	323	12.7554	12.3163
2580	324	4.2181	11.7082
2580	325	4.0843	12.1547
2580	376	8.6274	8.4614
2590	121	5.5874	7.5655
2590	122	3.1435	11.3826
2590	123	5.7884	7.8891
2590	124	2.8032	12.1285
2590	127	4.8973	9.3965
2590	128	5.7141	8.4774
2590	129	6.3428	7.8211
2590	130	6.1801	8.9657
2590	131	4.0515	11.2170
2590	132	6.3590	8.4435
2590	133	6.4562	9.2855
2590	134	7.1293	8.3951
2590	135	3.2923	6.6514
2590	136	6.1212	6.3491
2590	232	11.9681	7.8242
2590	233	12.5959	7.4452
2590	238	11.8978	8.4428
2590	243	14.2961	11.1051
2590	244	11.9273	11.2153
2590	245	12.5437	11.1805
2590	248	11.4800	5.1596
2590	249	12.1445	4.4259
2590	251	7.9265	10.1963
2590	252	7.0003	9.8681
2590	321	3.3693	4.1391
2590	322	5.3938	9.0901
2590	323	12.5195	12.5261
2590	324	4.2929	11.6234
2590	325	4.1662	12.0736
2590	376	8.4937	8.4097