1520	101	4.8645	1.5448
1520	103	3.7145	0.6537
1520	104	3.6278	2.0859
1520	107	9.4312	6.7328
1520	108	8.1280	6.0768
1520	164	6.6576	9.6127
1520	165	11.5400	9.0626
1520	166	7.9556	5.2744
1520	167	8.0690	9.5073
1520	168	7.3435	2.2203
1520	169	7.5875	1.4203
1520	173	13.8608	5.2524
1520	177	8.0905	0.5012
1520	178	8.5318	1.3336
1520	179	14.0096	1.9837
1520	180	13.9349	1.3067
1520	181	14.9182	1.1651
1520	255	8.2111	5.5749
1520	257	8.7377	4.9527
1520	264	10.1985	3.7878
1520	266	11.7745	6.3021
1520	267	11.8113	6.7426
1520	269	12.9754	6.1522
1520	270	13.6327	5.9376
1520	272	13.6123	7.6097
1520	363	3.3077	13.1108
1520	364	3.3990	13.4015
1520	365	6.0930	9.3469
1520	366	5.7430	9.7714
1520	399	5.2713	10.7239
1520	403	6.2613	7.5290
1520	404	6.5461	10.5392
1530	101	5.0890	1.5131
1530	103	3.7324	0.6580
1530	104	3.8143	2.0382
1530	107	9.7216	6.9071
1530	108	8.1084	6.0646
1530	164	6.6720	9.6139
1530	165	11.5451	9.0695
1530	166	7.7451	5.3340
1530	167	7.8659	9.6574
1530	168	7.4435	2.2620
1530	169	7.6184	1.4553
1530	173	14.1590	5.4713
1530	177	8.1917	0.6496
1530	178	8.5876	1.4895
1530	179	13.7994	2.2570
1530	180	13.7034	1.7243
1530	181	14.7001	1.3952
1530	255	8.0587	5.6159
1530	257	8.6718	4.9839
1530	264	10.1629	3.7484
1530	266	11.6177	6.2768
1530	267	11.6640	6.7378
1530	269	12.8215	6.1930
1530	270	13.5550	5.9627
1530	272	13.2479	7.5729
1530	363	3.3874	12.9883
1530	364	3.5042	13.2506
1530	365	6.2508	9.1337
1530	366	5.7947	9.5180
1530	399	5.2677	10.7173
1530	403	6.5907	7.4994
1530	404	6.5625	10.5373
1540	101	5.3136	1.4814
1540	103	3.7505	0.6625
1540	104	3.9717	1.8923
1540	107	9.9895	7.0915
1540	108	8.0911	6.0674
1540	164	6.6865	9.6154
1540	165	11.5503	9.0765
1540	166	7.5347	5.3937
1540	167	7.6487	9.7958
1540	168	7.5260	2.3086
1540	169	7.6491	1.4902
1540	173	14.2586	5.7328
1540	177	8.2698	0.8971
1540	178	8.6600	1.6012
1540	179	13.5708	2.5298
1540	180	13.4529	1.9737
1540	181	14.4823	1.6255
1540	255	7.9122	5.6970
1540	257	8.5339	5.0498
1540	264	10.1156	3.7515
1540	266	11.4914	6.2911
1540	267	11.5167	6.7331
1540	269	12.6685	6.2052
1540	270	13.4776	5.9877
1540	272	12.8720	7.5884
1540	363	3.4670	12.8657
1540	364	3.6095	13.0998
1540	365	6.4087	8.9209
1540	366	5.9351	9.2705
1540	399	5.2639	10.7103
1540	403	6.9523	7.5178
1540	404	6.5787	10.5354
1550	101	5.5327	1.4601
1550	103	3.7684	0.6668
1550	104	4.1222	1.7217
1550	107	10.2682	7.2782
1550	108	8.0739	6.0706
1550	164	6.7008	9.6168
1550	165	11.5554	9.0834
1550	166	7.4799	5.4842
1550	167	7.4315	9.9345
1550	168	7.5671	2.3668
1550	169	7.6799	1.5250
1550	173	14.2731	6.0126
1550	177	8.3477	1.1446
1550	178	8.7324	1.7131
1550	179	13.3422	2.8026
1550	180	13.2004	2.2045
1550	181	14.2479	1.8713
1550	255	7.7695	5.8049
1550	257	8.3961	5.1154
1550	264	10.0682	3.7544
1550	266	11.3651	6.3054
1550	267	11.3575	6.7367
1550	269	12.5159	6.2052
1550	270	13.3999	6.0130
1550	272	12.4932	7.6171
1550	363	3.5381	12.7292
1550	364	3.6977	12.9487
1550	365	6.6318	8.6610
1550	366	6.0755	9.0230
1550	399	5.2602	10.7037
1550	403	7.3139	7.5362
1550	404	6.5951	10.5335
1560	101	5.7303	1.4818
1560	103	3.7863	0.6711
1560	104	4.2724	1.5513
1560	107	10.5576	7.4672
1560	108	8.0566	6.0734
1560	164	6.7138	9.6182
1560	165	11.5606	9.0903
1560	166	7.5288	5.5951
1560	167	7.1769	10.0416
1560	168	7.6081	2.4250
1560	169	7.7108	1.5601
1560	173	14.2876	6.2925
1560	177	8.3893	1.3613
1560	178	8.8056	1.8293
1560	179	13.1139	3.0754
1560	180	12.9478	2.4350
1560	181	14.0065	2.1241
1560	255	7.6270	5.9126
1560	257	8.2919	5.1453
1560	264	10.0209	3.7575
1560	266	11.2388	6.3197
1560	267	11.1805	6.7529
1560	269	12.3634	6.2052
1560	270	13.3224	6.0381
1560	272	12.1228	7.6283
1560	363	3.5962	12.5719
1560	364	3.7787	12.7972
1560	365	6.8713	8.3894
1560	366	6.2557	8.7395
1560	399	5.2566	10.6970
1560	403	7.6755	7.5545
1560	404	6.6113	10.5318
1570	101	5.9282	1.5036
1570	103	3.8044	0.6754
1570	104	4.3158	1.5606
1570	107	10.8440	7.6457
1570	108	8.0393	6.0763
1570	164	6.7134	9.6213
1570	165	11.5659	9.0972
1570	166	7.5778	5.7061
1570	167	6.9062	10.1354
1570	168	7.6491	2.4833
1570	169	7.7415	1.5950
1570	173	14.2367	6.6386
1570	177	8.4268	1.5742
1570	178	8.8871	1.9833
1570	179	12.9762	3.4085
1570	180	12.5932	2.8503
1570	181	13.7650	2.3768
1570	255	7.4738	6.0593
1570	257	8.2384	5.1212
1570	264	9.9735	3.7603
1570	266	11.1126	6.3340
1570	267	11.0035	6.7693
1570	269	12.2108	6.2052
1570	270	13.1711	6.0827
1570	272	11.7719	7.5985
1570	363	3.6545	12.4144
1570	364	3.8595	12.6459
1570	365	7.1108	8.1178
1570	366	6.4457	8.4471
1570	399	5.2528	10.6903
1570	403	8.0141	7.5894
1570	404	6.6278	10.5299
1580	101	6.1258	1.5253
1580	103	3.8223	0.6799
1580	104	4.3592	1.5699
1580	107	11.1050	7.7316
1580	108	8.0221	6.0794
1580	164	6.7130	9.6247
1580	165	11.5710	9.1042
1580	166	7.6266	5.8171
1580	167	6.6358	10.2292
1580	168	7.6902	2.5415
1580	169	7.8083	1.6914
1580	173	14.1694	7.0013
1580	177	8.4706	1.7773
1580	178	8.9685	2.1372
1580	179	12.8485	3.7484
1580	180	12.2272	3.2863
1580	181	13.5352	2.6625
1580	255	7.3101	6.2450
1580	257	8.1850	5.0968
1580	264	9.9262	3.7634
1580	266	10.9863	6.3484
1580	267	10.8265	6.7856
1580	269	12.0782	6.2200
1580	270	13.0200	6.1276
1580	272	11.4213	7.5686
1580	363	3.7126	12.2569
1580	364	3.9405	12.4943
1580	365	7.3669	7.8758
1580	366	6.6358	8.1545
1580	399	5.2490	10.6836
1580	403	8.3180	7.6490
1580	404	6.6440	10.5280
1590	101	6.2639	1.5005
1590	103	3.8401	0.6842
1590	104	4.4025	1.5795
1590	107	11.3660	7.8175
1590	108	8.0048	6.0822
1590	164	6.7126	9.6278
1590	165	11.5762	9.1111
1590	166	7.6605	5.8947
1590	167	6.4823	10.3459
1590	168	7.7312	2.5997
1590	169	8.0187	2.0339
1590	173	14.1308	7.3541
1590	177	8.5699	1.8899
1590	178	9.0500	2.2911
1590	179	12.7209	4.0882
1590	180	11.9439	3.7171
1590	181	13.3325	3.0248
1590	255	7.1466	6.4304
1590	257	8.1315	5.0725
1590	264	9.8788	3.7663
1590	266	10.9760	6.4414
1590	267	10.6495	6.8018
1590	269	11.9544	6.2410
1590	270	12.8687	6.1722
1590	272	11.1336	7.4939
1590	363	3.7709	12.0996
1590	364	4.0216	12.3428
1590	365	7.6249	7.6371
1590	366	6.8908	7.8362
1590	399	5.2454	10.6769
1590	403	8.6221	7.7087
1590	404	6.6604	10.5261
1600	101	6.3954	1.4706
1600	103	3.8582	0.6885
1600	104	4.4459	1.5888
1600	107	11.6631	7.8669
1600	108	7.9876	6.0851
1600	164	6.7122	9.6309
1600	165	11.5813	9.1180
1600	166	7.6586	5.8939
1600	167	6.3419	10.4652
1600	168	7.7723	2.6580
1600	169	8.2292	2.3763
1600	173	14.1599	7.6832
1600	177	8.6695	2.0028
1600	178	9.0649	2.3274
1600	179	12.6048	4.4909
1600	180	11.7160	4.1448
1600	181	13.1299	3.3873
1600	255	7.0066	6.5660
1600	257	8.0779	5.0484
1600	264	9.8315	3.7694
1600	266	10.9657	6.5345
1600	267	10.5679	6.8553
1600	269	11.8307	6.2620
1600	270	12.8043	6.1916
1600	272	10.8718	7.4295
1600	363	3.8479	11.9385
1600	364	4.1005	12.1915
1600	365	7.8830	7.3985
1600	366	7.1739	7.5070
1600	399	5.2416	10.6700
1600	403	8.9260	7.7684
1600	404	6.6766	10.5244
1610	101	6.5269	1.4408
1610	103	3.9071	0.6990
1610	104	4.4890	1.5981
1610	107	11.9843	7.8920
1610	108	7.9703	6.0880
1610	164	6.7117	9.6340
1610	165	11.5865	9.1249
1610	166	7.6569	5.8932
1610	167	6.2018	10.5846
1610	168	7.8133	2.7159
1610	169	8.4070	2.8844
1610	173	14.1889	8.0123
1610	177	8.7688	2.1155
1610	178	9.0797	2.3634
1610	179	12.4957	4.9352
1610	180	11.4861	4.5684
1610	181	12.9352	3.7517
1610	255	6.8727	6.6889
1610	257	8.0244	5.0240
1610	264	9.7454	3.7443
1610	266	10.9556	6.6278
1610	267	10.4862	6.9090
1610	269	11.7404	6.2779
1610	270	12.7618	6.2042
1610	272	10.7781	7.5001
1610	363	3.9330	11.7762
1610	364	4.1773	12.0399
1610	365	8.1703	7.1433
1610	366	7.4570	7.1779
1610	399	5.3309	10.6304
1610	403	9.1862	7.8307
1610	404	6.6930	10.5225
1620	101	6.5707	1.4210
1620	103	4.0801	0.7329
1620	104	4.5324	1.6074
1620	107	12.2548	7.9832
1620	108	7.9533	6.0911
1620	164	6.7113	9.6371
1620	165	11.5916	9.1318
1620	166	7.6552	5.8925
1620	167	6.2333	10.7447
1620	168	7.8607	2.7818
1620	169	8.5811	3.4112
1620	173	14.2725	8.2951
1620	177	8.8134	2.2126
1620	178	9.0946	2.3997
1620	179	12.3869	5.3796
1620	180	11.2494	4.9761
1620	181	12.7458	4.1176
1620	255	6.7387	6.8118
1620	257	7.8889	5.0324
1620	264	9.6206	3.6914
1620	266	10.9452	6.7209
1620	267	10.4048	6.9624
1620	269	11.7284	6.2818
1620	270	12.7192	6.2168
1620	272	10.6847	7.5708
1620	363	4.0180	11.6137
1620	364	4.2541	11.8884
1620	365	8.4649	6.8844
1620	366	7.7737	6.9097
1620	399	5.4599	10.5764
1620	403	9.4356	7.8934
1620	404	6.7092	10.5206
1630	101	6.5768	1.4055
1630	103	4.2529	0.7671
1630	104	4.5757	1.6169
1630	107	12.5035	8.1025
1630	108	7.9360	6.0939
1630	164	6.7109	9.6404
1630	165	11.5968	9.1388
1630	166	7.6536	5.8918
1630	167	6.2843	10.9091
1630	168	7.9632	2.9167
1630	169	8.7553	3.9379
1630	173	14.4379	8.5082
1630	177	8.8031	2.2940
1630	178	9.1096	2.4358
1630	179	12.3493	5.7722
1630	180	11.0126	5.3837
1630	181	12.5563	4.4837
1630	255	6.6640	6.8670
1630	257	7.6710	5.0737
1630	264	9.4960	3.6381
1630	266	10.8337	6.8316
1630	267	10.3231	7.0161
1630	269	11.7164	6.2856
1630	270	12.6767	6.2295
1630	272	10.6331	7.6197
1630	363	4.1032	11.4511
1630	364	4.3310	11.7368
1630	365	8.7596	6.6252
1630	366	8.0991	6.6565
1630	399	5.5889	10.5225
1630	403	9.6848	7.9562
1630	404	6.7256	10.5187
1640	101	6.5829	1.3900
1640	103	4.4177	0.8091
1640	104	4.6191	1.6262
1640	107	12.7618	8.2273
1640	108	7.9187	6.0968
1640	164	6.7105	9.6435
1640	165	11.6019	9.1457
1640	166	7.6519	5.8911
1640	167	6.3350	11.0738
1640	168	8.0657	3.0513
1640	169	8.8526	4.3510
1640	173	14.6033	8.7213
1640	177	8.7928	2.3756
1640	178	9.1245	2.4720
1640	179	12.3419	6.1426
1640	180	10.8249	5.6498
1640	181	12.4414	4.8226
1640	255	6.6482	6.8538
1640	257	7.4534	5.1147
1640	264	9.2979	3.6914
1640	266	10.7110	6.9443
1640	267	10.2278	7.0736
1640	269	11.7044	6.2896
1640	270	12.6342	6.2421
1640	272	10.6449	7.6359
1640	363	4.1883	11.2886
1640	364	4.4078	11.5853
1640	365	9.0660	6.3426
1640	366	8.4243	6.4032
1640	399	5.6783	10.5154
1640	403	9.9340	8.0190
1640	404	6.7418	10.5170
1650	101	6.5890	1.3744
1650	103	4.5702	0.8628
1650	104	4.6624	1.6355
1650	107	13.0297	8.3574
1650	108	7.9015	6.0999
1650	164	6.7100	9.6466
1650	165	11.6072	9.1526
1650	166	7.6500	5.8904
1650	167	6.3895	11.1003
1650	168	8.1682	3.1859
1650	169	8.9496	4.7641
1650	173	14.6734	8.8118
1650	177	8.7825	2.4570
1650	178	9.1392	2.5081
1650	179	12.3347	6.5130
1650	180	10.6495	5.8806
1650	181	12.3760	5.1436
1650	255	6.6324	6.8409
1650	257	7.2347	5.1789
1650	264	9.0816	3.7708
1650	266	10.5881	7.0569
1650	267	10.0099	7.1674
1650	269	11.6924	6.2935
1650	270	12.5917	6.2550
1650	272	10.6565	7.6521
1650	363	4.3168	11.1626
1650	364	4.4846	11.4337
1650	365	9.4004	6.0059
1650	366	8.7274	6.1309
1650	399	5.7415	10.5392
1650	403	10.1558	8.0576
1650	404	6.7582	10.5151
1660	101	6.5951	1.3587
1660	103	4.7228	0.9165
1660	104	4.7058	1.6448
1660	107	13.2803	8.5054
1660	108	7.8842	6.1028
1660	164	6.7096	9.6497
1660	165	11.6124	9.1595
1660	166	7.6483	5.8896
1660	167	6.4442	11.1268
1660	168	8.2469	3.2999
1660	169	8.9892	5.1286
1660	173	14.6799	8.8209
1660	177	8.7701	2.5310
1660	178	9.1542	2.5444
1660	179	12.2390	6.8543
1660	180	10.4742	6.1114
1660	181	12.3107	5.4646
1660	255	6.6166	6.8281
1660	257	7.0154	5.2584
1660	264	8.8652	3.8503
1660	266	10.4374	7.1997
1660	267	9.7919	7.2612
1660	269	11.6804	6.2973
1660	270	12.5492	6.2677
1660	272	10.6683	7.6684
1660	363	4.4454	11.0366
1660	364	4.5460	11.3029
1660	365	9.7346	5.6689
1660	366	9.0079	5.8393
1660	399	5.8046	10.5631
1660	403	10.3776	8.0963
1660	404	6.7745	10.5132
1670	101	6.6012	1.3432
1670	103	4.8754	0.9702
1670	104	4.9165	1.7613
1670	107	13.4908	8.6941
1670	108	7.8670	6.1056
1670	164	6.7092	9.6528
1670	165	11.6175	9.1664
1670	166	7.6466	5.8889
1670	167	6.4987	11.1533
1670	168	8.2304	3.3329
1670	169	8.9425	5.4202
1670	173	14.6865	8.8297
1670	177	8.7543	2.5938
1670	178	9.1691	2.5804
1670	179	12.1211	7.1884
1670	180	10.1838	6.3421
1670	181	12.2257	5.8021
1670	255	6.6008	6.8149
1670	257	6.8159	5.3460
1670	264	8.6451	3.9295
1670	266	10.2210	7.4118
1670	267	9.5966	7.3712
1670	269	11.6684	6.3011
1670	270	12.5065	6.2803
1670	272	10.6798	7.6846
1670	363	4.5740	10.9108
1670	364	4.5460	11.2552
1670	365	10.0689	5.3319
1670	366	9.3407	5.5429
1670	399	5.8678	10.5869
1670	403	10.5994	8.1350
1670	404	6.7909	10.5113
1680	101	6.6073	1.3277
1680	103	5.0547	1.0661
1680	104	5.1690	1.9045
1680	107	13.7013	8.8832
1680	108	7.8497	6.1085
1680	164	6.7086	9.6559
1680	165	11.6227	9.1734
1680	166	7.6449	5.8882
1680	167	6.5533	11.1798
1680	168	8.2138	3.3656
1680	169	8.8957	5.7118
1680	173	14.6932	8.8388
1680	177	8.7385	2.6563
1680	178	9.1839	2.6167
1680	179	11.9624	7.5118
1680	180	9.8647	6.5732
1680	181	12.1321	6.1469
1680	255	6.5850	6.8020
1680	257	6.6945	5.4653
1680	264	8.4100	4.0066
1680	266	10.0047	7.6237
1680	267	9.4545	7.5197
1680	269	11.6566	6.3052
1680	270	12.4640	6.2930
1680	272	10.6916	7.7008
1680	363	4.6532	10.8395
1680	364	4.5460	11.2075
1680	365	10.3928	5.0477
1680	366	9.6942	5.2429
1680	399	5.8751	10.6187
1680	403	10.7939	8.1545
1680	404	6.8071	10.5096
1690	101	6.6134	1.3122
1690	103	5.2738	1.2250
1690	104	5.3984	2.0238
1690	107	13.8135	9.0292
1690	108	7.8325	6.1116
1690	164	6.7082	9.6593
1690	165	11.6278	9.1803
1690	166	7.6433	5.8875
1690	167	6.6078	11.2065
1690	168	8.1974	3.3983
1690	169	8.9635	6.0221
1690	173	14.6997	8.8476
1690	177	8.7227	2.7191
1690	178	9.1954	2.6587
1690	179	11.7080	7.8101
1690	180	9.5456	6.8042
1690	181	12.0386	6.4915
1690	255	6.5695	6.7889
1690	257	6.5730	5.5846
1690	264	8.1747	4.0839
1690	266	9.7883	7.8359
1690	267	9.3122	7.6681
1690	269	11.6446	6.3090
1690	270	12.4244	6.3006
1690	272	10.7034	7.7171
1690	363	4.6582	10.8497
1690	364	4.5460	11.1597
1690	365	10.7154	4.7691
1690	366	10.0337	4.9271
1690	399	5.8457	10.6557
1690	403	10.9248	8.1285
1690	404	6.8235	10.5077
1700	101	6.6195	1.2966
1700	103	5.4931	1.3842
1700	104	5.5737	2.0876
1700	107	13.9149	9.1707
1700	108	7.8152	6.1145
1700	164	6.7077	9.6624
1700	165	11.6330	9.1872
1700	166	7.6414	5.8868
1700	167	6.6339	11.2266
1700	168	8.1810	3.4310
1700	169	9.0803	6.3405
1700	173	14.7062	8.8567
1700	177	8.7069	2.7816
1700	178	9.1767	2.7541
1700	179	11.4537	8.1085
1700	180	9.2605	7.0643
1700	181	11.9422	6.7798
1700	255	6.5537	6.7760
1700	257	6.5274	5.6844
1700	264	7.9396	4.1610
1700	266	9.6793	8.0667
1700	267	9.1700	7.8163
1700	269	11.6326	6.3128
1700	270	12.3888	6.3006
1700	272	10.7150	7.7331
1700	363	4.6633	10.8602
1700	364	4.5460	11.1120
1700	365	11.0383	4.4909
1700	366	10.3732	4.6116
1700	399	5.8160	10.6927
1700	403	11.0557	8.1027
1700	404	6.8397	10.5058
1710	101	6.6257	1.2809
1710	103	5.5710	1.4637
1710	104	5.7493	2.1510
1710	107	14.0109	9.3077
1710	108	7.7979	6.1173
1710	164	6.7073	9.6655
1710	165	11.6381	9.1941
1710	166	7.6397	5.8861
1710	167	6.6408	11.2423
1710	168	8.1644	3.4639
1710	169	9.2455	6.6586
1710	173	14.7128	8.8655
1710	177	8.6912	2.8443
1710	178	9.1580	2.8496
1710	179	11.2529	8.3214
1710	180	8.9898	7.3371
1710	181	11.8456	7.0684
1710	255	6.5379	6.7629
1710	257	6.5320	5.7713
1710	264	7.7937	4.0844
1710	266	9.6162	8.3054
1710	267	9.0805	8.0190
1710	269	11.6206	6.3166
1710	270	12.3535	6.3006
1710	272	10.7268	7.7493
1710	363	4.6681	10.8707
1710	364	4.5460	11.0643
1710	365	11.3664	4.1207
1710	366	10.7127	4.2959
1710	399	5.7863	10.7297
1710	403	11.1864	8.0770
1710	404	6.8561	10.5039