3680	144	5.6226	1.7363
3680	145	5.5836	2.2179
3680	146	5.7695	2.6658
3680	147	3.7071	1.3322
3680	207	11.4720	7.1066
3680	208	12.0601	7.0035
3680	209	8.6156	11.3986
3680	214	4.9598	6.2834
3680	215	5.5502	6.2185
3680	216	4.6077	5.9538
3680	218	8.4961	9.0302
3680	220	9.3512	6.2099
3680	224	13.3445	3.1923
3680	225	12.2232	2.4720
3680	301	6.4360	10.8948
3680	306	7.7455	7.1032
3680	307	8.2334	7.1992
3680	311	10.9686	9.2034
3680	314	7.0733	10.8791
3680	320	10.5959	8.7753
3680	323	5.3614	9.3679
3680	324	9.7774	5.3305
3680	326	10.1023	4.9164
3680	327	10.2579	6.1414
3680	328	12.3568	6.3522
3680	329	14.3327	6.8872
3680	330	14.5326	7.1956
3680	331	14.8167	6.5273
3680	332	14.9550	5.6715
3680	389	5.2722	8.5082
3680	390	4.6010	8.5918
3680	396	7.2101	8.5863
3680	414	10.7087	8.0068
3690	144	5.5742	1.7074
3690	145	5.6325	2.1921
3690	146	6.0073	2.5930
3690	147	3.8576	1.2384
3690	207	11.4638	7.1171
3690	208	12.0384	7.0252
3690	209	8.3673	11.4509
3690	214	4.8148	6.5448
3690	215	5.4262	6.3660
3690	216	4.4995	6.2756
3690	218	8.3854	9.2562
3690	220	9.2792	6.5918
3690	224	13.1570	3.3147
3690	225	12.0262	2.6969
3690	301	6.4556	10.9087
3690	306	7.7613	7.0734
3690	307	8.2366	7.1989
3690	311	10.9741	9.1688
3690	314	7.0514	10.8810
3690	320	10.4725	8.8906
3690	323	5.2242	9.6793
3690	324	9.4701	5.2412
3690	326	9.6904	4.7710
3690	327	9.8954	6.0620
3690	328	12.0453	6.1994
3690	329	14.1222	6.8973
3690	330	14.2952	7.1576
3690	331	14.6237	6.4777
3690	332	14.6995	5.7484
3690	389	5.2999	8.5020
3690	390	4.6138	8.5918
3690	396	7.5429	8.5326
3690	414	10.6843	8.0128
3700	144	5.5256	1.6785
3700	145	5.6701	2.1613
3700	146	6.2453	2.5205
3700	147	4.0079	1.1446
3700	207	11.4558	7.1276
3700	208	12.0167	7.0469
3700	209	8.1231	11.4986
3700	214	4.6772	6.8202
3700	215	5.3025	6.5133
3700	216	4.3888	6.6020
3700	218	8.2746	9.4824
3700	220	9.2070	6.9736
3700	224	12.9813	3.4190
3700	225	11.8001	2.9355
3700	301	6.4754	10.9227
3700	306	7.7706	7.0593
3700	307	8.2397	7.1987
3700	311	10.9795	9.1345
3700	314	7.0295	10.8829
3700	320	10.4071	8.9493
3700	323	5.0739	9.9719
3700	324	9.0399	5.1479
3700	326	9.2788	4.6259
3700	327	9.5816	5.9073
3700	328	11.7246	6.0562
3700	329	13.8981	6.8896
3700	330	14.1304	7.1369
3700	331	14.3630	6.4906
3700	332	14.4440	5.8250
3700	389	5.3515	8.4879
3700	390	4.6269	8.5918
3700	396	7.8754	8.4786
3700	414	10.6601	8.0190
3710	144	5.4769	1.6496
3710	145	5.7080	2.1308
3710	146	6.5002	2.5501
3710	147	4.1266	1.1031
3710	207	11.4232	7.1507
3710	208	11.9950	7.0686
3710	209	7.8954	11.5504
3710	214	4.5448	7.0813
3710	215	5.1680	6.6693
3710	216	4.2558	6.8393
3710	218	8.1511	9.6550
3710	220	9.1348	7.3555
3710	224	12.8539	3.4505
3710	225	11.5659	3.1821
3710	301	6.4950	10.9366
3710	306	7.7767	7.0524
3710	307	8.2429	7.1982
3710	311	10.9852	9.0999
3710	314	6.8839	10.7910
3710	320	10.3481	9.0018
3710	323	4.8723	10.1908
3710	324	8.6099	5.0543
3710	326	8.8423	4.5405
3710	327	9.2889	5.7207
3710	328	11.3205	5.9990
3710	329	13.6741	6.8818
3710	330	13.9658	7.1161
3710	331	14.0852	6.5192
3710	332	14.2476	5.8885
3710	389	5.6186	8.4054
3710	390	4.6397	8.5918
3710	396	8.2081	8.4247
3710	414	10.6359	8.0252
3720	144	5.3774	1.6181
3720	145	5.7457	2.1002
3720	146	6.7591	2.6050
3720	147	4.2135	1.1133
3720	207	11.2925	7.2247
3720	208	11.9544	7.0982
3720	209	7.6921	11.6079
3720	214	4.4334	7.2849
3720	215	5.0230	6.8338
3720	216	4.1207	7.0667
3720	218	8.0086	9.7473
3720	220	9.0319	7.7006
3720	224	12.7264	3.4818
3720	225	11.2590	3.5004
3720	301	6.5147	10.9507
3720	306	7.7828	7.0455
3720	307	8.2460	7.1980
3720	311	10.9913	9.0144
3720	314	6.7380	10.6994
3720	320	10.2892	9.0543
3720	323	4.6706	10.4096
3720	324	8.1149	4.9333
3720	326	8.3950	4.4808
3720	327	9.0106	5.5214
3720	328	10.9164	5.9417
3720	329	13.4500	6.8741
3720	330	13.7895	7.0980
3720	331	13.8008	6.5173
3720	332	14.1403	5.9324
3720	389	5.8857	8.3228
3720	390	4.6528	8.5918
3720	396	8.5990	8.3793
3720	414	10.6114	8.0311
3730	144	5.2722	1.5864
3730	145	5.7834	2.0697
3730	146	7.0177	2.6704
3730	147	4.3004	1.1238
3730	207	11.1618	7.2989
3730	208	11.7440	7.1992
3730	209	7.4890	11.6655
3730	214	4.3219	7.4882
3730	215	4.8777	6.9985
3730	216	3.9854	7.2939
3730	218	7.8659	9.8397
3730	220	8.9157	8.0297
3730	224	12.5991	3.5133
3730	225	10.9522	3.8186
3730	301	6.5343	10.9645
3730	306	7.7889	7.0386
3730	307	8.2492	7.1977
3730	311	10.9974	8.9161
3730	314	6.5425	10.5941
3730	320	10.2303	9.1068
3730	323	4.5181	10.6364
3730	324	7.6039	4.8057
3730	326	7.9253	4.4162
3730	327	8.7545	5.3035
3730	328	10.6285	5.8651
3730	329	13.1673	6.8018
3730	330	13.6101	7.0803
3730	331	13.5013	6.4438
3730	332	14.0330	5.9763
3730	389	6.1109	8.2469
3730	390	4.6656	8.5918
3730	396	8.9898	8.3338
3730	414	10.5872	8.0373
3740	144	5.1669	1.5544
3740	145	5.8213	2.0391
3740	146	7.2751	2.7763
3740	147	4.3874	1.1341
3740	207	11.0322	7.3985
3740	208	11.5335	7.3001
3740	209	7.3364	11.6979
3740	214	4.2106	7.6918
3740	215	4.7169	7.1763
3740	216	3.8500	7.5211
3740	218	7.7630	9.9294
3740	220	8.7995	8.3588
3740	224	12.4701	3.5978
3740	225	10.6291	4.0923
3740	301	6.5541	10.9786
3740	306	7.7952	7.0314
3740	307	8.2525	7.1973
3740	311	11.0035	8.8178
3740	314	6.2719	10.4693
3740	320	10.1714	9.1593
3740	323	4.3777	10.8650
3740	324	7.0927	4.6777
3740	326	7.4033	4.3398
3740	327	8.4923	5.0861
3740	328	10.4180	5.7756
3740	329	12.8779	6.7223
3740	330	13.4146	7.0598
3740	331	13.2018	6.3703
3740	332	13.9254	6.0200
3740	389	6.2942	8.1777
3740	390	4.6786	8.5918
3740	396	9.2815	8.3650
3740	414	10.5346	8.0400
3750	144	5.2456	1.5303
3750	145	5.8589	2.0083
3750	146	7.5323	2.8825
3750	147	4.4743	1.1446
3750	207	10.9046	7.5576
3750	208	11.3611	7.4037
3750	209	7.2343	11.7051
3750	214	4.0973	7.8082
3750	215	4.5460	7.3627
3750	216	3.7111	7.6805
3750	218	7.7525	10.0130
3750	220	8.6438	8.6330
3750	224	12.3385	3.7618
3750	225	10.2995	4.3467
3750	301	6.5739	10.9924
3750	306	7.8013	7.0245
3750	307	8.2557	7.1970
3750	311	11.0284	8.7082
3750	314	5.9846	10.3817
3750	320	10.1566	9.1674
3750	323	4.2619	11.0710
3750	324	6.5876	4.5727
3750	326	6.8814	4.2634
3750	327	8.1766	4.8730
3750	328	10.2650	5.6605
3750	329	12.5995	6.6641
3750	330	13.0739	7.0142
3750	331	12.9135	6.2758
3750	332	13.8181	6.0639
3750	389	6.4775	8.1082
3750	390	4.6915	8.5918
3750	396	9.5621	8.4049
3750	414	10.2269	8.0125
3760	144	5.3446	1.5069
3760	145	5.9246	1.9809
3760	146	7.7702	2.9179
3760	147	4.5955	1.2616
3760	207	10.7771	7.7166
3760	208	11.2266	7.5099
3760	209	7.1322	11.7125
3760	214	3.9839	7.9030
3760	215	4.3749	7.5490
3760	216	3.5710	7.8106
3760	218	7.7420	10.0965
3760	220	8.4780	8.8934
3760	224	12.2070	3.9260
3760	225	9.9697	4.6014
3760	301	6.6101	11.0354
3760	306	7.8074	7.0176
3760	307	8.2589	7.1968
3760	311	11.0810	8.5813
3760	314	5.6584	10.3817
3760	320	10.1467	9.1707
3760	323	4.1830	11.2423
3760	324	6.0824	4.4677
3760	326	6.3630	4.1209
3760	327	7.8609	4.6598
3760	328	10.3208	5.4369
3760	329	12.3324	6.6273
3760	330	12.7331	6.9689
3760	331	12.6298	6.1720
3760	332	13.6442	6.1825
3760	389	6.5855	8.0483
3760	390	4.7043	8.5918
3760	396	9.8319	8.4385
3760	414	9.9194	7.9851
3770	144	5.4437	1.4835
3770	145	6.2403	1.9809
3770	146	7.9884	2.8825
3770	147	4.7207	1.3907
3770	207	10.6495	7.8758
3770	208	11.0921	7.6159
3770	209	7.0310	11.7261
3770	214	3.8702	7.9977
3770	215	4.2234	7.6877
3770	216	3.4306	7.9409
3770	218	7.7314	10.1800
3770	220	8.3121	9.1538
3770	224	12.0738	4.0863
3770	225	9.6334	4.9376
3770	301	6.6852	11.1464
3770	306	7.8137	7.0104
3770	307	8.2620	7.1965
3770	311	11.1336	8.4545
3770	314	5.3439	10.3784
3770	320	10.1368	9.1738
3770	323	4.1041	11.4139
3770	324	5.5443	4.3555
3770	326	5.8457	3.9618
3770	327	7.6033	4.4529
3770	328	10.1892	5.1536
3770	329	12.0653	6.5906
3770	330	12.3791	6.8820
3770	331	12.3333	6.0620
3770	332	13.4037	6.3756
3770	389	6.5800	8.0025
3770	390	4.7174	8.5918
3770	396	10.0910	8.4660
3770	414	9.6267	7.9856
3780	144	5.5426	1.4601
3780	145	6.5560	1.9809
3780	146	8.2067	2.8472
3780	147	4.8457	1.5198
3780	207	10.4315	8.0037
3780	208	10.9577	7.7221
3780	209	6.9327	11.7659
3780	214	3.7566	8.0925
3780	215	4.1011	7.7543
3780	216	3.3171	8.0853
3780	218	7.7428	10.2810
3780	220	8.1715	9.3956
3780	224	11.9334	4.2322
3780	225	9.2943	5.3087
3780	301	6.7603	11.2571
3780	306	7.8198	7.0035
3780	307	8.2652	7.1961
3780	311	11.2041	8.3223
3780	314	5.0568	10.3676
3780	320	10.1269	9.1769
3780	323	4.0052	11.5953
3780	324	4.9731	4.2362
3780	326	5.3182	3.7966
3780	327	7.4810	4.2606
3780	328	9.9737	4.9240
3780	329	11.8418	6.5293
3780	330	12.0251	6.7954
3780	331	12.0176	5.9426
3780	332	13.1621	6.5541
3780	389	6.5745	7.9564
3780	390	4.7302	8.5918
3780	396	10.3500	8.4934
3780	414	9.3489	8.0142
3790	144	5.6417	1.4367
3790	145	6.8591	1.9981
3790	146	8.2879	2.8303
3790	147	5.0120	1.6546
3790	207	10.2137	8.1314
3790	208	10.7777	7.8693
3790	209	6.8344	11.8058
3790	214	3.6432	8.1872
3790	215	3.9788	7.8209
3790	216	3.2439	8.2514
3790	218	7.8051	10.4223
3790	220	8.0560	9.6187
3790	224	11.7930	4.3780
3790	225	8.9938	5.6085
3790	301	6.7904	11.3678
3790	306	7.8259	6.9966
3790	307	8.2683	7.1958
3790	311	11.3468	8.1684
3790	314	4.7799	10.3631
3790	320	10.1171	9.1803
3790	323	3.8258	11.8163
3790	324	4.4017	4.1169
3790	326	4.7759	3.6221
3790	327	7.3589	4.0680
3790	328	9.6747	4.7481
3790	329	11.6234	6.4648
3790	330	11.7160	6.7462
3790	331	11.7019	5.8233
3790	332	12.9194	6.7099
3790	389	6.5692	7.9106
3790	390	4.7706	8.5385
3790	396	10.6487	8.4619
3790	414	9.0710	8.0428
3800	144	5.8720	1.4320
3800	145	7.1564	2.0229
3800	146	8.3350	2.8179
3800	147	5.3429	1.8138
3800	207	9.9925	8.2586
3800	208	10.5927	8.0211
3800	209	6.7534	11.8373
3800	214	3.5295	8.2820
3800	215	3.8564	7.8875
3800	216	3.1707	8.4175
3800	218	7.8674	10.5638
3800	220	7.9406	9.8421
3800	224	11.6528	4.5240
3800	225	8.6977	5.9001
3800	301	6.7755	11.4786
3800	306	7.8322	6.9894
3800	307	8.2717	7.1956
3800	311	11.4893	8.0144
3800	314	4.5928	10.4161
3800	320	10.1072	9.1834
3800	323	3.6465	12.0373
3800	324	3.8568	3.9856
3800	326	4.2335	3.4477
3800	327	7.3290	3.9250
3800	328	9.3135	4.6154
3800	329	11.3855	6.3803
3800	330	11.4177	6.7063
3800	331	11.3567	5.7278
3800	332	12.6765	6.8660
3800	389	6.5638	7.8648
3800	390	4.8295	8.4498
3800	396	10.9518	8.4237
3800	414	8.7991	8.1521
3810	144	6.1351	1.4320
3810	145	7.4540	2.0475
3810	146	8.3824	2.8054
3810	147	5.6729	1.9551
3810	207	9.7586	8.3822
3810	208	10.4079	8.1729
3810	209	6.7410	11.8354
3810	214	3.5057	8.4247
3810	215	3.7484	7.9605
3810	216	3.0974	8.5834
3810	218	7.9044	10.6636
3810	220	7.8967	10.0428
3810	224	11.5070	4.6469
3810	225	8.3936	6.1689
3810	301	6.7603	11.5896
3810	306	7.8384	6.9825
3810	307	8.2749	7.1954
3810	311	11.6345	7.8703
3810	314	4.4057	10.4693
3810	320	10.0973	9.1867
3810	323	3.4560	12.2423
3810	324	3.3230	3.8493
3810	326	3.6450	3.3138
3810	327	7.6689	3.9801
3810	328	8.9109	4.5116
3810	329	11.1025	6.2488
3810	330	11.1050	6.6262
3810	331	11.0115	5.6324
3810	332	12.3644	6.9720
3810	389	6.5585	7.8190
3810	390	4.8883	8.3610
3810	396	11.2515	8.3741
3810	414	8.5274	8.2617
3820	144	6.3981	1.4320
3820	145	7.6515	2.1393
3820	146	8.4295	2.7930
3820	147	5.9974	1.9351
3820	207	9.5248	8.5061
3820	208	10.1655	8.3435
3820	209	6.7286	11.8337
3820	214	3.5718	8.6156
3820	215	3.7690	8.0915
3820	216	3.0244	8.7495
3820	218	7.9242	10.7356
3820	220	7.9598	10.2099
3820	224	11.3577	4.7548
3820	225	8.0585	6.3457
3820	301	6.7395	11.6172
3820	306	7.8445	6.9755
3820	307	8.2780	7.1949
3820	311	11.8029	7.8159
3820	314	4.2125	10.5230
3820	320	10.0874	9.1898
3820	323	3.2542	12.4313
3820	324	2.7895	3.7128
3820	326	3.0448	3.1902
3820	327	8.0936	3.8649
3820	328	8.5003	4.4171
3820	329	10.8194	6.1171
3820	330	10.7701	6.4851
3820	331	10.6887	5.5164
3820	332	12.0350	7.0653
3820	389	6.5530	7.7729
3820	390	4.9470	8.2719
3820	396	11.5461	8.3073
3820	414	8.2292	8.3667
3830	144	6.6785	1.4274
3830	145	7.8236	2.2477
3830	146	8.4767	2.7809
3830	147	6.3217	1.9152
3830	207	9.3026	8.6426
3830	208	9.8849	8.5266
3830	209	6.7159	11.8318
3830	214	3.6381	8.8065
3830	215	3.7898	8.2228
3830	216	3.0751	9.0001
3830	218	7.9440	10.8077
3830	220	8.0229	10.3769
3830	224	11.2083	4.8625
3830	225	7.7232	6.5226
3830	301	6.7162	11.6091
3830	306	7.8506	6.9686
3830	307	8.2812	7.1946
3830	311	11.9713	7.7612
3830	314	4.0102	10.5781
3830	320	10.0775	9.1929
3830	323	3.0486	12.6215
3830	324	2.2208	3.5016
3830	326	2.4467	3.0608
3830	327	8.5539	3.7026
3830	328	8.0713	4.3436
3830	329	10.5083	5.9596
3830	330	10.4460	6.3424
3830	331	10.3879	5.3801
3830	332	11.7501	7.1631
3830	389	6.5476	7.7271
3830	390	4.9994	8.1712
3830	396	11.8408	8.2404
3830	414	7.9135	8.4691
3840	144	6.9704	1.4195
3840	145	7.9958	2.3563
3840	146	8.5238	2.7685
3840	147	6.6753	1.8584
3840	207	9.0921	8.7917
3840	208	9.6042	8.7094
3840	209	6.7035	11.8301
3840	214	3.7042	8.9975
3840	215	3.8107	8.3538
3840	216	3.1570	9.2719
3840	218	7.9640	10.8798
3840	220	8.1660	10.5309
3840	224	11.1174	4.8842
3840	225	7.4795	6.6149
3840	301	6.6928	11.6013
3840	306	7.8569	6.9615
3840	307	8.2843	7.1944
3840	311	12.1396	7.7066
3840	314	3.8077	10.6332
3840	320	10.0676	9.1963
3840	323	2.8070	12.8249
3840	324	1.6484	3.2820
3840	326	1.8679	2.8818
3840	327	9.0750	3.4754
3840	328	7.6424	4.2701
3840	329	10.1549	5.7636
3840	330	10.1655	6.1932
3840	331	10.0874	5.2436
3840	332	11.5095	7.2655
3840	389	6.6153	7.6786
3840	390	5.0371	8.0428
3840	396	12.0664	8.1340
3840	414	7.5978	8.5712
3850	144	7.2623	1.4119
3850	145	8.1917	2.3794
3850	146	8.7705	2.7355
3850	147	7.0415	1.7859
3850	207	8.8816	8.9409
3850	208	9.3581	8.8867
3850	209	6.6911	11.8282
3850	214	3.8006	9.2660
3850	215	3.8313	8.4848
3850	216	3.2388	9.5438
3850	218	7.9838	10.9519
3850	220	8.4291	10.6652
3850	224	11.0850	4.8200
3850	225	7.3271	6.6233
3850	301	6.6694	11.5934
3850	306	7.8630	6.9545
3850	307	8.2875	7.1942
3850	311	12.2678	7.5841
3850	314	3.6516	10.6621
3850	320	10.0577	9.1994
3850	323	2.5654	13.0282
3850	324	1.0597	3.1088
3850	326	1.2891	2.7028
3850	327	9.5993	3.2004
3850	328	7.2067	4.1367
3850	329	9.8016	5.5677
3850	330	9.8849	6.0441
3850	331	9.7662	5.1025
3850	332	11.2689	7.3677
3850	389	6.7315	7.6283
3850	390	5.0749	7.9144
3850	396	12.2844	8.0233
3850	414	7.2739	8.6595
3860	144	7.5570	1.3799
3860	145	8.4112	2.3171
3860	146	9.0174	2.7026
3860	147	7.3837	1.7558
3860	207	8.6768	9.0822
3860	208	9.1348	9.0605
3860	209	6.6787	11.8265
3860	214	3.8972	9.5345
3860	215	3.8521	8.6159
3860	216	3.3327	9.7889
3860	218	8.0526	11.0428
3860	220	8.6501	10.7874
3860	224	11.0526	4.7558
3860	225	7.1748	6.6314
3860	301	6.6461	11.5853
3860	306	7.8691	6.9476
3860	307	8.2906	7.1937
3860	311	12.3690	7.4161
3860	314	3.5068	10.6846
3860	320	10.0478	9.2027
3860	323	2.3303	13.2029
3860	324	0.4466	3.0050
3860	326	0.6968	2.5260
3860	327	10.1360	2.7350
3860	328	6.7681	3.9777
3860	329	9.4640	5.3725
3860	330	9.5526	5.8386
3860	331	9.4366	4.9594
3860	332	11.1254	7.4254
3860	389	6.8479	7.5782
3860	390	5.1126	7.7858
3860	396	12.5100	7.9092
3860	414	6.9481	8.7443
3870	144	7.8541	1.3238
3870	145	8.6526	2.2520
3870	146	9.2754	2.6687
3870	147	7.6904	1.7899
3870	207	8.4855	9.2051
3870	208	8.9115	9.2340
3870	209	6.6661	11.8249
3870	214	4.0184	9.7306
3870	215	3.8728	8.7471
3870	216	3.4754	9.9275
3870	218	8.2355	11.1776
3870	220	8.8606	10.9068
3870	224	11.0204	4.6916
3870	225	7.0861	6.7018
3870	301	6.6227	11.5774
3870	306	7.8754	6.9405
3870	307	8.2940	7.1934
3870	311	12.4705	7.2481
3870	314	3.3622	10.7070
3870	320	10.0379	9.2058
3870	323	2.1053	13.3344
3870	324	-0.1665	2.9014
3870	326	0.0985	2.3501
3870	327	10.6660	2.2513
3870	328	6.3249	3.8233
3870	329	9.1365	5.1780
3870	330	9.2074	5.6190
3870	331	9.1068	4.8162
3870	332	11.0235	7.4638
3870	389	6.9641	7.5278
3870	390	5.1787	7.6316
3870	396	12.8047	7.7660
3870	414	6.6223	8.8290