680	26	2.6314	4.1171
680	27	2.8857	3.9350
680	28	2.8754	3.5262
680	29	13.7792	7.7906
680	30	13.8229	8.0560
680	56	3.1991	5.3937
680	75	6.8420	11.1581
680	76	6.3220	11.2170
680	77	4.7350	6.4882
680	80	4.8556	7.8030
680	81	4.6713	7.4242
680	82	4.4896	10.7605
680	153	6.8740	0.7969
680	155	14.0490	1.4931
680	156	14.1012	0.1909
680	247	11.8416	6.4643
680	248	11.5167	6.7075
680	249	12.1228	6.6870
680	250	12.3493	6.0142
680	253	12.5029	4.1935
680	349	7.5325	13.3196
680	350	10.8598	7.8533
680	397	11.2531	7.4486
680	399	3.2778	13.0726
690	26	2.5353	4.0627
690	27	2.8912	3.9276
690	28	2.7308	3.4964
690	29	13.7829	7.8044
690	30	13.8114	8.0700
690	56	3.0858	5.3937
690	75	6.8698	11.2282
690	76	6.3802	11.2170
690	77	4.6426	6.5739
690	80	4.8634	7.8276
690	81	4.6601	7.4445
690	82	4.3867	10.9027
690	153	6.8332	0.7239
690	155	13.9631	1.9172
690	156	13.9717	0.6040
690	247	11.6503	6.5023
690	248	11.2155	6.6639
690	249	11.9123	6.7316
690	250	12.1842	6.0142
690	253	12.0944	4.1231
690	349	7.6481	13.1886
690	350	10.8644	7.8264
690	397	11.3550	7.5333
690	399	3.2908	13.0678
700	26	2.5275	4.0663
700	27	2.8966	3.9202
700	28	2.5860	3.4665
700	29	13.7867	7.8180
700	30	13.7998	8.0841
700	56	3.0492	5.3908
700	75	6.8978	11.2984
700	76	6.4383	11.2170
700	77	4.5555	6.6808
700	80	4.8714	7.8521
700	81	4.6490	7.4646
700	82	4.3076	11.0354
700	153	6.7921	0.6511
700	155	13.9336	2.3238
700	156	13.8421	1.0172
700	247	11.4588	6.5405
700	248	10.9114	6.6374
700	249	11.6589	6.7939
700	250	11.9936	6.0336
700	253	11.6528	4.0546
700	349	7.7634	13.0578
700	350	10.8693	7.7996
700	397	11.3586	7.5257
700	399	3.3039	13.0628
710	26	2.5298	4.0763
710	27	2.9023	3.9128
710	28	2.4414	3.4367
710	29	13.7905	7.8319
710	30	13.7882	8.0982
710	56	3.0454	5.3866
710	75	6.9569	11.3791
710	76	6.4966	11.2170
710	77	4.4684	6.7877
710	80	4.8792	7.8767
710	81	4.6380	7.4846
710	82	4.2842	11.1459
710	153	6.7513	0.5780
710	155	13.9881	2.7040
710	156	13.7674	1.4286
710	247	11.2506	6.5870
710	248	10.6074	6.6109
710	249	11.3628	6.8734
710	250	11.7774	6.0722
710	253	11.1616	3.9882
710	349	7.8788	12.9270
710	350	10.8739	7.7729
710	397	11.3512	7.5080
710	399	3.3169	13.0578
720	26	2.5321	4.0863
720	27	2.9078	3.9054
720	28	2.4102	3.4484
720	29	13.7943	7.8457
720	30	13.7766	8.1123
720	56	3.0416	5.3823
720	75	7.0239	11.4621
720	76	6.5549	11.2170
720	77	4.3935	6.8894
720	80	4.8872	7.9013
720	81	4.6269	7.5047
720	82	4.2607	11.2564
720	153	6.5665	0.5329
720	155	14.0427	3.0840
720	156	13.7749	1.8377
720	247	11.0166	6.6467
720	248	10.3970	6.6751
720	249	11.0665	6.9529
720	250	11.5613	6.1109
720	253	10.6270	3.9054
720	349	7.9556	12.7802
720	350	10.8787	7.7459
720	397	11.3439	7.4903
720	399	3.3300	13.0530
730	26	2.5342	4.0964
730	27	2.9135	3.8980
730	28	2.3791	3.4603
730	29	13.7981	7.8595
730	30	13.7650	8.1264
730	56	3.0381	5.3782
730	75	7.0908	11.5454
730	76	6.6589	11.2970
730	77	4.3672	6.9689
730	80	4.8950	7.9257
730	81	4.6159	7.5247
730	82	4.2373	11.3669
730	153	6.2860	0.5064
730	155	14.1403	3.4226
730	156	13.7825	2.2467
730	247	10.7828	6.7063
730	248	10.1865	6.7393
730	249	10.8099	7.0281
730	250	11.3451	6.1498
730	253	10.0632	3.8116
730	349	8.0158	12.6268
730	350	10.8954	7.6810
730	397	11.3365	7.4724
730	399	3.3430	13.0480
740	26	2.5365	4.1064
740	27	2.9189	3.8909
740	28	2.3479	3.4720
740	29	13.8019	7.8734
740	30	13.7537	8.1404
740	56	3.0343	5.3739
740	75	7.1577	11.6285
740	76	6.7742	11.3972
740	77	4.3408	7.0483
740	80	4.9028	7.9502
740	81	4.6048	7.5450
740	82	4.2139	11.4774
740	153	6.0052	0.4799
740	155	14.2565	3.7436
740	156	13.8360	2.6568
740	247	10.5489	6.7660
740	248	9.9693	6.8314
740	249	10.5632	7.1023
740	250	11.0951	6.2011
740	253	9.4996	3.7181
740	349	8.0758	12.4733
740	350	10.9238	7.5777
740	397	11.3291	7.4548
740	399	3.3559	13.0432
750	26	2.5386	4.1164
750	27	2.9246	3.8835
750	28	2.3166	3.4840
750	29	13.8057	7.8870
750	30	13.7421	8.1545
750	56	3.0307	5.3698
750	75	7.2246	11.7118
750	76	6.8896	11.4972
750	77	4.3145	7.1281
750	80	4.9108	7.9748
750	81	4.5936	7.5650
750	82	4.1906	11.5879
750	153	5.9635	0.4967
750	155	14.3727	4.0646
750	156	13.9202	3.0673
750	247	10.3233	6.8734
750	248	9.7420	6.9650
750	249	10.3164	7.1763
750	250	10.8366	6.2555
750	253	8.9096	3.6355
750	349	8.0760	12.2769
750	350	10.9522	7.4746
750	397	11.3218	7.4371
750	399	3.3689	13.0382
760	26	2.5409	4.1267
760	27	2.9301	3.8761
760	28	2.2854	3.4957
760	29	13.8095	7.9008
760	30	13.7305	8.1686
760	56	3.0269	5.3655
760	75	7.2916	11.7948
760	76	6.9603	11.5719
760	77	4.2882	7.2075
760	80	4.9186	7.9994
760	81	4.5827	7.5851
760	82	4.1041	11.6903
760	153	5.9484	0.5181
760	155	14.4446	4.3689
760	156	14.0037	3.4694
760	247	10.0998	6.9927
760	248	9.5147	7.0987
760	249	10.0314	7.2911
760	250	10.5780	6.3102
760	253	8.3134	3.5560
760	349	8.0694	12.0755
760	350	10.9806	7.3712
760	397	11.3144	7.4195
760	399	3.3820	13.0332
770	26	2.5430	4.1367
770	27	2.9356	3.8687
770	28	2.2543	3.5073
770	29	13.8132	7.9147
770	30	13.7190	8.1827
770	56	3.0231	5.3613
770	75	7.3718	11.8695
770	76	7.0119	11.6354
770	77	4.2619	7.2870
770	80	4.9354	8.0607
770	81	4.5715	7.6051
770	82	4.0106	11.7919
770	153	5.9332	0.5396
770	155	14.5059	4.6694
770	156	14.0807	3.7954
770	247	9.8761	7.1121
770	248	9.2868	7.2643
770	249	9.7420	7.4104
770	250	10.3162	6.3863
770	253	7.7302	3.4675
770	349	8.0627	11.8740
770	350	11.0873	7.2579
770	397	11.3070	7.4018
770	399	3.3950	13.0284
780	26	2.5454	4.1467
780	27	2.9412	3.8613
780	28	2.2231	3.5193
780	29	13.8170	7.9285
780	30	13.7074	8.1970
780	56	3.0195	5.3572
780	75	7.5039	11.9106
780	76	7.0632	11.6991
780	77	4.2356	7.3667
780	80	4.9880	8.2696
780	81	4.5881	7.7405
780	82	3.9170	11.8936
780	153	5.9181	0.5611
780	155	14.5669	4.9696
780	156	14.1580	4.1217
780	247	9.6237	7.2290
780	248	9.0588	7.4333
780	249	9.4686	7.5495
780	250	10.0463	6.5133
780	253	7.1663	3.3651
780	349	8.0903	11.6912
780	350	11.2136	7.1421
780	397	11.2997	7.3839
780	399	3.4081	13.0234
790	26	2.5475	4.1567
790	27	2.9467	3.8539
790	28	2.1920	3.5310
790	29	13.8208	7.9421
790	30	13.6958	8.2111
790	56	3.0158	5.3529
790	75	7.6363	11.9514
790	76	7.1146	11.7628
790	77	4.2093	7.4462
790	80	5.0406	8.4784
790	81	4.6233	7.9526
790	82	3.8235	11.9953
790	153	5.9029	0.5826
790	155	14.5558	5.2935
790	156	14.2239	4.4472
790	247	9.3520	7.3445
790	248	8.8094	7.5987
790	249	9.2114	7.7087
790	250	9.7767	6.6400
790	253	6.6025	3.2627
790	349	8.1324	11.5161
790	350	11.3399	7.0261
790	397	11.2923	7.3662
790	399	3.4211	13.0184
800	26	2.5498	4.1668
800	27	2.9524	3.8467
800	28	2.2196	3.5398
800	29	13.8246	7.9560
800	30	13.6842	8.2252
800	56	3.0122	5.3488
800	75	7.7685	11.9924
800	76	7.1819	11.8137
800	77	4.2093	7.7326
800	80	5.0960	8.7557
800	81	4.6595	8.2359
800	82	3.7299	12.0969
800	153	5.8878	0.6043
800	155	14.5137	5.6276
800	156	14.1877	4.7677
800	247	9.0805	7.4600
800	248	8.5388	7.7607
800	249	8.9540	7.8679
800	250	9.5057	6.7674
800	253	6.0591	3.1317
800	349	8.1745	11.3411
800	350	11.4493	6.8973
800	397	11.2849	7.3486
800	399	3.4339	13.0136
810	26	2.5519	4.1768
810	27	2.9579	3.8393
810	28	2.2537	3.5484
810	29	13.8284	7.9698
810	30	13.6729	8.2393
810	56	3.0084	5.3445
810	75	7.8152	12.0437
810	76	7.3128	11.8137
810	77	4.2093	8.0190
810	80	5.1522	9.0500
810	81	4.6961	8.5369
810	82	3.6427	12.1867
810	153	5.8726	0.6258
810	155	14.4909	5.9338
810	156	14.1517	5.0882
810	247	8.7671	7.5514
810	248	8.2683	7.9226
810	249	8.6861	8.0223
810	250	9.2209	6.9008
810	253	5.5289	2.9816
810	349	8.2719	11.1418
810	350	11.5194	6.7381
810	397	11.2776	7.3309
810	399	3.4470	13.0086
820	26	2.5542	4.1868
820	27	2.9636	3.8319
820	28	2.2878	3.5572
820	29	13.8322	7.9836
820	30	13.6613	8.2533
820	56	3.0046	5.3403
820	75	7.8251	12.0996
820	76	7.4437	11.8137
820	77	4.2598	8.3101
820	80	5.2084	9.3442
820	81	4.7281	8.8373
820	82	3.5617	12.2647
820	153	5.8575	0.6472
820	155	14.5455	6.1283
820	156	14.1157	5.4087
820	247	8.4121	7.6185
820	248	8.0103	8.0436
820	249	8.4157	8.1758
820	250	8.9361	7.0343
820	253	4.9990	2.8312
820	349	8.3931	10.9321
820	350	11.5897	6.5791
820	397	11.2702	7.3130
820	399	3.4600	13.0039
830	26	2.5563	4.1968
830	27	2.9690	3.8245
830	28	2.3219	3.5658
830	29	13.8360	7.9973
830	30	13.6497	8.2674
830	56	3.0010	5.3362
830	75	7.8350	12.1557
830	76	7.5744	11.8137
830	77	4.3608	8.6061
830	80	5.1650	9.6111
830	81	4.7552	9.1376
830	82	3.4807	12.3428
830	153	5.8423	0.6687
830	155	14.6000	6.3228
830	156	14.1403	5.7197
830	247	8.0568	7.6856
830	248	7.7577	8.1471
830	249	8.1450	8.3292
830	250	8.6514	7.1674
830	253	4.4156	2.6959
830	349	8.5144	10.7223
830	350	11.6598	6.4199
830	397	11.2628	7.2954
830	399	3.4731	12.9988
840	26	2.5586	4.2069
840	27	2.9745	3.8171
840	28	2.3562	3.5744
840	29	13.8398	8.0111
840	30	13.6381	8.2815
840	56	2.9972	5.3319
840	75	7.8447	12.2115
840	76	7.6571	11.8282
840	77	4.4619	8.9020
840	80	5.0970	9.8707
840	81	4.7824	9.4378
840	82	3.3999	12.4208
840	153	5.8269	0.6902
840	155	14.6932	6.4796
840	156	14.2058	6.0240
840	247	7.7003	7.7696
840	248	7.5052	8.2505
840	249	7.8598	8.4908
840	250	8.3849	7.3125
840	253	3.8263	2.5623
840	349	8.6228	10.5039
840	350	11.6619	6.3037
840	397	11.2555	7.2777
840	399	3.4861	12.9938
850	26	2.5607	4.2169
850	27	2.9802	3.8097
850	28	2.3903	3.5830
850	29	13.8438	8.0249
850	30	13.7960	8.2875
850	56	2.9937	5.3278
850	75	7.8546	12.2676
850	76	7.6914	11.8576
850	77	4.4534	9.1884
850	80	5.0289	10.1304
850	81	4.7776	9.7187
850	82	3.3188	12.4989
850	153	5.8118	0.7117
850	155	14.8247	6.5989
850	156	14.2710	6.3285
850	247	7.3404	7.8927
850	248	7.2625	8.3872
850	249	7.5746	8.6526
850	250	8.1263	7.4627
850	253	3.2395	2.4050
850	349	8.7120	10.2724
850	350	11.6349	6.2059
850	397	11.2483	7.2600
850	399	3.4992	12.9891
860	26	2.5630	4.2271
860	27	2.9857	3.8026
860	28	2.4243	3.5916
860	29	13.8476	8.0388
860	30	13.9538	8.2934
860	56	2.9899	5.3235
860	75	7.8644	12.3234
860	76	7.7258	11.8867
860	77	4.4450	9.4748
860	80	4.9329	10.3784
860	81	4.7249	9.9707
860	82	3.2551	12.5719
860	153	5.7505	0.7124
860	155	14.9563	6.7183
860	156	14.3531	6.4958
860	247	6.9807	8.0159
860	248	7.0239	8.5385
860	249	7.2895	8.8142
860	250	7.8678	7.6125
860	253	2.6567	2.2121
860	349	8.8012	10.0411
860	350	11.6080	6.1078
860	397	11.2409	7.2421
860	399	3.5122	12.9840
870	26	2.5651	4.2372
870	27	2.9913	3.7952
870	28	2.4584	3.6002
870	29	13.9006	8.0920
870	30	14.1117	8.2994
870	56	2.9861	5.3192
870	75	7.8453	12.4218
870	76	7.7601	11.9160
870	77	4.4128	9.7254
870	80	4.7950	10.6089
870	81	4.6723	10.2225
870	82	3.2313	12.6335
870	153	5.6777	0.7076
870	155	15.0878	6.8376
870	156	14.4423	6.6044
870	247	6.6290	8.1483
870	248	6.7854	8.6896
870	249	7.0493	8.9758
870	250	7.6113	7.7689
870	253	2.0739	2.0195
870	349	8.8905	9.8103
870	350	11.5811	6.0099
870	397	11.2336	7.2245
870	399	3.5438	12.9244