320	4	6.5911	10.1688
320	18	10.1065	6.8760
320	19	9.5067	6.2729
320	25	10.9292	2.7787
320	26	3.8591	4.5660
320	27	4.4619	4.8264
320	28	3.0097	4.9880
320	29	7.7952	8.1054
320	30	7.7264	7.5288
320	33	8.1345	9.5822
320	34	8.4756	9.4416
320	35	7.1884	8.3684
320	46	5.2797	10.3650
320	47	5.5742	10.6593
320	51	4.7422	10.4457
320	53	4.2794	11.0578
320	54	4.2068	10.7368
320	55	9.1506	9.0562
320	56	6.5533	5.0992
320	60	8.0004	9.1345
320	61	7.6205	9.4092
320	68	5.1633	11.8614
320	69	5.7667	7.7803
320	70	4.6824	11.2681
320	71	8.3822	8.5564
320	72	8.9027	8.5440
320	73	9.1201	3.7629
320	74	11.2167	4.4324
320	75	10.4033	7.4006
320	76	11.5213	7.3359
320	77	12.5549	7.1920
320	78	13.0112	6.7627
320	79	13.5495	5.9896
320	80	12.1142	8.5020
320	81	12.6102	8.0152
320	82	8.8391	8.7552
320	83	9.6919	8.3292
320	84	4.8407	3.3250
320	85	1.6553	3.8734
320	86	14.1843	7.6276
320	87	14.8721	6.5123
320	88	15.0903	6.1574
320	90	14.3428	8.0395
320	242	14.8513	8.4190
320	399	3.4474	13.1502
330	4	6.6027	10.3347
330	18	10.4012	6.7944
330	19	9.7058	6.3309
330	25	10.7939	3.0260
330	26	3.6636	4.4381
330	27	4.2362	4.5823
330	28	2.7150	4.8448
330	29	8.0608	7.9593
330	30	8.0151	7.4059
330	33	8.1324	9.5738
330	34	8.4796	9.4352
330	35	7.0735	8.1369
330	46	5.1183	10.4039
330	47	5.4344	10.7089
330	51	4.6854	10.5101
330	53	4.2034	11.0712
330	54	4.1321	10.7984
330	55	9.0409	9.1027
330	56	6.3632	5.0932
330	60	8.0040	9.1261
330	61	7.6616	9.3894
330	68	5.2063	11.8557
330	69	6.1245	7.5099
330	70	4.7212	11.2423
330	71	8.1301	8.6254
330	72	8.5779	8.6736
330	73	8.7928	3.6410
330	74	10.9183	4.3102
330	75	10.0832	7.5354
330	76	11.1732	7.2810
330	77	12.4002	7.2343
330	78	12.6729	6.5665
330	79	13.1779	5.8472
330	80	11.8603	8.5299
330	81	12.3735	8.0512
330	82	8.8259	8.7588
330	83	9.6393	8.5338
330	84	4.8407	3.8109
330	85	2.2762	3.8496
330	86	13.7293	7.5257
330	87	14.6528	6.3235
330	88	14.9451	6.0011
330	90	14.0525	8.0314
330	242	14.7555	8.3466
330	399	3.4110	13.2296
340	4	6.6145	10.5003
340	18	10.7127	6.7610
340	19	9.8178	6.3691
340	25	10.6039	3.1582
340	26	3.4683	4.3104
340	27	4.0089	4.3436
340	28	2.4203	4.7016
340	29	8.3315	7.8058
340	30	8.3037	7.2832
340	33	8.1305	9.5652
340	34	8.4838	9.4285
340	35	7.0668	7.8996
340	46	4.9567	10.4428
340	47	5.2993	10.7545
340	51	4.6256	10.5936
340	53	4.1636	11.1204
340	54	4.0620	10.8719
340	55	8.9128	9.0846
340	56	6.1734	5.0875
340	60	8.0078	9.1178
340	61	7.6839	9.3741
340	68	5.2490	11.8497
340	69	6.4823	7.2393
340	70	4.7601	11.2165
340	71	7.8701	8.7378
340	72	8.2532	8.8032
340	73	8.4636	3.5069
340	74	10.6194	4.1918
340	75	9.8428	7.7008
340	76	10.8257	7.2464
340	77	12.2453	7.2763
340	78	12.3122	6.3961
340	79	12.7700	5.7278
340	80	11.6065	8.5581
340	81	12.1445	8.1354
340	82	8.8128	8.7622
340	83	9.5724	8.6894
340	84	4.8390	4.2959
340	85	2.9278	3.7897
340	86	13.2694	7.4285
340	87	14.4318	6.1658
340	88	14.8001	5.8448
340	90	13.7623	8.0230
340	242	14.6492	8.2739
340	399	3.3744	13.3093
350	4	6.6261	10.6662
350	18	11.0284	6.7400
350	19	9.8923	6.3989
350	25	10.3322	3.1186
350	26	3.4260	4.3524
350	27	3.8164	4.1288
350	28	2.1257	4.5584
350	29	8.6019	7.6524
350	30	8.5924	7.1605
350	33	8.1284	9.5569
350	34	8.4878	9.4221
350	35	7.0872	7.6610
350	46	4.7952	10.4817
350	47	5.1640	10.7998
350	51	4.5610	10.7056
350	53	4.1329	11.1786
350	54	3.9919	10.9454
350	55	8.7770	9.0383
350	56	6.0214	5.0854
350	60	8.0116	9.1094
350	61	7.6879	9.3636
350	68	5.2917	11.8440
350	69	6.8401	6.9689
350	70	4.7990	11.1910
350	71	7.6102	8.8500
350	72	7.9284	8.9328
350	73	8.1330	3.3608
350	74	10.3195	4.1054
350	75	9.6557	7.8863
350	76	10.4826	7.3968
350	77	12.0906	7.3185
350	78	11.9515	6.2257
350	79	12.3623	5.6085
350	80	11.3527	8.5860
350	81	11.9155	8.2197
350	82	8.7998	8.7655
350	83	9.4958	8.8123
350	84	4.8220	4.7732
350	85	3.5922	3.7143
350	86	12.8020	7.3333
350	87	14.2089	6.0395
350	88	14.6555	5.6825
350	90	13.4856	8.0638
350	242	14.4461	8.1970
350	399	3.3380	13.3888
360	4	6.6073	10.7767
360	18	11.3441	6.7190
360	19	9.9668	6.4288
360	25	10.0602	3.0787
360	26	3.4493	4.4675
360	27	3.6762	3.9498
360	28	1.8521	4.4469
360	29	8.8726	7.4989
360	30	8.8618	7.0813
360	33	8.1263	9.5483
360	34	8.4921	9.4154
360	35	7.1076	7.4223
360	46	4.6443	10.5354
360	47	5.0286	10.8454
360	51	4.4966	10.8177
360	53	4.1020	11.2368
360	54	3.9216	11.0187
360	55	8.6413	8.9920
360	56	5.9583	5.0913
360	60	8.0151	9.1008
360	61	7.6919	9.3528
360	68	5.3344	11.8380
360	69	7.2425	6.7161
360	70	4.8378	11.1652
360	71	7.3503	8.9624
360	72	7.6323	9.0896
360	73	7.8022	3.2145
360	74	10.0194	4.0190
360	75	9.4686	8.0720
360	76	10.1398	7.5469
360	77	12.0399	7.4166
360	78	11.5270	6.1083
360	79	11.9544	5.4892
360	80	11.1115	8.5918
360	81	11.6863	8.3039
360	82	8.7867	8.7691
360	83	9.4194	8.9352
360	84	4.8049	5.2505
360	85	4.2415	3.8264
360	86	12.3046	7.2467
360	87	13.9860	5.9130
360	88	14.5177	5.4687
360	90	13.2225	8.1533
360	242	14.2432	8.1204
360	399	3.3016	13.4683
370	4	6.5754	10.8633
370	18	11.6678	6.7192
370	19	10.0413	6.4586
370	25	9.7399	2.9749
370	26	3.4727	4.5823
370	27	3.5358	3.7708
370	28	1.5785	4.3357
370	29	9.1336	7.4123
370	30	9.1264	7.0133
370	33	8.1244	9.5399
370	34	8.4963	9.4089
370	35	7.1788	7.1887
370	46	4.5040	10.6044
370	47	4.9154	10.8951
370	51	4.4322	10.9297
370	53	4.0712	11.2951
370	54	3.8574	11.0910
370	55	8.4653	8.8994
370	56	5.8951	5.0973
370	60	8.0189	9.0925
370	61	7.6959	9.3423
370	68	5.3774	11.8323
370	69	7.6449	6.4634
370	70	4.8767	11.1394
370	71	7.1520	9.1493
370	72	7.3644	9.2741
370	73	7.4715	3.0684
370	74	9.7195	3.9329
370	75	9.1658	8.1058
370	76	9.8182	7.6729
370	77	12.0150	7.5290
370	78	11.0599	6.0262
370	79	11.5796	5.4443
370	80	10.8733	8.5918
370	81	11.4893	8.3832
370	82	8.7737	8.7724
370	83	9.3099	9.0323
370	84	4.7879	5.7278
370	85	4.9055	3.9751
370	86	11.8071	7.1598
370	87	13.7657	5.7808
370	88	14.3798	5.2546
370	90	12.9602	8.2438
370	242	14.0079	8.0636
370	399	3.2833	13.5155
380	4	6.5436	10.9502
380	18	12.0032	6.7514
380	19	10.1160	6.4884
380	25	9.4198	2.8711
380	26	3.4967	4.5708
380	27	3.5617	3.7768
380	28	1.3049	4.2243
380	29	9.3851	7.3925
380	30	9.3910	6.9450
380	33	8.1223	9.5314
380	34	8.5003	9.4022
380	35	7.2716	6.9569
380	46	4.3636	10.6733
380	47	4.8119	10.9464
380	51	4.3678	11.0416
380	53	4.0390	11.3960
380	54	3.7938	11.1631
380	55	8.2626	8.7755
380	56	5.8320	5.1033
380	60	8.0227	9.0841
380	61	7.6999	9.3318
380	68	5.4201	11.8265
380	69	8.0471	6.2109
380	70	4.9417	11.0929
380	71	6.9607	9.3447
380	72	7.1623	9.4490
380	73	7.1409	2.9224
380	74	9.4194	3.8465
380	75	8.8501	8.1230
380	76	9.5288	7.7624
380	77	11.9904	7.6414
380	78	10.5929	5.9441
380	79	11.2047	5.3997
380	80	10.6352	8.5918
380	81	11.3060	8.4600
380	82	8.7604	8.7758
380	83	9.1237	9.0691
380	84	4.7424	6.1600
380	85	5.6127	4.0992
380	86	11.3129	7.3051
380	87	13.5685	5.5944
380	88	14.2213	5.0546
380	90	12.7060	8.3431
380	242	13.6966	8.0531
380	399	3.2833	13.5306
390	4	6.5114	11.0003
390	18	12.3389	6.7837
390	19	10.3282	6.4799
390	25	9.0420	2.7026
390	26	3.5209	4.5596
390	27	3.5878	3.7825
390	28	1.2251	4.1419
390	29	9.6364	7.3727
390	30	9.6603	6.8973
390	33	8.1202	9.5230
390	34	8.5045	9.3958
390	35	7.3644	6.7252
390	46	4.2234	10.7423
390	47	4.7083	10.9979
390	51	4.3198	11.1693
390	53	4.0060	11.5153
390	54	3.7305	11.2349
390	55	8.0600	8.6519
390	56	5.7752	5.1045
390	60	8.0263	9.0758
390	61	7.7039	9.3211
390	68	5.4628	11.8206
390	69	8.4365	5.8839
390	70	5.0680	10.9974
390	71	6.7694	9.5399
390	72	7.1137	9.6020
390	73	6.7787	2.7465
390	74	9.0942	3.7348
390	75	8.5331	8.1393
390	76	9.2394	7.8519
390	77	11.9212	7.7858
390	78	10.1417	5.9140
390	79	10.8297	5.3548
390	80	10.3970	8.5918
390	81	11.1227	8.5371
390	82	8.7474	8.7793
390	83	8.9374	9.1058
390	84	4.6549	6.5247
390	85	6.3198	4.2233
390	86	10.8187	7.4502
390	87	13.3711	5.4078
390	88	13.9810	4.9095
390	90	12.4517	8.4426
390	242	13.3856	8.0428
390	399	3.2833	13.5454
400	4	6.4792	10.9958
400	18	12.6746	6.8159
400	19	10.5557	6.4670
400	25	8.6396	2.5059
400	26	3.5449	4.5481
400	27	3.6137	3.7885
400	28	1.1451	4.0596
400	29	9.8879	7.3526
400	30	9.9409	6.8973
400	33	8.1183	9.5144
400	34	8.5085	9.3894
400	35	7.4749	6.4825
400	46	4.0830	10.8113
400	47	4.6046	11.0492
400	51	4.2882	11.3125
400	53	3.9732	11.6347
400	54	3.6669	11.3070
400	55	7.7702	8.7304
400	56	5.7331	5.0949
400	60	8.0301	9.0674
400	61	7.7079	9.3106
400	68	5.5056	11.8149
400	69	8.8168	5.5076
400	70	5.1943	10.9020
400	71	6.6877	9.7497
400	72	7.0651	9.7550
400	73	6.3956	2.5508
400	74	8.7309	3.5851
400	75	8.2058	8.1481
400	76	8.9496	7.9321
400	77	11.7854	7.9782
400	78	9.7136	5.9617
400	79	10.4965	5.3078
400	80	10.1865	8.4724
400	81	10.9074	8.5619
400	82	8.7343	8.7827
400	83	8.7406	9.0731
400	84	4.5671	6.8894
400	85	7.0015	4.3197
400	86	10.3157	7.5927
400	87	13.1739	5.2214
400	88	13.7404	4.7646
400	90	12.2752	8.5593
400	242	13.0648	8.1223
400	399	3.2833	13.5604
410	4	6.4468	10.9912
410	18	12.9678	6.9071
410	19	10.7832	6.4541
410	25	8.2372	2.3093
410	26	3.5689	4.5369
410	27	3.6398	3.7945
410	28	1.0841	3.9890
410	29	10.1438	7.3507
410	30	10.2217	6.8973
410	33	8.1162	9.5061
410	34	8.5127	9.3827
410	35	7.6260	6.2140
410	46	4.0113	10.9218
410	47	4.5010	11.1005
410	51	4.2567	11.4557
410	53	3.9382	11.7571
410	54	3.6034	11.3791
410	55	7.4707	8.8314
410	56	5.6910	5.0854
410	60	8.0337	9.0588
410	61	7.7119	9.3001
410	68	5.5872	11.8518
410	69	9.1973	5.1312
410	70	5.3010	10.8187
410	71	6.6793	9.9693
410	72	7.0165	9.9080
410	73	6.0126	2.3551
410	74	8.3679	3.4353
410	75	7.8783	8.1569
410	76	8.6581	7.9748
410	77	11.6497	8.1705
410	78	9.2857	6.0095
410	79	10.1739	5.2601
410	80	9.9760	8.3531
410	81	10.6706	8.5519
410	82	8.5876	8.7321
410	83	8.5394	9.0111
410	84	4.4793	7.2538
410	85	7.6767	4.4092
410	86	9.8087	7.7338
410	87	12.9598	5.0706
410	88	13.5034	4.6140
410	90	12.1321	8.6834
410	242	12.7441	8.2020
410	399	3.2833	13.5752
420	4	6.4143	10.9867
420	18	13.2431	7.0233
420	19	11.0197	6.4438
420	25	7.8392	2.1160
420	26	3.5928	4.5255
420	27	3.6657	3.8002
420	28	1.1925	4.0231
420	29	10.4003	7.3507
420	30	10.5022	6.8973
420	33	8.1141	9.4975
420	34	8.5169	9.3762
420	35	7.7773	5.9455
420	46	3.9393	11.0325
420	47	4.3975	11.1521
420	51	4.2251	11.5989
420	53	3.9014	11.8824
420	54	3.5413	11.5022
420	55	7.2150	8.9543
420	56	5.6489	5.0758
420	60	8.0375	9.0505
420	61	7.7159	9.2894
420	68	5.6783	11.8996
420	69	9.5762	4.6947
420	70	5.3624	10.7640
420	71	6.6823	10.1867
420	72	7.0255	10.0707
420	73	5.6295	2.1594
420	74	8.0046	3.2856
420	75	7.5767	8.2039
420	76	8.3668	8.0178
420	77	11.4828	8.3252
420	78	8.8469	6.0505
420	79	9.8512	5.2123
420	80	9.8146	8.3531
420	81	10.4485	8.5094
420	82	8.4409	8.6815
420	83	8.3378	8.9431
420	84	4.3754	7.6261
420	85	8.2938	4.5018
420	86	9.2647	7.7946
420	87	12.7439	4.9238
420	88	13.2719	4.4551
420	90	12.0005	8.8080
420	242	12.4911	8.2457
420	399	3.2833	13.5902
430	4	6.3819	10.9819
430	18	13.5184	7.1395
430	19	11.2917	6.4438
430	25	7.4511	1.9293
430	26	3.6171	4.5140
430	27	3.6918	3.8061
430	28	1.3007	4.0572
430	29	10.6567	7.3507
430	30	10.7828	6.8973
430	33	8.1122	9.4891
430	34	8.5209	9.3695
430	35	7.9297	5.6765
430	46	3.8675	11.1430
430	47	4.2830	11.2211
430	51	4.1544	11.7120
430	53	3.8646	12.0077
430	54	3.4805	11.6592
430	55	7.0611	9.1287
430	56	5.6068	5.0663
430	60	8.0412	9.0421
430	61	7.7199	9.2789
430	68	5.7695	11.9473
430	69	9.9550	4.2584
430	70	5.4239	10.7094
430	71	6.7875	10.3858
430	72	7.1205	10.2478
430	73	5.2465	1.9637
430	74	7.6416	3.1358
430	75	7.3137	8.3085
430	76	8.0753	8.0605
430	77	11.2433	8.3910
430	78	8.3921	6.0813
430	79	9.4779	5.2601
430	80	9.6534	8.3531
430	81	10.2861	8.3357
430	82	8.2942	8.6309
430	83	8.1357	8.8667
430	84	4.2674	8.0004
430	85	8.8240	4.5990
430	86	8.6838	7.7755
430	87	12.5281	4.7768
430	88	13.0404	4.2959
430	90	11.9151	8.9349
430	242	12.2455	8.2856
430	399	3.2833	13.6050
440	4	6.2999	10.9848
440	18	13.7935	7.2560
440	19	11.5638	6.4438
440	25	7.0630	1.7429
440	26	3.6410	4.5028
440	27	3.7177	3.8121
440	28	1.4089	4.0913
440	29	10.9290	7.3758
440	30	11.0839	6.9147
440	33	8.1101	9.4805
440	34	8.5251	9.3631
440	35	8.0915	5.4011
440	46	3.7955	11.2538
440	47	4.1251	11.3602
440	51	4.0445	11.7950
440	53	3.8277	12.1330
440	54	3.4194	11.8163
440	55	6.9073	9.3032
440	56	5.5352	5.0787
440	60	8.0448	9.0338
440	61	7.7239	9.2684
440	68	5.8152	12.0600
440	69	10.3338	3.8219
440	70	5.4851	10.6547
440	71	6.8927	10.5846
440	72	7.2156	10.4249
440	73	4.8074	1.7988
440	74	7.2741	2.9639
440	75	7.0506	8.4128
440	76	7.7668	8.1049
440	77	11.0037	8.4567
440	78	7.9373	6.1121
440	79	9.0921	5.3317
440	80	9.4920	8.3531
440	81	10.1234	8.1622
440	82	8.0979	8.5984
440	83	7.9337	8.7903
440	84	4.1592	8.3743
440	85	9.3539	4.6963
440	86	8.1029	7.7564
440	87	12.3122	4.6300
440	88	12.8049	4.1555
440	90	11.8294	9.0617
440	242	11.9965	8.3579
440	399	3.2833	13.6201
450	4	6.0193	11.0165
450	18	13.9669	7.3307
450	19	11.8359	6.4438
450	25	6.6800	1.5651
450	26	3.6650	4.4913
450	27	3.7438	3.8181
450	28	1.5854	4.0770
450	29	11.2079	7.4116
450	30	11.3900	6.9364
450	33	8.1080	9.4722
450	34	8.5291	9.3564
450	35	8.2534	5.1257
450	46	3.6979	11.3301
450	47	3.9673	11.4993
450	51	3.9349	11.8781
450	53	3.7703	12.2432
450	54	3.3586	11.9731
450	55	6.8612	9.4822
450	56	5.3949	5.1424
450	60	8.0486	9.0252
450	61	7.7279	9.2579
450	68	5.8492	12.1891
450	69	10.6967	3.3546
450	70	5.5466	10.6001
450	71	6.9733	10.7500
450	72	7.2968	10.5965
450	73	4.3312	1.6544
450	74	6.8972	2.7401
450	75	6.8024	8.5342
450	76	7.4181	8.1526
450	77	10.7617	8.4445
450	78	7.4881	6.1211
450	79	8.7063	5.4033
450	80	9.3032	8.3366
450	81	9.9209	8.0245
450	82	7.8800	8.5736
450	83	7.6159	8.9259
450	84	4.0569	8.7397
450	85	9.9097	4.8154
450	86	7.5052	7.8137
450	87	12.1308	4.5560
450	88	12.5635	4.0431
450	90	11.7440	9.1884
450	242	11.7440	8.4629
450	399	3.2875	13.6198
460	4	5.7388	11.0483
460	18	14.1148	7.3951
460	19	12.1032	6.4515
460	25	6.3405	1.4651
460	26	3.6892	4.4799
460	27	3.7364	3.8298
460	28	1.8077	4.0307
460	29	11.4868	7.4474
460	30	11.6962	6.9581
460	33	8.1061	9.4636
460	34	8.5333	9.3500
460	35	8.4154	4.8503
460	46	3.5971	11.4027
460	47	3.8094	11.6387
460	51	3.8250	11.9609
460	53	3.6922	12.3387
460	54	3.2572	12.1170
460	55	6.8612	9.6633
460	56	5.2547	5.2059
460	60	8.0522	9.0168
460	61	7.7319	9.2471
460	68	5.8833	12.3182
460	69	11.0433	2.8563
460	70	5.5996	10.4896
460	71	7.0436	10.9013
460	72	7.3459	10.7557
460	73	3.8549	1.5098
460	74	6.5200	2.5164
460	75	6.6137	8.7235
460	76	7.0693	8.2004
460	77	10.5163	8.3154
460	78	7.0527	6.0801
460	79	8.2814	5.4238
460	80	9.1146	8.3202
460	81	9.7186	7.8868
460	82	7.6624	8.5490
460	83	7.2850	9.0851
460	84	4.0056	9.0249
460	85	10.4763	4.9438
460	86	6.9075	7.8710
460	87	11.9494	4.4818
460	88	12.3221	3.9310
460	90	11.6612	9.3929
460	242	11.4914	8.5679
460	399	3.2961	13.6046
470	4	5.4473	11.0920
470	18	14.2628	7.4598
470	19	12.3295	6.5290
470	25	6.0010	1.3649
470	26	3.7132	4.4687
470	27	3.7257	3.8419
470	28	2.0297	3.9842
470	29	11.7656	7.4832
470	30	12.0022	6.9796
470	33	8.1040	9.4552
470	34	8.5375	9.3433
470	35	8.5969	4.5584
470	46	3.4965	11.4755
470	47	3.6516	11.7779
470	51	3.7151	12.0440
470	53	3.6139	12.4342
470	54	3.1458	12.2573
470	55	6.8612	9.8442
470	56	5.1516	5.2560
470	60	8.0560	9.0085
470	61	7.7359	9.2366
470	68	5.9164	12.4435
470	69	11.3900	2.3577
470	70	5.6443	10.3232
470	71	7.1137	11.0523
470	72	7.3951	10.9146
470	73	3.3786	1.3654
470	74	6.1428	2.2926
470	75	6.4251	8.9128
470	76	6.7204	8.2481
470	77	10.2707	8.1860
470	78	6.6172	6.0388
470	79	7.8470	5.4314
470	80	8.9250	8.3061
470	81	9.4956	7.8042
470	82	7.4987	8.5932
470	83	7.1287	9.2736
470	84	3.9542	9.3101
470	85	11.0540	5.0675
470	86	6.3323	8.0190
470	87	11.7583	4.4095
470	88	12.0807	3.8186
470	90	11.5785	9.5975
470	242	11.1948	8.6221
470	399	3.3047	13.5893
480	4	5.1130	11.1834
480	18	14.3973	7.5183
480	19	12.5557	6.6066
480	25	5.6615	1.2649
480	26	3.7183	4.4622
480	27	3.7147	3.8544
480	28	2.2520	3.9379
480	29	12.0176	7.5218
480	30	12.2874	7.0209
480	33	8.1593	9.3657
480	34	8.5415	9.3368
480	35	8.8568	4.2004
480	46	3.3959	11.5480
480	47	3.4664	11.8876
480	51	3.5202	12.1137
480	53	3.5358	12.5296
480	54	3.0345	12.3977
480	55	6.9138	10.0118
480	56	5.1358	5.2739
480	60	8.0598	9.0001
480	61	7.7399	9.2261
480	68	5.9385	12.5378
480	69	11.7349	1.8479
480	70	5.6889	10.1569
480	71	7.1571	11.1838
480	72	7.4282	11.0504
480	73	2.9385	1.2682
480	74	5.7659	2.0689
480	75	6.2712	9.0970
480	76	6.4417	8.4089
480	77	10.0428	7.9970
480	78	6.2039	6.0018
480	79	7.4124	5.4391
480	80	8.7269	8.3130
480	81	9.2415	7.8042
480	82	7.3482	8.6545
480	83	7.0161	9.4698
480	84	3.9029	9.5953
480	85	11.7322	5.1472
480	86	5.7798	8.2576
480	87	11.4796	4.3534
480	88	11.8757	3.7431
480	90	11.5124	9.7929
480	242	10.8983	8.6765
480	399	3.3131	13.5740
490	4	4.7788	11.2745
490	18	14.4127	7.5218
490	19	12.7820	6.6844
490	25	5.2852	1.0986
490	26	3.7042	4.4606
490	27	3.7038	3.8668
490	28	2.5435	3.8828
490	29	12.2581	7.5615
490	30	12.5408	7.0915
490	33	8.2721	9.1953
490	34	8.5649	9.3015
490	35	9.1169	3.8424
490	46	3.2649	11.6187
490	47	3.2401	11.9533
490	51	3.3157	12.1819
490	53	3.4108	12.6416
490	54	2.9303	12.5284
490	55	6.9794	10.1760
490	56	5.1200	5.2918
490	60	8.1162	8.8827
490	61	7.7439	9.2154
490	68	5.9606	12.6320
490	69	12.0645	1.2355
490	70	5.7162	9.9855
490	71	7.1891	11.3067
490	72	7.4235	11.1318
490	73	2.5075	1.1830
490	74	5.3669	1.9069
490	75	6.1986	9.2698
490	76	6.1805	8.5984
490	77	9.8146	7.8082
490	78	5.8238	5.9710
490	79	7.0180	5.4646
490	80	8.5289	8.3202
490	81	8.9875	7.8042
490	82	7.1979	8.7159
490	83	6.9033	9.6657
490	84	3.8515	9.8805
490	85	12.3585	5.2314
490	86	5.4510	8.5082
490	87	11.2012	4.2973
490	88	11.6709	3.6677
490	90	11.5124	9.9521
490	242	10.7478	8.7987
490	399	3.3218	13.5587
500	4	4.4446	11.3659
500	18	14.4278	7.5257
500	19	12.9994	6.7612
500	25	4.9089	0.9322
500	26	3.6901	4.4589
500	27	3.6928	3.8792
500	28	2.8348	3.8276
500	29	12.4987	7.6013
500	30	12.7944	7.1619
500	33	8.3847	9.0247
500	34	8.6644	9.1507
500	35	9.3769	3.4844
500	46	3.0633	11.6848
500	47	3.0139	12.0189
500	51	3.1113	12.2502
500	53	3.2858	12.7535
500	54	2.8373	12.6452
500	55	7.0453	10.3399
500	56	5.1042	5.3097
500	60	8.1951	8.7185
500	61	7.7927	9.1044
500	68	5.9827	12.7263
500	69	12.3943	0.6229
500	70	5.6741	9.7946
500	71	7.2208	11.4297
500	72	7.4191	11.2130
500	73	2.0767	1.0978
500	74	4.9459	1.8067
500	75	6.1260	9.4428
500	76	5.9191	8.7877
500	77	9.5642	7.6455
500	78	5.4437	5.9402
500	79	6.6406	5.4973
500	80	8.3306	8.3271
500	81	8.7141	7.8297
500	82	7.0499	8.7865
500	83	6.9178	9.8385
500	84	3.8237	10.1318
500	85	12.8636	5.3269
500	86	5.1541	8.7727
500	87	10.9225	4.2412
500	88	11.4659	3.5925
500	90	11.5124	10.1113
500	242	10.6337	8.9378
500	399	3.3304	13.5435
510	4	4.2472	11.5225
510	18	14.4432	7.5292
510	19	13.1366	6.8340
510	25	4.5326	0.7659
510	26	3.6762	4.4574
510	27	3.6819	3.8916
510	28	3.0517	3.7844
510	29	12.7392	7.6412
510	30	13.0478	7.2326
510	33	8.5476	8.8223
510	34	8.7642	9.0001
510	35	9.6763	3.1883
510	46	2.8619	11.7507
510	47	2.7876	12.0845
510	51	2.8977	12.3296
510	53	3.1610	12.8652
510	54	2.7445	12.7616
510	55	7.0897	10.4908
510	56	5.0884	5.3276
510	60	8.2740	8.5545
510	61	7.8605	8.9505
510	68	6.0050	12.8203
510	69	12.7241	0.0103
510	70	5.6537	9.5967
510	71	7.2528	11.5526
510	72	7.4147	11.2941
510	73	1.6456	1.0126
510	74	4.5250	1.7064
510	75	6.0824	9.5920
510	76	5.6834	8.9753
510	77	9.2990	7.5001
510	78	5.0663	5.8787
510	79	6.2632	5.5302
510	80	8.0579	8.2832
510	81	8.4209	7.8808
510	82	6.9073	8.8789
510	83	6.9323	10.0113
510	84	3.7962	10.3829
510	85	13.3687	5.4224
510	86	4.9215	9.1495
510	87	10.6832	4.1909
510	88	11.2369	3.5162
510	90	11.5049	10.2631
510	242	10.5454	9.0987
510	399	3.3390	13.5282