2480	108	7.9752	5.8391
2480	116	6.1416	12.2537
2480	123	7.4865	10.0660
2480	125	8.8212	4.2152
2480	126	8.9612	3.7799
2480	127	8.5960	2.7420
2480	128	1.0313	1.3484
2480	129	0.6539	0.5282
2480	166	7.5071	5.8314
2480	168	8.5009	5.6231
2480	177	8.1614	6.4078
2480	178	8.8408	6.6830
2480	190	8.6886	6.1949
2480	198	10.5576	6.4479
2480	255	6.3264	5.9259
2480	269	9.5366	6.8887
2480	276	14.4619	6.5488
2480	277	13.7665	4.0651
2480	280	4.2842	10.8165
2480	281	4.3377	10.3760
2480	282	14.1384	4.4054
2480	284	10.6803	4.7768
2480	285	10.9288	5.1486
2480	286	14.8746	7.5238
2480	287	14.1542	9.4311
2480	371	6.7683	3.9491
2480	372	7.0641	4.5405
2480	375	4.1251	11.7659
2480	376	3.7690	12.1001
2480	377	4.9958	9.3882
2480	378	7.1413	9.1612
2480	379	1.5995	13.3315
2480	380	1.3270	13.0786
2480	381	8.6116	8.7975
2480	383	6.8866	11.3373
2480	399	5.1408	12.0523
2480	408	6.8574	13.2153
2490	108	7.9709	5.8386
2490	116	6.1397	12.2473
2490	123	7.2943	10.2039
2490	125	9.1807	4.1854
2490	126	9.3992	3.8057
2490	127	8.9772	2.8128
2490	128	1.2417	1.4081
2490	129	0.8968	0.6324
2490	166	7.5052	5.8307
2490	168	8.5110	5.6307
2490	177	8.1543	6.4154
2490	178	8.8374	6.6892
2490	190	8.6872	6.2040
2490	198	10.3402	6.6467
2490	255	6.3249	5.9207
2490	269	9.3430	7.0701
2490	276	14.4554	6.5462
2490	277	13.7638	4.0637
2490	280	4.1516	10.9316
2490	281	4.1883	10.4932
2490	282	14.1315	4.4085
2490	284	10.2675	4.7403
2490	285	10.5569	5.0930
2490	286	15.0325	7.4880
2490	287	14.1475	9.4022
2490	371	7.0407	3.7665
2490	372	7.3387	4.3615
2490	375	4.2017	11.6791
2490	376	3.8435	12.0404
2490	377	5.2837	9.2373
2490	378	7.3696	9.1175
2490	379	1.7574	13.2241
2490	380	1.4987	12.9592
2490	381	8.2433	8.7786
2490	383	6.8033	11.3418
2490	399	5.1324	12.0523
2490	408	6.8976	13.1046
2500	108	7.9665	5.8383
2500	116	6.1378	12.2406
2500	123	7.2057	10.3359
2500	125	9.5402	4.1555
2500	126	9.8083	3.8801
2500	127	9.3583	2.8840
2500	128	1.4522	1.4678
2500	129	1.1447	0.7518
2500	166	7.5035	5.8300
2500	168	8.5213	5.6383
2500	177	8.1471	6.4228
2500	178	8.8341	6.6954
2500	190	8.6857	6.2133
2500	198	10.1179	6.8495
2500	255	6.3236	5.9154
2500	269	9.0921	7.1717
2500	276	14.4486	6.5436
2500	277	13.7611	4.0625
2500	280	4.0588	11.0528
2500	281	4.0199	10.6204
2500	282	14.1247	4.4114
2500	284	9.8742	4.7209
2500	285	10.1796	5.0500
2500	286	15.0762	7.4882
2500	287	14.1407	9.3731
2500	371	7.3497	3.6100
2500	372	7.6479	4.2169
2500	375	4.2228	11.5425
2500	376	3.9182	11.9807
2500	377	5.5843	9.1096
2500	378	7.5868	9.0715
2500	379	1.9152	13.1167
2500	380	1.6705	12.8399
2500	381	7.9099	8.7688
2500	383	6.7197	11.3464
2500	399	5.1240	12.0523
2500	408	6.9378	12.9938
2510	108	7.9623	5.8379
2510	116	6.1359	12.2339
2510	123	7.1171	10.4679
2510	125	9.8350	4.2171
2510	126	10.1886	4.0033
2510	127	9.7395	2.9548
2510	128	1.7258	1.4976
2510	129	1.4093	0.8601
2510	166	7.5018	5.8293
2510	168	8.5316	5.6462
2510	177	8.1399	6.4304
2510	178	8.8307	6.7018
2510	190	8.6840	6.2223
2510	198	9.8521	7.0882
2510	255	6.3222	5.9099
2510	269	8.8349	7.2646
2510	276	14.4419	6.5409
2510	277	13.7585	4.0610
2510	280	3.9759	11.1757
2510	281	3.8515	10.7476
2510	282	14.1178	4.4145
2510	284	9.4941	4.7131
2510	285	9.7936	5.0262
2510	286	15.0062	7.5247
2510	287	14.1340	9.3440
2510	371	7.6954	3.4794
2510	372	7.9611	4.0761
2510	375	4.2379	11.4005
2510	376	3.9915	11.9096
2510	377	5.9351	9.0734
2510	378	7.8043	9.0252
2510	379	2.0790	13.0101
2510	380	1.8426	12.7683
2510	381	7.5767	8.7588
2510	383	6.6364	11.3507
2510	399	5.1156	12.0523
2510	408	6.9780	12.8833
2520	108	7.9579	5.8374
2520	116	6.1338	12.2273
2520	123	7.0285	10.5996
2520	125	10.1227	4.2887
2520	126	10.5687	4.1264
2520	127	10.1181	3.1384
2520	128	2.0152	1.5200
2520	129	1.8218	0.8697
2520	166	7.5001	5.8285
2520	168	8.5417	5.6539
2520	177	8.1328	6.4378
2520	178	8.8273	6.7080
2520	190	8.6825	6.2316
2520	198	9.6037	7.3214
2520	255	6.3207	5.9047
2520	269	8.5777	7.3574
2520	276	14.3903	6.4729
2520	277	13.7558	4.0598
2520	280	3.8930	11.2986
2520	281	3.7048	10.8896
2520	282	14.1108	4.4176
2520	284	9.1138	4.7054
2520	285	9.4078	5.0023
2520	286	14.9361	7.5612
2520	287	14.1273	9.3149
2520	371	8.0412	3.3486
2520	372	8.2740	3.9355
2520	375	4.2529	11.2585
2520	376	4.0601	11.7931
2520	377	6.2860	9.0373
2520	378	8.0297	8.9791
2520	379	2.2667	12.9062
2520	380	2.0148	12.7086
2520	381	7.3663	8.7111
2520	383	6.5530	11.3552
2520	399	5.1074	12.0523
2520	408	7.0180	12.7726
2530	108	7.9535	5.8371
2530	116	6.1319	12.2208
2530	123	6.9506	10.7218
2530	125	10.4102	4.3603
2530	126	10.8665	4.2596
2530	127	10.4953	3.3968
2530	128	2.3046	1.5422
2530	129	2.2343	0.8792
2530	166	7.4985	5.8278
2530	168	8.5501	5.6844
2530	177	8.1256	6.4455
2530	178	8.8240	6.7142
2530	190	8.6811	6.2407
2530	198	9.4257	7.5326
2530	255	6.3194	5.8994
2530	269	8.3252	7.4686
2530	276	14.2714	6.3068
2530	277	13.7531	4.0584
2530	280	3.7909	11.4289
2530	281	3.5798	11.0461
2530	282	14.1039	4.4207
2530	284	8.7093	4.6663
2530	285	9.0111	4.9660
2530	286	14.8658	7.5977
2530	287	14.1205	9.2858
2530	371	8.3870	3.2179
2530	372	8.5870	3.7947
2530	375	4.2680	11.1165
2530	376	4.1285	11.6767
2530	377	6.6366	9.0011
2530	378	8.2673	8.9328
2530	379	2.4542	12.8024
2530	380	2.1869	12.6490
2530	381	7.1558	8.6634
2530	383	6.4697	11.3597
2530	399	5.0989	12.0523
2530	408	7.0582	12.6621
2540	108	7.9493	5.8367
2540	116	6.1300	12.2141
2540	123	6.8980	10.8213
2540	125	10.5780	4.4964
2540	126	11.0408	4.4078
2540	127	10.8358	3.6589
2540	128	2.6773	1.5661
2540	129	2.6184	0.8830
2540	166	7.4966	5.8271
2540	168	8.5577	5.7247
2540	177	8.1185	6.4531
2540	178	8.8206	6.7204
2540	190	8.6796	6.2500
2540	198	9.2474	7.7436
2540	255	6.3180	5.8939
2540	269	8.0838	7.6230
2540	276	14.1586	6.1426
2540	277	13.7503	4.0572
2540	280	3.6697	11.5664
2540	281	3.4550	11.2029
2540	282	14.0972	4.4236
2540	284	8.2805	4.5956
2540	285	8.5983	4.9109
2540	286	14.7957	7.6342
2540	287	14.1138	9.2569
2540	371	8.7093	3.1167
2540	372	8.8553	3.6964
2540	375	4.3215	10.9531
2540	376	4.1971	11.5600
2540	377	6.7980	8.9975
2540	378	8.5049	8.8865
2540	379	2.6418	12.6988
2540	380	2.3591	12.5893
2540	381	7.1024	8.6715
2540	383	6.2826	11.4153
2540	399	5.0905	12.0523
2540	408	7.0984	12.5514
2550	108	7.9448	5.8362
2550	116	6.1281	12.2074
2550	123	6.8454	10.9206
2550	125	10.7322	4.6395
2550	126	11.2148	4.5560
2550	127	11.0301	3.9343
2550	128	3.1054	1.5909
2550	129	2.9836	0.8830
2550	166	7.4949	5.8264
2550	168	8.5655	5.7648
2550	177	8.1113	6.4605
2550	178	8.8172	6.7266
2550	190	8.6781	6.2593
2550	198	9.1062	7.9817
2550	255	6.3165	5.8887
2550	269	7.8424	7.7774
2550	276	14.1020	5.9959
2550	277	13.7476	4.0558
2550	280	3.5487	11.7036
2550	281	3.3104	11.3519
2550	282	14.0902	4.4267
2550	284	7.8518	4.5248
2550	285	8.1854	4.8558
2550	286	14.7256	7.6705
2550	287	14.1071	9.2278
2550	371	8.9765	3.0844
2550	372	9.1235	3.5980
2550	375	4.3918	10.7807
2550	376	4.2655	11.4435
2550	377	6.9384	8.9975
2550	378	8.7322	8.8352
2550	379	2.8293	12.5950
2550	380	2.5138	12.5375
2550	381	7.0489	8.6796
2550	383	6.0843	11.4769
2550	399	5.0821	12.0523
2550	408	7.1386	12.4406
2560	108	7.9406	5.8357
2560	116	6.1260	12.2008
2560	123	6.7928	11.0201
2560	125	10.8867	4.7827
2560	126	11.3098	4.7052
2560	127	11.2243	4.2095
2560	128	3.5337	1.6155
2560	129	3.3489	0.8830
2560	166	7.4932	5.8257
2560	168	8.5731	5.8052
2560	177	8.1042	6.4682
2560	178	8.8136	6.7331
2560	190	8.6764	6.2684
2560	198	8.9892	8.2383
2560	255	6.3152	5.8834
2560	269	7.6009	7.9319
2560	276	14.0454	5.8491
2560	277	13.7448	4.0546
2560	280	3.4081	11.8359
2560	281	3.1204	11.4826
2560	282	14.0833	4.4298
2560	284	7.3795	4.3904
2560	285	7.7369	4.8281
2560	286	14.6553	7.7070
2560	287	14.1003	9.1987
2560	371	9.2440	3.0522
2560	372	9.3918	3.4999
2560	375	4.4619	10.6084
2560	376	4.2409	11.2989
2560	377	7.0786	8.9975
2560	378	8.9357	8.7715
2560	379	2.9991	12.5043
2560	380	2.6426	12.4979
2560	381	6.9952	8.6877
2560	383	5.8859	11.5382
2560	399	5.0739	12.0523
2560	408	7.1788	12.3301
2570	108	7.9362	5.8355
2570	116	6.1321	12.1903
2570	123	6.7831	11.0569
2570	125	10.8733	4.8952
2570	126	11.3253	4.8553
2570	127	11.3060	4.4360
2570	128	3.9711	1.5852
2570	129	3.7181	0.8776
2570	166	7.4915	5.8250
2570	168	8.5807	5.8455
2570	177	8.0970	6.4758
2570	178	8.8103	6.7393
2570	190	8.6750	6.2777
2570	198	8.8724	8.4946
2570	255	6.3137	5.8782
2570	269	7.3387	8.0211
2570	276	13.9298	5.7181
2570	277	13.7421	4.0532
2570	280	3.1907	11.9473
2570	281	2.9303	11.6134
2570	282	14.0765	4.4326
2570	284	6.8963	4.2403
2570	285	7.2794	4.8073
2570	286	14.5899	7.7264
2570	287	14.0934	9.1695
2570	371	9.5113	3.0200
2570	372	9.6599	3.4016
2570	375	4.5467	10.4488
2570	376	4.2057	11.1511
2570	377	7.2190	8.9975
2570	378	9.1390	8.7080
2570	379	3.1570	12.4222
2570	380	2.7712	12.4580
2570	381	6.9418	8.6958
2570	383	5.6805	11.6029
2570	399	5.0655	12.0523
2570	408	7.2190	12.2194
2580	108	7.9320	5.8350
2580	116	6.1704	12.1643
2580	123	6.7917	11.0667
2580	125	10.8413	5.0040
2580	126	11.3409	5.0057
2580	127	11.3125	4.6300
2580	128	4.4124	1.5312
2580	129	4.1028	0.8503
2580	166	7.4898	5.8243
2580	168	8.5882	5.8856
2580	177	8.0896	6.4832
2580	178	8.8069	6.7455
2580	190	8.6735	6.2868
2580	198	8.8345	8.6237
2580	255	6.3123	5.8727
2580	269	7.0739	8.1027
2580	276	13.7558	5.6028
2580	277	13.7394	4.0520
2580	280	2.9732	12.0588
2580	281	2.7306	11.7371
2580	282	14.0696	4.4357
2580	284	6.4091	4.0952
2580	285	6.7972	4.7484
2580	286	14.5354	7.7058
2580	287	14.0866	9.1404
2580	371	9.7155	2.9026
2580	372	9.9283	3.3033
2580	375	4.7637	10.4041
2580	376	4.1708	11.0034
2580	377	7.5942	9.0182
2580	378	9.3404	8.6634
2580	379	3.3148	12.3401
2580	380	2.8998	12.4182
2580	381	6.8883	8.7037
2580	383	5.4649	11.6729
2580	399	5.0571	12.0523
2580	408	7.2530	12.0838
2590	108	7.9276	5.8345
2590	116	6.2087	12.1382
2590	123	6.8005	11.0767
2590	125	10.8093	5.1130
2590	126	11.2896	5.1873
2590	127	11.3190	4.8238
2590	128	4.8535	1.4773
2590	129	4.4877	0.8231
2590	166	7.4879	5.8235
2590	168	8.5958	5.9259
2590	177	8.0825	6.4908
2590	178	8.8035	6.7517
2590	190	8.6720	6.2961
2590	198	8.8054	8.7390
2590	255	6.3110	5.8675
2590	269	6.8094	8.1846
2590	276	13.5815	5.4875
2590	277	13.7368	4.0505
2590	280	2.7558	12.1695
2590	281	2.4923	11.8313
2590	282	14.0626	4.4388
2590	284	5.8865	3.9964
2590	285	6.2906	4.6512
2590	286	14.4808	7.6851
2590	287	14.0799	9.1116
2590	371	9.8773	2.7281
2590	372	10.1499	3.2568
2590	375	4.9809	10.3593
2590	376	4.1356	10.8557
2590	377	7.9693	9.0390
2590	378	9.5368	8.6634
2590	379	3.4584	12.2418
2590	380	3.0168	12.3339
2590	381	6.8043	8.7247
2590	383	5.2492	11.7425
2590	399	5.0486	12.0523
2590	408	7.2871	11.9485
2600	108	7.9234	5.8343
2600	116	6.2470	12.1122
2600	123	6.8092	11.0865
2600	125	10.7773	5.2219
2600	126	11.2216	5.3768
2600	127	11.3106	5.0102
2600	128	5.1947	1.4124
2600	129	4.8725	0.7957
2600	166	7.4862	5.8228
2600	168	8.6034	5.9663
2600	177	8.0705	6.5130
2600	178	8.8002	6.7581
2600	190	8.6522	6.3297
2600	198	8.7764	8.8543
2600	255	6.3095	5.8622
2600	269	6.5716	8.2844
2600	276	13.4127	5.3648
2600	277	13.7341	4.0493
2600	280	2.5391	12.2779
2600	281	2.2543	11.9254
2600	282	14.0557	4.4419
2600	284	5.3639	3.8976
2600	285	5.7838	4.5539
2600	286	14.4261	7.6646
2600	287	14.0732	9.0824
2600	371	10.0392	2.5537
2600	372	10.3662	3.2157
2600	375	5.1979	10.3146
2600	376	4.2322	10.7201
2600	377	8.3765	9.0631
2600	378	9.7334	8.6634
2600	379	3.5806	12.1184
2600	380	3.1311	12.2385
2600	381	6.4476	8.8595
2600	383	5.0337	11.8125
2600	399	5.0404	12.0523
2600	408	7.3212	11.8129
2610	108	7.9190	5.8338
2610	116	6.2853	12.0862
2610	123	6.8180	11.0965
2610	125	10.7003	5.3500
2610	126	11.1534	5.5665
2610	127	11.2799	5.1846
2610	128	5.4689	1.3401
2610	129	5.2498	0.7040
2610	166	7.4846	5.8221
2610	168	8.6026	6.0037
2610	177	8.0579	6.5369
2610	178	8.7968	6.7643
2610	190	8.6143	6.3877
2610	198	8.5996	8.9211
2610	255	6.3081	5.8570
2610	269	6.3733	8.4106
2610	276	13.2473	5.2369
2610	277	13.7314	4.0479
2610	280	2.3221	12.3864
2610	281	2.0160	12.0196
2610	282	14.0490	4.4448
2610	284	4.8399	3.8150
2610	285	5.2785	4.4658
2610	286	14.3716	7.6438
2610	287	14.0664	9.0533
2610	371	10.2608	2.4658
2610	372	10.5828	3.1749
2610	375	5.4361	10.3330
2610	376	4.3853	10.5901
2610	377	8.7974	9.0886
2610	378	9.8969	8.6550
2610	379	3.7029	11.9953
2610	380	3.2454	12.1430
2610	381	6.0906	8.9944
2610	383	4.8077	11.8924
2610	399	5.0320	12.0523
2610	408	7.3337	11.6805
2620	108	7.9145	5.8333
2620	116	6.3234	12.0602
2620	123	6.8266	11.1063
2620	125	10.5188	5.5228
2620	126	11.0319	5.7715
2620	127	11.2491	5.3593
2620	128	5.7432	1.2678
2620	129	5.6240	0.5847
2620	166	7.4829	5.8214
2620	168	8.5889	6.0367
2620	177	8.0452	6.5608
2620	178	8.7934	6.7705
2620	190	8.5765	6.4457
2620	198	8.4228	8.9879
2620	255	6.3066	5.8515
2620	269	6.1753	8.5371
2620	276	13.0819	5.1090
2620	277	13.7286	4.0467
2620	280	2.1053	12.4950
2620	281	1.7810	12.1239
2620	282	14.0420	4.4479
2620	284	4.3099	3.7973
2620	285	4.7733	4.3799
2620	286	14.3171	7.6233
2620	287	14.0597	9.0242
2620	371	10.4822	2.3778
2620	372	10.8147	3.0954
2620	375	5.6765	10.3588
2620	376	4.5385	10.4597
2620	377	9.2184	9.1142
2620	378	9.9834	8.6268
2620	379	3.8117	11.8683
2620	380	3.3481	12.0320
2620	381	5.7699	9.1273
2620	383	4.5574	11.9955
2620	399	5.0236	12.0523
2620	408	7.2949	11.5550
2630	108	7.9103	5.8328
2630	116	6.4042	12.0626
2630	123	6.8355	11.1163
2630	125	10.3374	5.6959
2630	126	10.8307	5.9997
2630	127	11.2182	5.5340
2630	128	5.9536	1.2468
2630	129	5.9983	0.4654
2630	166	7.4812	5.8207
2630	168	8.5752	6.0698
2630	177	8.0326	6.5846
2630	178	8.7901	6.7767
2630	190	8.5384	6.5037
2630	198	8.2593	9.1493
2630	255	6.3053	5.8462
2630	269	5.9772	8.6634
2630	276	12.9693	5.0305
2630	277	13.7259	4.0453
2630	280	1.8576	12.5888
2630	281	1.5509	12.2432
2630	282	14.0351	4.4510
2630	284	3.7797	3.7797
2630	285	4.2874	4.2966
2630	286	14.2626	7.6027
2630	287	13.9538	8.7827
2630	371	10.7038	2.2899
2630	372	11.0698	2.9579
2630	375	5.9120	10.3848
2630	376	4.6856	10.3681
2630	377	9.6077	9.1080
2630	378	10.0701	8.5987
2630	379	3.8900	11.7318
2630	380	3.4236	11.8853
2630	381	5.4580	9.2600
2630	383	4.3072	12.0989
2630	399	5.0152	12.0523
2630	408	7.2560	11.4292
2640	108	7.9059	5.8326
2640	116	6.5030	12.0771
2640	123	6.8441	11.1261
2640	125	10.1413	5.9023
2640	126	10.6264	6.2274
2640	127	11.1589	5.7374
2640	128	6.0151	1.3458
2640	129	6.3832	0.3501
2640	166	7.4795	5.8200
2640	168	8.5617	6.1030
2640	177	8.0200	6.6085
2640	178	8.7865	6.7830
2640	190	8.5005	6.5620
2640	198	8.1090	9.4049
2640	255	6.3039	5.8410
2640	269	5.8130	8.7507
2640	276	12.8699	4.9641
2640	277	13.7232	4.0441
2640	280	1.6063	12.6812
2640	281	1.3207	12.3626
2640	282	14.0281	4.4541
2640	284	3.3119	3.7026
2640	285	3.8460	4.2197
2640	286	14.2079	7.5820
2640	287	13.8377	8.5223
2640	371	10.9177	2.1780
2640	372	11.3249	2.8205
2640	375	6.1014	10.4168
2640	376	4.8239	10.3340
2640	377	9.9935	9.0980
2640	378	10.1568	8.5708
2640	379	3.9681	11.5955
2640	380	3.4992	11.7385
2640	381	5.1583	9.3979
2640	383	4.0569	12.2020
2640	399	5.0070	12.0523
2640	408	7.2173	11.3036
2650	108	7.9017	5.8321
2650	116	6.6017	12.0917
2650	123	6.8530	11.1361
2650	125	9.9226	6.1593
2650	126	10.3940	6.4495
2650	127	11.0326	6.0078
2650	128	6.0768	1.4448
2650	129	6.8641	0.2704
2650	166	7.4776	5.8192
2650	168	8.5480	6.1362
2650	177	8.0074	6.6324
2650	178	8.7831	6.7894
2650	190	8.4626	6.6199
2650	198	7.9585	9.6607
2650	255	6.3024	5.8355
2650	269	5.6487	8.8380
2650	276	12.7706	4.8978
2650	277	13.7204	4.0427
2650	280	1.3552	12.7738
2650	281	1.0841	12.4721
2650	282	14.0214	4.4570
2650	284	2.9059	3.5663
2650	285	3.4047	4.1427
2650	286	14.1578	7.5622
2650	287	13.7278	8.3044
2650	371	11.1010	1.9701
2650	372	11.5699	2.6854
2650	375	6.2908	10.4485
2650	376	4.9621	10.2998
2650	377	10.3002	9.1168
2650	378	10.2050	8.6307
2650	379	4.0464	11.4590
2650	380	3.5747	11.5915
2650	381	4.9676	9.5843
2650	383	3.8726	12.3268
2650	399	4.9985	12.0523
2650	408	7.1762	11.1857
2660	108	7.8973	5.8317
2660	116	6.7006	12.1065
2660	123	6.8616	11.1459
2660	125	9.7041	6.4164
2660	126	10.1619	6.6717
2660	127	10.9063	6.2784
2660	128	6.1384	1.5437
2660	129	7.3452	0.1909
2660	166	7.4759	5.8185
2660	168	8.5344	6.1694
2660	177	7.9947	6.6562
2660	178	8.7798	6.7956
2660	190	8.4247	6.6779
2660	198	7.7946	9.8337
2660	255	6.3011	5.8302
2660	269	5.4845	8.9254
2660	276	12.6904	4.8424
2660	277	13.7177	4.0415
2660	280	1.1148	12.8537
2660	281	0.8223	12.5418
2660	282	14.0145	4.4601
2660	284	2.5001	3.4298
2660	285	2.9743	4.0467
2660	286	14.1254	7.5459
2660	287	13.6179	8.0865
2660	371	11.2843	1.7623
2660	372	11.7229	2.5697
2660	375	6.4636	10.4769
2660	376	5.1004	10.2657
2660	377	10.5275	9.1645
2660	378	10.2488	8.7001
2660	379	4.1102	11.3337
2660	380	3.6575	11.4635
2660	381	4.7769	9.7710
2660	383	3.7322	12.4659
2660	399	4.9901	12.0523
2660	408	7.1331	11.0757
2670	108	7.8931	5.8314
2670	116	6.7993	12.1211
2670	123	6.8704	11.1559
2670	125	9.5029	6.6278
2670	126	9.9340	6.8989
2670	127	10.7259	6.5094
2670	128	6.1908	1.6258
2670	129	7.6609	0.0835
2670	166	7.4742	5.8178
2670	168	8.5207	6.2025
2670	177	7.9821	6.6801
2670	178	8.7764	6.8018
2670	190	8.3868	6.7359
2670	198	7.6245	9.9714
2670	255	6.2996	5.8250
2670	269	5.3201	9.0125
2670	276	12.6870	4.8302
2670	277	13.7152	4.0400
2670	280	0.8772	12.9308
2670	281	0.5605	12.6117
2670	282	14.0075	4.4632
2670	284	2.0672	3.3147
2670	285	2.5870	3.8749
2670	286	14.0932	7.5297
2670	287	13.5150	7.9438
2670	371	11.4581	1.5701
2670	372	11.8759	2.4539
2670	375	6.4867	10.4753
2670	376	5.1842	10.2681
2670	377	10.7548	9.2123
2670	378	10.2926	8.7698
2670	379	4.1702	11.2108
2670	380	3.7509	11.3643
2670	381	4.5862	9.9574
2670	383	3.5920	12.6053
2670	399	4.9817	12.0523
2670	408	7.0899	10.9655