880	26	2.5675	4.2472
880	27	2.9968	3.7878
880	28	2.4925	3.6088
880	29	13.9749	8.1622
880	30	14.2695	8.3054
880	56	2.9825	5.3152
880	77	4.3566	9.9402
880	80	4.6572	10.8392
880	81	4.6197	10.4745
880	94	4.0767	6.1044
880	95	2.3900	5.0632
880	96	1.0696	2.8661
880	97	0.6569	2.5575
880	158	14.9578	1.1735
880	159	14.4545	0.1069
880	160	14.8883	0.4048
880	247	6.3100	8.3178
880	248	6.5615	8.8617
880	249	6.8140	9.1371
880	250	7.3625	7.9495
880	254	13.3837	4.1610
880	255	13.7097	5.8605
880	349	8.9780	9.5848
880	350	11.6080	6.0233
880	351	5.9789	7.5087
880	352	5.4767	8.1073
880	353	5.5735	7.3116
880	354	4.2078	8.7333
880	355	2.9484	11.7366
880	356	3.3411	11.7898
880	357	2.8684	12.3910
880	397	11.2262	7.2068
880	399	3.5804	12.8509
890	26	2.7773	4.3248
890	27	3.0025	3.7804
890	28	2.5266	3.6174
890	29	14.0492	8.2323
890	30	14.3889	8.2774
890	56	2.9787	5.3109
890	77	4.3004	10.1550
890	80	4.5399	11.0499
890	81	4.6092	10.6225
890	94	4.3964	6.3166
890	95	2.5769	4.9925
890	96	1.5766	2.8770
890	97	1.1685	2.5651
890	158	14.6557	1.5057
890	159	14.0772	0.4692
890	160	14.5095	0.7580
890	247	5.9909	8.4870
890	248	6.3436	9.0428
890	249	6.5789	9.2987
890	250	7.1137	8.1304
890	254	12.9937	4.0207
890	255	13.3730	5.8510
890	349	9.0658	9.3595
890	350	11.6484	6.0648
890	351	6.1974	7.4627
890	352	5.8562	7.9235
890	353	5.7779	7.2352
890	354	4.5376	8.5106
890	355	3.1227	11.6070
890	356	3.5038	11.6067
890	357	2.9648	12.2201
890	397	11.2188	7.1891
890	399	3.6168	12.7774
900	26	3.0105	4.4102
900	27	3.0080	3.7730
900	28	2.5609	3.6260
900	29	14.1363	8.2755
900	30	14.5080	8.2498
900	56	2.9751	5.3068
900	77	4.2842	10.3287
900	80	4.4438	11.2409
900	81	4.6092	10.7447
900	94	4.6355	6.5631
900	95	2.7127	4.9059
900	96	2.0836	2.8878
900	97	1.6439	2.5033
900	158	14.3537	1.8377
900	159	13.6998	0.8313
900	160	14.1306	1.1112
900	247	5.6832	8.6612
900	248	6.1260	9.2237
900	249	6.3592	9.4662
900	250	6.8650	8.3111
900	254	12.6037	3.8804
900	255	13.1002	5.8023
900	349	9.1535	9.1340
900	350	11.6888	6.1061
900	351	6.4160	7.4168
900	352	6.2245	7.8440
900	353	5.9772	7.1598
900	354	4.8598	8.2982
900	355	3.2820	11.4810
900	356	3.6059	11.4478
900	357	3.0964	12.0635
900	397	11.2115	7.1712
900	399	3.6533	12.7041
910	26	3.2559	4.4882
910	27	3.2628	3.7708
910	28	2.7615	3.6219
910	29	14.2531	8.2557
910	30	14.6273	8.2218
910	56	2.9713	5.3025
910	77	4.3076	10.4612
910	80	4.3476	11.4318
910	81	4.6092	10.8669
910	94	4.7538	6.8615
910	95	2.8139	4.8085
910	96	2.5797	2.8878
910	97	2.1194	2.4415
910	158	14.0591	2.1878
910	159	13.3224	1.1933
910	160	13.8008	1.4678
910	247	5.4790	8.8781
910	248	5.9265	9.4015
910	249	6.1551	9.6397
910	250	6.6244	8.4844
910	254	12.1802	3.7882
910	255	12.8699	5.7278
910	349	9.1535	8.8920
910	350	11.7294	6.1474
910	351	6.6233	7.3340
910	352	6.5928	7.7643
910	353	6.3419	6.9529
910	354	5.1711	8.1008
910	355	3.3811	11.3686
910	356	3.7080	11.2886
910	357	3.2279	11.9070
910	397	11.2041	7.1536
910	399	3.6897	12.6306
920	26	3.6131	4.5028
920	27	3.6246	3.7708
920	28	3.0040	3.6145
920	29	14.3701	8.2357
920	30	14.7467	8.1939
920	56	2.9676	5.2982
920	77	4.3310	10.5939
920	80	4.2514	11.6227
920	81	4.6092	10.9889
920	94	4.8923	7.0946
920	95	2.9154	4.7114
920	96	3.0757	2.8878
920	97	2.6203	2.4019
920	158	13.7644	2.5377
920	159	12.9825	1.5604
920	160	13.4923	1.8257
920	247	5.2751	9.0951
920	248	5.7316	9.5781
920	249	5.9511	9.8132
920	250	6.3847	8.6567
920	254	11.7528	3.7014
920	255	12.6397	5.6531
920	349	9.0658	8.6335
920	350	11.7698	6.1887
920	351	6.8233	7.2266
920	352	6.9839	7.6350
920	353	6.7454	6.7958
920	354	5.4904	7.9075
920	355	3.4800	11.2564
920	356	3.8100	11.1294
920	357	3.3569	11.7540
920	397	11.1967	7.1359
920	399	3.6876	12.6027
930	26	3.9702	4.5171
930	27	3.9864	3.7708
930	28	3.2462	3.6073
930	29	14.4869	8.2159
930	30	14.8658	8.1662
930	56	2.9640	5.2942
930	77	4.3543	10.7263
930	80	4.1213	11.7981
930	81	4.5732	11.1079
930	94	5.0358	7.3116
930	95	3.0983	4.6889
930	96	3.5745	2.8847
930	97	3.1465	2.3849
930	158	13.4698	2.8878
930	159	12.6424	1.9277
930	160	13.1835	2.1837
930	247	5.0709	9.3120
930	248	5.5428	9.7507
930	249	5.7520	9.9781
930	250	6.1449	8.8290
930	254	11.3255	3.6145
930	255	12.4006	5.6054
930	349	8.9934	8.3662
930	350	11.7372	6.2515
930	351	7.1377	7.1018
930	352	7.3772	7.5001
930	353	7.1874	6.6884
930	354	5.8850	7.7486
930	355	3.5792	11.1440
930	356	3.8366	10.9817
930	357	3.4622	11.6347
930	397	11.2052	7.1359
930	399	3.6600	12.6051
940	26	4.3274	4.5317
940	27	4.3507	3.7892
940	28	3.5539	3.6720
940	29	14.5288	8.2089
940	30	14.9851	8.1383
940	56	2.9602	5.2899
940	77	4.3032	10.8223
940	80	3.9915	11.9738
940	81	4.5010	11.2239
940	94	5.1901	7.5416
940	95	3.2900	4.6749
940	96	4.0837	2.8694
940	97	3.6726	2.3677
940	158	13.1682	3.2059
940	159	12.3360	2.3000
940	160	12.9068	2.5365
940	247	4.9160	9.5280
940	248	5.4083	9.8831
940	249	5.5735	10.1084
940	250	5.9252	9.0106
940	254	10.9021	3.5579
940	255	12.1480	5.5973
940	349	9.0586	8.0206
940	350	11.6558	6.3283
940	351	7.5285	6.9655
940	352	7.8188	7.3567
940	353	7.6140	6.5913
940	354	6.2796	7.5894
940	355	3.5809	10.9822
940	356	3.8439	10.8368
940	357	3.5674	11.5153
940	397	11.2138	7.1359
940	399	3.6324	12.6074
950	26	4.7052	4.5885
950	27	4.7176	3.8260
950	28	3.9266	3.8083
950	29	14.5387	8.2075
950	30	14.9944	8.1304
950	56	2.9566	5.2858
950	77	4.2438	10.9142
950	80	3.8614	12.1492
950	81	4.4288	11.3397
950	94	5.3515	7.7803
950	95	3.4819	4.6608
950	96	4.5930	2.8539
950	97	4.1939	2.3572
950	158	12.8664	3.5243
950	159	12.0794	2.6804
950	160	12.6437	2.8871
950	247	4.7736	9.7435
950	248	5.2738	10.0158
950	249	5.3949	10.2385
950	250	5.7516	9.2135
950	254	10.4812	3.5212
950	255	11.8955	5.5894
950	349	9.1241	7.6751
950	350	11.5743	6.4054
950	351	7.9196	6.8290
950	352	8.2923	7.2075
950	353	8.0255	6.5047
950	354	6.7138	7.4462
950	355	3.5579	10.8079
950	356	3.8515	10.6920
950	357	3.6385	11.3783
950	397	11.2222	7.1359
950	399	3.6046	12.6098
960	26	5.0884	4.6558
960	27	5.0846	3.8627
960	28	4.2996	3.9448
960	29	14.5484	8.2061
960	30	15.0038	8.1223
960	56	2.9528	5.2815
960	77	4.1845	11.0058
960	80	3.8252	12.3017
960	81	4.3566	11.4557
960	94	5.5127	8.0190
960	95	3.6865	4.6732
960	96	5.0933	2.8346
960	97	4.7129	2.3491
960	158	12.5648	3.8424
960	159	11.8229	3.0608
960	160	12.3806	3.2377
960	247	4.6309	9.9590
960	248	5.1393	10.1483
960	249	5.2164	10.3686
960	250	5.5780	9.4163
960	254	10.0602	3.4844
960	255	11.6598	5.5813
960	349	9.2241	7.3316
960	350	11.5463	6.4149
960	351	8.3614	6.7025
960	352	8.6381	7.0882
960	353	8.4453	6.3820
960	354	7.1649	7.3099
960	355	3.5352	10.6340
960	356	3.8658	10.4640
960	357	3.6758	11.2239
960	397	11.2306	7.1359
960	399	3.5771	12.6122
970	26	5.4715	4.7231
970	27	5.4517	3.8992
970	28	4.6723	4.0811
970	29	14.5581	8.2049
970	30	15.0131	8.1144
970	56	2.9490	5.2772
970	77	4.1251	11.0977
970	80	3.8515	12.4389
970	81	4.2689	11.6280
970	94	5.6826	8.2242
970	95	3.9037	4.7116
970	96	5.5142	2.7787
970	97	5.2322	2.3413
970	158	12.3402	4.0811
970	159	11.5768	3.4186
970	160	12.1438	3.5219
970	247	4.5416	10.1557
970	248	4.9960	10.2805
970	249	5.0225	10.5504
970	250	5.4043	9.6192
970	254	9.6122	3.4689
970	255	11.4493	5.5732
970	349	9.4625	6.9975
970	350	11.5718	6.3569
970	351	8.8160	6.5784
970	352	8.9763	6.9808
970	353	8.8854	6.1758
970	354	7.6230	7.1808
970	355	3.5165	10.4469
970	356	3.8801	10.2364
970	357	3.7128	11.0695
970	397	11.2393	7.1359
970	399	3.5495	12.6148
980	26	5.8547	4.7904
980	27	5.8263	3.9071
980	28	5.1764	4.1878
980	29	14.5678	8.2035
980	30	15.0226	8.1066
980	56	2.8815	5.2457
980	77	3.9277	11.2917
980	80	3.8778	12.5762
980	81	4.1813	11.8003
980	94	5.8579	8.4073
980	95	4.1211	4.7500
980	96	5.9351	2.7231
980	97	5.7333	2.2985
980	158	12.1158	4.3197
980	159	11.3725	3.6851
980	160	11.9334	3.7400
980	247	4.4751	10.3440
980	248	4.8436	10.4122
980	249	4.8272	10.7380
980	250	5.2357	9.8163
980	254	9.1641	3.4536
980	255	11.2388	5.5648
980	349	9.7010	6.6634
980	350	11.5973	6.2992
980	351	9.2118	6.4751
980	352	9.2792	6.8999
980	353	9.3078	5.9863
980	354	8.0861	7.0567
980	355	3.5335	10.1438
980	356	3.8947	10.0084
980	357	3.7402	10.9046
980	397	11.2477	7.1359
980	399	3.5217	12.6172
990	26	6.3097	4.8400
990	27	6.2062	3.8954
990	28	5.6802	4.2947
990	29	14.5777	8.2020
990	30	15.0318	8.0984
990	56	2.6651	5.1503
990	77	3.7305	11.4855
990	80	3.9041	12.7134
990	81	4.0935	11.9728
990	94	6.0334	8.5901
990	95	4.3301	4.8317
990	96	6.3605	2.6716
990	97	6.2268	2.2410
990	158	11.8913	4.5584
990	159	11.1683	3.9520
990	160	11.7229	3.9584
990	247	4.4086	10.5325
990	248	4.6913	10.5438
990	249	4.6410	10.9225
990	250	5.0794	10.0006
990	254	8.7160	3.4381
990	255	11.1025	5.5498
990	349	9.9527	6.3192
990	350	11.6292	6.2314
990	351	9.4709	6.4199
990	352	9.5364	6.8469
990	353	9.5709	5.9467
990	354	8.5392	6.9297
990	355	3.5505	9.8404
990	356	3.9090	9.7808
990	357	3.6781	10.6449
990	397	11.2561	7.1359
990	399	3.4941	12.6196
1000	26	6.7728	4.8878
1000	27	6.5861	3.8837
1000	28	6.1843	4.4014
1000	29	14.5873	8.2006
1000	30	15.0413	8.0906
1000	56	2.4486	5.0548
1000	77	3.5331	11.6795
1000	80	3.8545	12.8432
1000	81	4.0159	12.1304
1000	94	6.1702	8.7827
1000	95	4.5271	4.9780
1000	96	6.8245	2.6575
1000	97	6.7204	2.1833
1000	158	11.7970	4.7147
1000	159	10.9640	4.2186
1000	160	11.5124	4.1765
1000	247	4.3423	10.7208
1000	248	4.5460	10.7079
1000	249	4.5389	11.0793
1000	250	4.9230	10.1846
1000	254	8.2633	3.4696
1000	255	11.0402	5.5276
1000	349	10.2566	5.9348
1000	350	11.6871	6.1240
1000	351	9.7210	6.3603
1000	352	9.7586	6.7858
1000	353	9.7468	5.9200
1000	354	8.9027	6.7779
1000	355	3.5676	9.5373
1000	356	3.9147	9.5001
1000	357	3.6162	10.3853
1000	397	11.2647	7.1359
1000	399	3.4666	12.6220
1010	26	7.2358	4.9355
1010	27	6.9660	3.8720
1010	28	6.6907	4.4975
1010	29	14.5970	8.1992
1010	30	15.0506	8.0827
1010	56	2.2322	4.9594
1010	77	3.4720	11.8659
1010	80	3.7539	12.9678
1010	81	3.9534	12.2659
1010	94	6.2811	8.9815
1010	95	4.7239	5.1243
1010	96	7.2888	2.6434
1010	97	7.1863	2.1255
1010	158	11.7025	4.8710
1010	159	10.7548	4.4064
1010	160	11.4615	4.2777
1010	247	4.2093	10.8769
1010	248	4.4057	10.8934
1010	249	4.4366	11.2361
1010	250	4.7668	10.3688
1010	254	7.8099	3.5064
1010	255	10.9776	5.5056
1010	349	10.5153	5.5493
1010	350	11.7450	6.0166
1010	351	9.9866	6.3066
1010	352	9.9573	6.7197
1010	353	9.9129	5.8949
1010	354	9.2661	6.6262
1010	355	3.5491	9.2273
1010	356	3.9147	9.1841
1010	357	3.5543	10.1254
1010	397	11.2731	7.1359
1010	399	3.4388	12.6244
1020	26	7.6988	4.9832
1020	27	7.3614	3.8880
1020	28	7.2067	4.5515
1020	29	14.6067	8.1980
1020	30	15.0600	8.0746
1020	56	1.9737	4.8765
1020	77	3.4449	12.0509
1020	80	3.6535	13.0926
1020	81	3.8907	12.4012
1020	94	6.3922	9.1805
1020	95	4.9230	5.2835
1020	96	7.7531	2.6296
1020	97	7.6456	2.0677
1020	158	11.6147	5.0197
1020	159	10.5443	4.5744
1020	160	11.4104	4.3789
1020	247	4.0689	11.0294
1020	248	4.2655	11.0791
1020	249	4.3343	11.3929
1020	250	4.6580	10.5552
1020	254	7.3600	3.5357
1020	255	10.9154	5.4834
1020	349	10.7057	5.1629
1020	350	11.8029	5.9092
1020	351	10.2760	6.2617
1020	352	10.1874	6.6400
1020	353	10.2435	5.8949
1020	354	9.5823	6.5085
1020	355	3.4769	8.9068
1020	356	3.9147	8.8684
1020	357	3.5082	9.8230
1020	397	11.2816	7.1359
1020	399	3.4567	12.6208
1030	26	8.1044	4.9732
1030	27	7.7729	3.9314
1030	28	7.7228	4.6054
1030	29	14.6166	8.1965
1030	30	15.0693	8.0667
1030	56	1.7048	4.7971
1030	77	3.4177	12.2356
1030	80	3.5531	13.2175
1030	81	3.8281	12.5368
1030	94	6.5034	9.3793
1030	95	5.1274	5.4729
1030	96	8.1957	2.5663
1030	97	8.1048	2.0098
1030	158	11.5846	5.0994
1030	159	10.3277	4.7460
1030	160	11.3594	4.4804
1030	247	3.9288	11.1819
1030	248	4.1251	11.2647
1030	249	4.2253	11.5330
1030	250	4.5614	10.7423
1030	254	6.9180	3.5477
1030	255	10.8531	5.4613
1030	349	10.8945	4.7579
1030	350	11.8725	5.7720
1030	351	10.6117	6.2433
1030	352	10.4254	6.5569
1030	353	10.5744	5.8949
1030	354	9.8929	6.3949
1030	355	3.4047	8.5863
1030	356	3.8827	8.5376
1030	357	3.4687	9.5025
1030	397	11.2902	7.1359
1030	399	3.4939	12.6148
1040	26	8.5034	4.9567
1040	27	8.1841	3.9749
1040	28	8.2340	4.6448
1040	29	14.6263	8.1951
1040	30	15.0786	8.0588
1040	56	1.4358	4.7176
1040	77	3.3266	12.3485
1040	80	3.4613	13.3406
1040	81	3.7452	12.6631
1040	94	6.4385	9.4896
1040	95	5.3315	5.6624
1040	96	8.6291	2.4821
1040	97	8.5356	1.9458
1040	158	11.5545	5.1789
1040	159	10.0573	4.9505
1040	160	11.2893	4.5966
1040	247	3.7842	11.3459
1040	248	3.9950	11.4051
1040	249	4.1114	11.6621
1040	250	4.4648	10.9294
1040	254	6.4665	3.5596
1040	255	10.7779	5.4445
1040	349	11.0797	4.3092
1040	350	11.9896	5.5157
1040	351	10.9589	6.2314
1040	352	10.6550	6.4839
1040	353	10.9560	5.8262
1040	354	10.1394	6.2994
1040	355	3.3325	8.2657
1040	356	3.7233	8.1469
1040	357	3.4293	9.1817
1040	397	11.2986	7.1359
1040	399	3.5312	12.6089
1050	26	8.9027	4.9403
1050	27	8.5956	4.0181
1050	28	8.7023	4.5553
1050	29	14.6360	8.1937
1050	30	15.0880	8.0507
1050	56	1.1797	4.6293
1050	77	3.2083	12.4304
1050	80	3.4049	13.4568
1050	81	3.6535	12.7855
1050	94	6.3739	9.5996
1050	95	5.5359	5.8522
1050	96	9.0624	2.3978
1050	97	8.9380	1.8756
1050	158	11.5244	5.2584
1050	159	9.7866	5.1551
1050	160	11.2113	4.7193
1050	247	3.6299	11.5368
1050	248	3.8652	11.5454
1050	249	3.9978	11.7910
1050	250	4.3615	11.1113
1050	254	5.9930	3.5715
1050	255	10.5885	5.4765
1050	349	11.2649	3.8606
1050	350	12.1064	5.2593
1050	351	11.3491	6.1837
1050	352	10.8766	6.4211
1050	353	11.3432	5.7498
1050	354	10.3698	6.2085
1050	355	3.1408	7.8868
1050	356	3.5638	7.7564
1050	357	3.3161	8.8588
1050	397	11.3070	7.1359
1050	399	3.5686	12.6027
1060	26	9.1750	4.8911
1060	27	9.0153	4.0534
1060	28	9.1704	4.4658
1060	29	14.6456	8.1925
1060	30	15.0973	8.0428
1060	56	0.9747	4.5071
1060	77	3.0898	12.5125
1060	80	3.3485	13.5733
1060	81	3.5617	12.9079
1060	94	6.3327	9.6707
1060	95	5.6609	6.1672
1060	96	9.4855	2.3069
1060	97	9.3402	1.8055
1060	158	11.4943	5.3381
1060	159	9.5682	5.3808
1060	160	11.1330	4.8422
1060	247	3.4754	11.7277
1060	248	3.7351	11.6860
1060	249	3.8839	11.9201
1060	250	4.2003	11.2464
1060	254	5.5089	3.5887
1060	255	10.3991	5.5083
1060	349	11.5078	3.4315
1060	350	12.1693	4.9324
1060	351	11.7501	6.1266
1060	352	11.1260	6.3245
1060	353	11.7581	5.6682
1060	354	10.7154	6.0491
1060	355	2.9358	7.5013
1060	356	3.4045	7.3660
1060	357	3.1294	8.5335
1060	397	11.3157	7.1359
1060	399	3.6059	12.5967
1070	26	9.4474	4.8419
1070	27	9.5101	4.0147
1070	28	9.6389	4.3763
1070	29	14.6555	8.1910
1070	30	15.1068	8.0350
1070	56	0.7695	4.3847
1070	77	2.9655	12.6194
1070	80	3.2919	13.6898
1070	81	3.4699	13.0301
1070	94	6.3272	9.6834
1070	95	5.7768	6.4966
1070	96	9.8847	2.1997
1070	97	9.7407	1.7346
1070	158	11.3335	5.4391
1070	159	9.4709	5.6562
1070	160	11.0347	4.9739
1070	247	3.3416	11.8779
1070	248	3.5849	11.8256
1070	249	3.7318	12.0557
1070	250	4.0388	11.3817
1070	254	5.0002	3.6186
1070	255	10.2040	5.5450
1070	349	11.7650	3.0071
1070	350	12.1781	4.5345
1070	351	12.2000	6.0064
1070	352	11.3937	6.2052
1070	353	12.2139	5.5787
1070	354	11.1100	5.8601
1070	355	2.7306	7.1156
1070	356	3.1321	7.0047
1070	357	2.9425	8.2085
1070	397	11.3241	7.1359
1070	399	3.6432	12.5907