0	1	11.2388	3.7470
0	2	11.4283	3.2219
0	3	11.4703	2.7207
0	4	13.6592	1.3604
0	5	11.7019	1.3126
0	6	11.5335	0.4296
0	9	9.0500	5.0835
0	10	2.6940	2.1241
0	11	13.0278	6.8257
0	12	5.9983	7.7087
0	13	4.9670	5.9665
0	14	5.3879	5.5369
0	15	5.5142	5.0835
0	16	5.1353	4.4868
0	17	6.0403	5.4414
0	18	0.2736	1.8377
0	19	0.3367	0.5012
0	25	4.3145	10.7397
0	26	4.9459	10.9306
0	27	4.5881	11.1693
0	28	4.6934	10.7158
0	29	3.8726	11.6466
0	30	4.1041	11.4795
0	31	7.1137	7.5416
0	32	6.7770	8.2099
0	33	8.1029	11.7898
0	34	7.8924	12.0285
0	35	7.3663	13.5081
0	36	6.7138	11.6705
0	40	9.0921	4.2959
0	41	8.4397	4.1527
0	42	7.0716	5.5369
0	43	13.4277	6.1574
0	44	13.8486	5.8949
0	45	14.3748	5.9188
0	46	8.0187	8.2338
0	47	8.7553	8.5202
0	49	5.0512	9.4509
0	50	4.6934	9.4032
0	51	6.3140	8.7588
0	52	10.1444	8.3292
0	53	6.9874	9.7851
0	54	6.6507	9.8089
0	55	14.8167	7.4939
0	56	11.7229	7.4462
0	59	2.0415	4.7493
0	60	8.3976	11.7659
0	61	7.9345	12.2910
0	62	3.5990	11.3602
0	63	4.0830	10.4533
0	64	4.9249	10.3340
0	65	5.3248	10.5010
0	66	6.1877	10.5488
0	82	10.5233	8.6872
0	83	14.0801	8.2576
0	401	7.3242	11.5750
0	402	7.0295	11.4557
10	1	10.7868	3.6763
10	2	10.9587	3.1546
10	3	10.9993	2.6467
10	4	13.3645	1.9059
10	5	11.3411	1.4012
10	6	11.2237	0.5224
10	9	8.5371	4.9119
10	10	2.8609	2.4451
10	11	12.5806	6.6963
10	12	5.8930	7.3433
10	13	4.7331	5.8338
10	14	5.1387	5.4114
10	15	5.3102	4.9715
10	16	4.9297	4.3758
10	17	5.8448	5.3732
10	18	0.7857	2.0604
10	19	0.8459	0.6628
10	25	4.4724	10.5180
10	26	5.0956	10.8552
10	27	4.7108	11.1096
10	28	4.8258	10.6817
10	29	3.9729	11.6032
10	30	4.1935	11.3900
10	31	6.8624	7.7140
10	32	6.5021	8.3292
10	33	8.0187	11.7013
10	34	7.9023	11.9728
10	35	7.4715	13.2695
10	36	6.7521	11.5566
10	40	9.0698	4.3415
10	41	8.4218	4.1649
10	42	6.9603	5.6281
10	43	13.4035	6.1541
10	44	13.8627	5.9202
10	45	14.3468	6.1495
10	46	7.8203	8.3020
10	47	8.4908	8.5748
10	49	4.9985	9.4877
10	50	4.6488	9.4901
10	51	6.1898	8.8750
10	52	9.7397	8.4118
10	53	6.9150	9.8447
10	54	6.5760	9.8629
10	55	14.5751	7.5999
10	56	11.6882	7.4371
10	59	1.9506	4.6913
10	60	8.3593	11.7514
10	61	7.9265	12.2325
10	62	3.4906	11.5120
10	63	4.0041	10.5877
10	64	4.8272	10.3850
10	65	5.2115	10.4521
10	66	6.0044	10.4796
10	82	10.4485	8.7643
10	83	13.9524	8.3514
10	401	7.3465	11.6614
10	402	7.0956	11.5072
20	1	10.3347	3.6054
20	2	10.4892	3.0873
20	3	10.5283	2.5730
20	4	13.0699	2.4513
20	5	10.9802	1.4900
20	6	10.9139	0.6153
20	9	8.0240	4.7403
20	10	3.0278	2.7661
20	11	12.1333	6.5672
20	12	5.7878	6.9779
20	13	4.4993	5.7013
20	14	4.8895	5.2856
20	15	5.1063	4.8596
20	16	4.7243	4.2649
20	17	5.6495	5.3052
20	18	1.2979	2.2833
20	19	1.3552	0.8246
20	25	4.6302	10.2965
20	26	5.2450	10.7798
20	27	4.8338	11.0499
20	28	4.9579	10.6476
20	29	4.0736	11.5597
20	30	4.2830	11.3005
20	31	6.6109	7.8863
20	32	6.2275	8.4486
20	33	7.9345	11.6125
20	34	7.9120	11.9175
20	35	7.5767	13.0308
20	36	6.7904	11.4425
20	40	9.0473	4.3873
20	41	8.4041	4.1770
20	42	6.8487	5.7195
20	43	13.3793	6.1505
20	44	13.8770	5.9455
20	45	14.3186	6.3801
20	46	7.6218	8.3700
20	47	8.2262	8.6292
20	49	4.9459	9.5244
20	50	4.6041	9.5767
20	51	6.0658	8.9913
20	52	9.3350	8.4944
20	53	6.8426	9.9044
20	54	6.5013	9.9168
20	55	14.3335	7.7061
20	56	11.6537	7.4280
20	59	1.8595	4.6333
20	60	8.3209	11.7371
20	61	7.9187	12.1738
20	62	3.3822	11.6640
20	63	3.9252	10.7218
20	64	4.7294	10.4364
20	65	5.0981	10.4032
20	66	5.8210	10.4101
20	82	10.3738	8.8412
20	83	13.8246	8.4452
20	401	7.3690	11.7476
20	402	7.1615	11.5585
30	1	9.8837	3.5391
30	2	10.0198	3.0200
30	3	10.0573	2.4990
30	4	12.7752	2.9969
30	5	10.6194	1.5785
30	6	10.6039	0.7081
30	9	7.5109	4.5689
30	10	3.1696	3.0906
30	11	11.6585	6.4080
30	12	5.6826	6.6123
30	13	4.2655	5.5686
30	14	4.6401	5.1601
30	15	4.9026	4.7479
30	16	4.5187	4.1539
30	17	5.4540	5.2369
30	18	1.8100	2.5059
30	19	1.8643	0.9861
30	25	4.8272	10.0920
30	26	5.3946	10.7046
30	27	4.9565	10.9903
30	28	5.0903	10.6134
30	29	4.1739	11.5165
30	30	4.3724	11.2110
30	31	6.3596	8.0588
30	32	5.9526	8.5679
30	33	7.8503	11.5239
30	34	7.9219	11.8619
30	35	7.6670	12.8127
30	36	6.8285	11.3287
30	40	9.0250	4.4329
30	41	8.3862	4.1892
30	42	6.7374	5.8107
30	43	13.3551	6.1472
30	44	13.8911	5.9706
30	45	14.2906	6.6109
30	46	7.4233	8.4383
30	47	7.9617	8.6839
30	49	4.8933	9.5612
30	50	4.5595	9.6636
30	51	5.9416	9.1077
30	52	8.9618	8.6395
30	53	6.7705	9.9640
30	54	6.4266	9.9705
30	55	14.1073	7.7734
30	56	11.6189	7.4190
30	59	1.7685	4.5751
30	60	8.2829	11.7225
30	61	7.9108	12.1153
30	62	3.2738	11.8158
30	63	3.8462	10.8562
30	64	4.6172	10.5084
30	65	4.9849	10.3543
30	66	5.6377	10.3409
30	82	10.2991	8.9182
30	83	13.7185	8.5185
30	401	7.3913	11.8339
30	402	7.2276	11.6101
40	1	9.4349	3.4825
40	2	9.5530	2.9522
40	3	9.5863	2.4253
40	4	12.5553	3.5083
40	5	10.2684	1.6229
40	6	10.2825	0.7613
40	9	7.0243	4.2899
40	10	3.0854	3.4486
40	11	11.1652	6.2290
40	12	5.5918	6.2627
40	13	4.0571	5.4460
40	14	4.3916	5.0283
40	15	4.6597	4.6109
40	16	4.3131	4.0429
40	17	5.2587	5.1687
40	18	2.2743	2.6253
40	19	2.2991	1.2985
40	25	5.1804	9.9555
40	26	5.5327	10.6189
40	27	5.0939	10.9287
40	28	5.2046	10.5829
40	29	4.2743	11.4731
40	30	4.4619	11.1215
40	31	6.1041	8.2292
40	32	5.6497	8.6872
40	33	7.7697	11.4318
40	34	7.9316	11.8065
40	35	7.6969	12.6762
40	36	6.8668	11.2149
40	40	9.0024	4.4787
40	41	8.3683	4.2011
40	42	6.6322	5.8858
40	43	13.3309	6.1436
40	44	13.9052	5.9959
40	45	14.2906	6.7577
40	46	7.2644	8.5144
40	47	7.7426	8.7497
40	49	4.8407	9.5977
40	50	4.5408	9.7123
40	51	5.8240	9.2151
40	52	8.6358	8.8781
40	53	6.7170	10.0018
40	54	6.3807	9.9879
40	55	13.9172	7.7502
40	56	11.5844	7.4099
40	59	1.6351	4.5049
40	60	8.2445	11.7082
40	61	7.9028	12.0569
40	62	3.1185	11.9542
40	63	3.8136	10.9275
40	64	4.4473	10.6645
40	65	4.8714	10.3211
40	66	5.5070	10.3206
40	82	10.1438	8.9459
40	83	13.6996	8.5099
40	401	7.4138	11.9203
40	402	7.2937	11.6616
50	1	8.9862	3.4260
50	2	9.1110	2.8806
50	3	9.1171	2.3348
50	4	12.4103	3.9856
50	5	9.9272	1.6229
50	6	9.9436	0.7556
50	9	6.5442	3.9842
50	10	2.9995	3.8045
50	11	10.6718	6.0500
50	12	5.5047	5.9171
50	13	3.8875	5.3383
50	14	4.1449	4.8713
50	15	4.4071	4.4677
50	16	4.0731	3.8995
50	17	5.0752	5.0677
50	18	2.7386	2.7446
50	19	2.7257	1.6274
50	25	5.5338	9.8192
50	26	5.6255	10.4927
50	27	5.2530	10.8643
50	28	5.3008	10.5557
50	29	4.3777	11.3984
50	30	4.5846	11.0485
50	31	5.8423	8.3970
50	32	5.3050	8.8065
50	33	7.6925	11.3363
50	34	7.8293	11.7242
50	35	7.7270	12.5399
50	36	6.9874	11.0881
50	40	8.9456	4.5200
50	41	8.3504	4.2133
50	42	6.5314	5.9505
50	43	13.3064	6.1402
50	44	13.9195	6.0211
50	45	14.2906	6.9047
50	46	7.1451	8.5982
50	47	7.5694	8.8268
50	49	4.7881	9.6345
50	50	4.5330	9.7450
50	51	5.7651	9.2438
50	52	8.3100	9.1168
50	53	6.6686	10.0337
50	54	6.3377	10.0013
50	55	13.7272	7.7271
50	56	11.5497	7.4008
50	59	1.4030	4.4061
50	60	8.2062	11.6936
50	61	7.8948	11.9984
50	62	2.9429	12.0867
50	63	3.7926	10.9831
50	64	4.2773	10.8204
50	65	4.7582	10.4313
50	66	5.3820	10.3056
50	82	9.9794	8.9684
50	83	13.6807	8.5013
50	401	7.4256	12.0108
50	402	7.3598	11.7129
60	1	8.5377	3.3694
60	2	8.6691	2.8090
60	3	8.6484	2.2403
60	4	12.2651	4.4629
60	5	9.5858	1.6229
60	6	9.6050	0.7496
60	9	6.0639	3.6782
60	10	2.8979	4.1419
60	11	10.1724	5.8710
60	12	5.4176	5.5715
60	13	3.7179	5.2305
60	14	3.8984	4.7145
60	15	4.1546	4.3245
60	16	3.8183	3.7427
60	17	4.8948	4.9586
60	18	3.2029	2.8639
60	19	3.1523	1.9563
60	25	5.8259	9.6283
60	26	5.7185	10.3662
60	27	5.4123	10.7996
60	28	5.3970	10.5282
60	29	4.4829	11.3029
60	30	4.7075	10.9757
60	31	5.5807	8.5645
60	32	4.9600	8.9259
60	33	7.6153	11.2409
60	34	7.6790	11.6304
60	35	7.7493	12.4301
60	36	7.1628	10.9528
60	40	8.8084	4.5512
60	41	8.3327	4.2255
60	42	6.4306	6.0152
60	43	13.2822	6.1369
60	44	13.9336	6.0464
60	45	14.2906	7.0514
60	46	7.0255	8.6820
60	47	7.3960	8.9042
60	49	4.7929	9.6905
60	50	4.5254	9.7774
60	51	5.7061	9.2724
60	52	8.0204	9.3614
60	53	6.6200	10.0660
60	54	6.2948	10.0144
60	55	13.5329	7.7101
60	56	11.5152	7.3918
60	59	1.1706	4.3073
60	60	8.1679	11.6791
60	61	7.8556	11.9232
60	62	2.7676	12.2194
60	63	3.7715	11.0387
60	64	4.1619	10.9457
60	65	4.6448	10.5414
60	66	5.2570	10.2908
60	82	9.8148	8.9908
60	83	13.6617	8.4927
60	401	7.4130	12.1110
60	402	7.3783	11.8005
70	1	8.1120	3.3071
70	2	8.2271	2.7374
70	3	8.1799	2.1458
70	4	12.1369	4.9243
70	5	9.2445	1.6229
70	6	9.2661	0.7439
70	9	5.6680	3.3742
70	10	2.7962	4.4794
70	11	9.6639	5.6920
70	12	5.2806	5.2460
70	13	3.5585	5.1092
70	14	3.6518	4.5577
70	15	3.9020	4.1813
70	16	3.5636	3.5856
70	17	4.7144	4.8496
70	18	3.6305	3.0508
70	19	3.5343	2.2594
70	25	6.0262	9.3555
70	26	5.8114	10.2399
70	27	5.5716	10.7352
70	28	5.4931	10.5010
70	29	4.5881	11.2075
70	30	4.8302	10.9027
70	31	5.3191	8.7323
70	32	4.6151	9.0452
70	33	7.5892	11.1194
70	34	7.5285	11.5366
70	35	7.7594	12.3602
70	36	7.3383	10.8177
70	40	8.6712	4.5823
70	41	8.3148	4.2376
70	42	6.3297	6.0799
70	43	13.2580	6.1333
70	44	13.9477	6.0715
70	45	14.2973	7.1927
70	46	6.9062	8.7660
70	47	7.2255	8.9791
70	49	4.8121	9.7512
70	50	4.5176	9.8101
70	51	5.6472	9.3010
70	52	7.8158	9.6199
70	53	6.5714	10.0982
70	54	6.2521	10.0278
70	55	13.3224	7.7173
70	56	11.4805	7.3827
70	59	0.9968	4.2460
70	60	8.0951	11.6287
70	61	7.8030	11.8413
70	62	2.5946	12.3518
70	63	3.7505	11.0946
70	64	4.0830	11.0499
70	65	4.5315	10.6516
70	66	5.1128	10.3554
70	82	9.7382	8.9958
70	83	13.6428	8.4841
70	401	7.4004	12.2113
70	402	7.3917	11.8919
80	1	7.7091	3.2389
80	2	7.7851	2.6658
80	3	7.7114	2.0510
80	4	12.0199	5.3751
80	5	8.8943	1.5752
80	6	8.9349	0.7277
80	9	5.3279	3.0713
80	10	2.7184	4.8152
80	11	9.1552	5.5130
80	12	5.1381	4.9226
80	13	3.4238	4.9565
80	14	3.4190	4.4095
80	15	3.6297	4.0317
80	16	3.3087	3.4286
80	17	4.5212	4.7226
80	18	4.0340	3.2830
80	19	3.7379	2.4582
80	25	6.1913	9.0691
80	26	5.8299	10.0619
80	27	5.6685	10.6349
80	28	5.5293	10.3858
80	29	4.6934	11.1120
80	30	4.9516	10.8204
80	31	5.0263	8.8688
80	32	4.4031	9.2080
80	33	7.6138	10.9721
80	34	7.4256	11.3738
80	35	7.7697	12.2905
80	36	7.5835	10.6989
80	40	8.5592	4.6534
80	41	8.2970	4.2498
80	42	6.2289	6.1445
80	43	13.2338	6.1300
80	44	13.9618	6.0968
80	45	14.3657	7.2829
80	46	6.7839	8.8304
80	47	7.0813	9.0335
80	49	4.8312	9.8120
80	50	4.5101	9.8426
80	51	5.5883	9.3297
80	52	7.6113	9.8786
80	53	6.5227	10.1302
80	54	6.2091	10.0409
80	55	13.1120	7.7247
80	56	11.4283	7.3648
80	59	0.9107	4.2405
80	60	7.9701	11.5244
80	61	7.7504	11.7592
80	62	2.4420	12.4831
80	63	3.7294	11.1502
80	64	4.0041	11.1545
80	65	4.4284	10.7602
80	66	4.9605	10.4540
80	82	9.6993	8.9932
80	83	13.6238	8.4755
80	401	7.3877	12.3115
80	402	7.4052	11.9833
90	1	7.3061	3.1708
90	2	7.3419	2.5911
90	3	7.2427	1.9565
90	4	11.8220	5.6768
90	5	8.5417	1.5155
90	6	8.6215	0.6871
90	9	4.9880	2.7685
90	10	2.7354	5.1441
90	11	8.6465	5.3340
90	12	4.9954	4.5992
90	13	3.2891	4.8037
90	14	3.1919	4.2651
90	15	3.3525	3.8804
90	16	3.0890	3.2642
90	17	4.2985	4.5541
90	18	4.4372	3.5150
90	19	3.9414	2.6570
90	25	6.2731	8.7509
90	26	5.8299	9.8710
90	27	5.7388	10.5192
90	28	5.5657	10.2705
90	29	4.8213	11.0251
90	30	5.0712	10.7235
90	31	4.7201	8.9917
90	32	4.2247	9.3815
90	33	7.6386	10.8247
90	34	7.3280	11.2034
90	35	7.7801	12.2206
90	36	7.8754	10.5910
90	40	8.4472	4.7245
90	41	8.2791	4.2620
90	42	6.1191	6.1574
90	43	13.2096	6.1266
90	44	13.9761	6.1221
90	45	14.4339	7.3734
90	46	6.6612	8.8901
90	47	6.9369	9.0882
90	49	4.8502	9.8726
90	50	4.5025	9.8750
90	51	5.5274	9.3605
90	52	7.4067	10.1371
90	53	6.4594	10.1679
90	54	6.1740	10.0609
90	55	12.9015	7.7319
90	56	11.2178	7.2679
90	59	0.8246	4.2350
90	60	7.8451	11.4199
90	61	7.6900	11.6690
90	62	2.2894	12.6144
90	63	3.7084	11.2058
90	64	3.9252	11.2695
90	65	4.3657	10.8636
90	66	4.8081	10.5528
90	82	9.6601	8.9908
90	83	13.6047	8.4669
90	401	7.3751	12.4117
90	402	7.4187	12.0748
100	1	6.9033	3.1026
100	2	6.8879	2.4880
100	3	6.7883	1.8386
100	4	11.6042	5.9410
100	5	8.1892	1.4558
100	6	8.3079	0.6465
100	9	4.7106	2.3887
100	10	2.7525	5.4729
100	11	8.1345	5.1670
100	12	4.7403	4.3069
100	13	3.0938	4.7049
100	14	2.9648	4.1207
100	15	3.0753	3.7288
100	16	2.8731	3.0990
100	17	4.0757	4.3856
100	18	4.8407	3.7470
100	19	4.1430	2.8730
100	25	6.4150	8.4008
100	26	5.8299	9.6800
100	27	5.8088	10.4034
100	28	5.5990	10.1509
100	29	4.9645	10.9440
100	30	5.1905	10.6268
100	31	4.4141	9.1147
100	32	4.0460	9.5550
100	33	7.6696	10.6743
100	34	7.2482	11.0347
100	35	7.7853	12.1316
100	36	8.1673	10.4834
100	40	8.3353	4.7956
100	41	8.2614	4.2739
100	42	6.0073	6.1574
100	43	13.1854	6.1231
100	44	13.9902	6.1474
100	45	14.5021	7.4636
100	46	6.5385	8.9497
100	47	6.7926	9.1428
100	49	4.8693	9.9335
100	50	4.4947	9.9077
100	51	5.4500	9.4108
100	52	7.1684	10.3595
100	53	6.3861	10.2094
100	54	6.1468	10.0879
100	55	12.6649	7.8066
100	56	11.0073	7.1710
100	59	0.7385	4.2298
100	60	7.7365	11.3118
100	61	7.6220	11.5707
100	62	2.1366	12.7456
100	63	3.6179	11.3101
100	64	3.8462	11.4008
100	65	4.3032	10.9667
100	66	4.7159	10.6616
100	82	9.6210	8.9884
100	83	13.5857	8.4583
100	401	7.3736	12.5268
100	402	7.4340	12.1774
110	1	6.4823	3.0369
110	2	6.4341	2.3852
110	3	6.3478	1.6971
110	4	11.3862	6.2052
110	5	7.8367	1.3962
110	6	7.9945	0.6057
110	9	4.4332	2.0090
110	10	2.7695	5.8021
110	11	7.6216	5.0028
110	12	4.4570	4.0224
110	13	2.8834	4.6197
110	14	2.7377	3.9763
110	15	2.7981	3.5775
110	16	2.6573	2.9336
110	17	3.8528	4.2174
110	18	5.1168	3.9632
110	19	4.3373	3.1577
110	25	6.6170	8.0190
110	26	5.8122	9.5063
110	27	5.8328	10.2722
110	28	5.6049	9.9920
110	29	5.1076	10.8628
110	30	5.3100	10.5301
110	31	4.1914	9.2765
110	32	3.9567	9.7571
110	33	7.7563	10.4989
110	34	7.3309	10.8812
110	35	7.7792	11.9984
110	36	8.4546	10.4125
110	40	8.2233	4.8665
110	41	8.2435	4.2861
110	42	5.8953	6.1574
110	43	13.1612	6.1197
110	44	14.0256	6.1574
110	45	14.5705	7.5321
110	46	6.4192	9.0011
110	47	6.7027	9.2011
110	49	4.8859	10.0089
110	50	4.4871	9.9402
110	51	5.3723	9.4610
110	52	6.9159	10.5662
110	53	6.3131	10.2509
110	54	6.1197	10.1149
110	55	12.4254	7.8889
110	56	10.7969	7.0741
110	59	0.6524	4.2243
110	60	7.6929	11.1881
110	61	7.5538	11.4726
110	62	1.9765	12.8759
110	63	3.5101	11.4266
110	64	3.7673	11.5320
110	65	4.2407	11.0700
110	66	4.6387	10.7731
110	82	9.5821	8.9860
110	83	13.5668	8.4498
110	401	7.3981	12.6767
110	402	7.4574	12.3261
120	1	6.0614	2.9713
120	2	5.9802	2.2823
120	3	5.9075	1.5558
120	4	11.1612	6.4357
120	5	7.5690	1.3625
120	6	7.6811	0.5651
120	9	3.9633	1.6835
120	10	2.7920	6.0951
120	11	7.1085	4.8388
120	12	4.1476	3.7214
120	13	2.6729	4.5345
120	14	2.4770	3.8240
120	15	2.5382	3.4128
120	16	2.4414	2.7685
120	17	3.5562	4.0761
120	18	5.3932	4.1794
120	19	4.5315	3.4422
120	25	6.8191	7.6371
120	26	5.7901	9.3366
120	27	5.7872	10.1173
120	28	5.6106	9.8328
120	29	5.2507	10.7817
120	30	5.3818	10.4194
120	31	4.0944	9.4968
120	32	3.9567	9.9879
120	33	7.8430	10.3235
120	34	7.4136	10.7278
120	35	7.7729	11.8650
120	36	8.7372	10.3784
120	40	8.0570	4.9403
120	41	8.1776	4.3045
120	42	5.7834	6.1574
120	43	13.1370	6.1161
120	44	14.0751	6.1574
120	45	14.6389	7.5679
120	46	6.3140	9.0194
120	47	6.6488	9.2621
120	49	4.8969	10.1192
120	50	4.4795	9.9726
120	51	5.2949	9.5113
120	52	6.6633	10.7731
120	53	6.2399	10.2924
120	54	6.0925	10.1418
120	55	12.1859	7.9712
120	56	10.5578	6.9927
120	59	0.6238	4.1944
120	60	7.6494	11.0647
120	61	7.4856	11.3690
120	62	1.7481	12.9988
120	63	3.4024	11.5430
120	64	3.6884	11.6633
120	65	4.1619	11.1752
120	66	4.5614	10.8846
120	82	9.5429	8.9834
120	83	13.5478	8.4409
120	401	7.4225	12.8265
120	402	7.4808	12.4745
130	1	5.6405	2.9057
130	2	5.5262	2.1792
130	3	5.4670	1.4143
130	4	10.9362	6.6660
130	5	7.3223	1.3351
130	6	7.3638	0.5146
130	9	3.4451	1.3713
130	10	2.8196	6.3526
130	11	6.6778	4.7016
130	12	3.7337	3.3556
130	13	2.4203	4.3844
130	14	2.2126	3.6711
130	15	2.2857	3.2424
130	16	2.1808	2.6434
130	17	3.2517	3.9379
130	18	5.6693	4.3959
130	19	4.7447	3.6675
130	25	7.1038	7.2300
130	26	5.7678	9.1672
130	27	5.7417	9.9624
130	28	5.6165	9.6736
130	29	5.3938	10.7006
130	30	5.4334	10.3027
130	31	3.9972	9.7170
130	32	3.9567	10.2187
130	33	7.9295	10.1481
130	34	7.5273	10.5762
130	35	7.7668	11.7316
130	36	9.0199	10.3442
130	40	7.7636	5.0197
130	41	7.9192	4.3479
130	42	5.6685	6.1460
130	43	13.1128	6.1128
130	44	14.1247	6.1574
130	45	14.7073	7.6037
130	46	6.2087	9.0378
130	47	6.5949	9.3232
130	49	4.9076	10.2294
130	50	4.4718	10.0053
130	51	5.2172	9.5614
130	52	6.4893	10.9280
130	53	6.1666	10.3340
130	54	6.0654	10.1688
130	55	12.0026	7.9789
130	56	10.3153	6.9133
130	59	0.5950	4.1646
130	60	7.6319	10.9321
130	61	7.4153	11.2177
130	62	1.5196	13.1215
130	63	3.2946	11.6595
130	64	3.5722	11.7738
130	65	4.0672	11.2826
130	66	4.4739	10.9977
130	82	9.5040	8.9810
130	83	13.5289	8.4323
130	401	7.4471	12.9764
130	402	7.5043	12.6230
140	1	5.2195	2.8401
140	2	5.0722	2.0763
140	3	5.0265	1.2728
140	4	10.7015	6.8966
140	5	7.0758	1.3079
140	6	7.0438	0.4573
140	9	2.8985	1.0821
140	10	2.8474	6.6102
140	11	6.3350	4.5534
140	12	3.3197	2.9897
140	13	2.1678	4.2345
140	14	1.9481	3.5181
140	15	2.0331	3.0718
140	16	1.9203	2.5183
140	17	2.9471	3.7997
140	18	5.7758	4.6384
140	19	4.9710	3.8529
140	25	7.3886	6.8228
140	26	5.7457	8.9975
140	27	5.6962	9.8077
140	28	5.5735	9.4717
140	29	5.4746	10.6048
140	30	5.4847	10.1860
140	31	3.9001	9.9373
140	32	3.9567	10.4206
140	33	8.0017	10.0118
140	34	7.7129	10.4287
140	35	7.7098	11.5848
140	36	9.3026	10.3101
140	40	7.4702	5.0994
140	41	7.6609	4.3913
140	42	5.5283	6.0324
140	43	13.0709	6.0882
140	44	14.1742	6.1574
140	45	14.7757	7.6395
140	46	6.1502	9.0889
140	47	6.5410	9.3843
140	49	4.9184	10.3395
140	50	4.4642	10.0378
140	51	5.1398	9.6118
140	52	6.3491	11.0604
140	53	6.1258	10.3473
140	54	6.0382	10.1958
140	55	11.8193	7.9868
140	56	10.0731	6.8335
140	59	0.5664	4.1348
140	60	7.6752	10.7776
140	61	7.3452	11.0667
140	62	1.2910	13.2442
140	63	3.1437	11.7635
140	64	3.4001	11.8535
140	65	3.9725	11.3900
140	66	4.3838	11.1113
140	82	9.4648	8.9786
140	83	13.4984	8.4247
140	401	7.4715	13.1263
140	402	7.5277	12.7714
150	1	4.8034	2.7966
150	2	4.6176	1.9522
150	3	4.5829	1.1324
150	4	10.3787	7.1271
150	5	6.7965	1.2871
150	6	6.7239	0.4000
150	9	2.2381	0.8847
150	10	2.8752	6.8677
150	11	6.1245	4.2897
150	12	2.8960	2.6188
150	13	1.9152	4.0844
150	14	1.6837	3.3651
150	15	1.7828	2.9026
150	16	1.6597	2.3935
150	17	2.6462	3.6591
150	18	5.8400	4.8873
150	19	5.1970	4.0386
150	25	7.6733	6.4157
150	26	5.7194	8.8037
150	27	5.6912	9.6089
150	28	5.4818	9.2271
150	29	5.5138	10.4994
150	30	5.5361	10.0693
150	31	3.8646	10.1311
150	32	3.9567	10.5936
150	33	8.0673	9.8924
150	34	7.8985	10.2812
150	35	7.6472	11.4363
150	36	9.5130	10.2571
150	40	7.1769	5.1789
150	41	7.4385	4.3777
150	42	5.3879	5.9188
150	43	12.8704	5.8722
150	44	14.2237	6.1574
150	45	14.8473	7.6610
150	46	6.1226	9.1614
150	47	6.4920	9.4490
150	49	4.9800	10.4385
150	50	4.4890	10.1092
150	51	5.0783	9.6674
150	52	6.2087	11.1931
150	53	6.0848	10.3605
150	54	6.0014	10.2163
150	55	11.6360	7.9944
150	56	9.8533	6.7142
150	59	0.5377	4.1049
150	60	7.7186	10.6232
150	61	7.2861	10.9082
150	62	1.0353	13.3299
150	63	2.9743	11.8626
150	64	3.2277	11.9330
150	65	3.8778	11.4974
150	66	4.2935	11.2249
150	82	9.4259	8.9760
150	83	13.3631	8.4247
150	401	7.3920	13.2430
150	402	7.5222	12.8726
160	1	4.3871	2.7532
160	2	4.1630	1.8281
160	3	4.1104	1.0019
160	4	10.0560	7.3579
160	5	6.4411	1.2818
160	6	6.4040	0.3427
160	9	1.5779	0.6871
160	10	2.8002	7.1078
160	11	5.8825	4.0465
160	12	2.4330	2.2291
160	13	1.6993	3.9112
160	14	1.4733	3.2458
160	15	1.5425	2.7377
160	16	1.3992	2.2685
160	17	2.3793	3.4961
160	18	5.9547	5.1398
160	19	5.3344	4.2336
160	25	7.9387	5.9706
160	26	5.6931	8.6097
160	27	5.7036	9.3913
160	28	5.3900	8.9822
160	29	5.5529	10.3939
160	30	5.5809	9.9495
160	31	3.8909	10.2982
160	32	3.9567	10.7667
160	33	8.1332	9.7731
160	34	8.0844	10.1340
160	35	7.5847	11.2879
160	36	9.7235	10.2041
160	40	6.9401	5.0794
160	41	7.2160	4.3641
160	42	5.2475	5.8052
160	43	12.6700	5.6562
160	44	14.3236	6.1982
160	45	14.9232	7.6610
160	46	6.0953	9.2340
160	47	6.4543	9.5225
160	49	5.1179	10.5208
160	50	4.5277	10.1970
160	51	5.0406	9.7314
160	52	6.0803	11.3199
160	53	6.0439	10.3738
160	54	5.9421	10.2220
160	55	11.3794	8.0920
160	56	9.6486	6.5684
160	59	0.5089	4.0751
160	60	7.7617	10.4688
160	61	7.3269	10.6850
160	62	0.7610	13.3910
160	63	2.8049	11.9616
160	64	3.0585	12.0163
160	65	3.7873	11.6027
160	66	4.2032	11.3387
160	82	9.3867	8.9736
160	83	13.2277	8.4247
160	401	7.3124	13.3597
160	402	7.5043	12.9535
170	1	3.9711	2.7100
170	2	3.7084	1.7040
170	3	3.6379	0.8713
170	4	9.7287	7.5856
170	5	6.0858	1.2766
170	6	6.0841	0.2854
170	9	0.9191	0.5210
170	10	2.6815	7.3402
170	11	5.5668	3.8510
170	12	1.9700	1.8394
170	13	1.5198	3.7147
170	14	1.2628	3.1264
170	15	1.3019	2.5730
170	16	1.0904	2.1026
170	17	2.1124	3.3331
170	18	6.1201	5.3954
170	19	5.4624	4.4298
170	25	8.1913	5.5002
170	26	5.6668	8.4159
170	27	5.7160	9.1736
170	28	5.2982	8.7373
170	29	5.5921	10.2884
170	30	5.5988	9.8175
170	31	3.9172	10.4652
170	32	3.9567	10.9397
170	33	8.1650	9.7092
170	34	8.1947	10.0084
170	35	7.5292	11.1349
170	36	9.9300	10.1438
170	40	6.7033	4.9801
170	41	6.9935	4.3505
170	42	5.1074	5.6916
170	43	12.3838	5.3985
170	44	14.4739	6.2801
170	45	14.9994	7.6610
170	46	6.0677	9.3068
170	47	6.4164	9.5960
170	49	5.2557	10.6032
170	50	4.5665	10.2850
170	51	5.0030	9.7953
170	52	6.0603	11.3936
170	53	6.0029	10.3870
170	54	5.8827	10.2275
170	55	11.1147	8.1999
170	56	9.4440	6.4226
170	59	0.4803	4.0453
170	60	7.7601	10.3008
170	61	7.3675	10.4617
170	62	0.4870	13.4521
170	63	2.6354	12.0604
170	64	2.9164	12.1323
170	65	3.7012	11.7058
170	66	4.1173	11.4480
170	82	9.2645	8.8889
170	83	13.0819	8.4015
170	401	7.2331	13.4764
170	402	7.4865	13.0344
180	1	3.5550	2.6665
180	2	3.2538	1.5799
180	3	3.1654	0.7408
180	4	9.3604	7.7870
180	5	5.7303	1.2713
180	6	5.7438	0.2563
180	9	0.2643	0.4282
180	10	2.5628	7.5729
180	11	5.2338	3.6651
180	12	1.4842	1.4709
180	13	1.3402	3.5181
180	14	1.0523	3.0071
180	15	1.0614	2.4081
180	16	0.7697	1.9262
180	17	1.8454	3.1701
180	18	6.2853	5.6512
180	19	5.6007	4.6274
180	25	8.4439	5.0295
180	26	5.6878	8.1980
180	27	5.7179	8.9361
180	28	5.2616	8.4753
180	29	5.6232	10.1755
180	30	5.6167	9.6855
180	31	3.9435	10.6323
180	32	3.8610	11.1020
180	33	8.1629	9.7008
180	34	8.2967	9.8855
180	35	7.5022	10.9636
180	36	10.1267	10.0669
180	40	6.4726	4.8357
180	41	6.7284	4.2427
180	42	4.9602	5.6071
180	43	12.0975	5.1407
180	44	14.6244	6.3620
180	45	15.0756	7.6610
180	46	6.0403	9.3793
180	47	6.3788	9.6693
180	49	5.3930	10.6652
180	50	4.6054	10.3729
180	51	4.9655	9.8593
180	52	6.0403	11.4676
180	53	5.9621	10.4003
180	54	5.8231	10.2333
180	55	10.8499	8.3077
180	56	9.2394	6.2768
180	59	0.4514	4.0155
180	60	7.7533	10.1316
180	61	7.4084	10.2385
180	62	0.2130	13.5132
180	63	2.4450	12.1819
180	64	2.7741	12.2485
180	65	3.6152	11.8089
180	66	4.0342	11.5550
180	82	9.1424	8.8042
180	83	12.9112	8.3240
180	401	7.1535	13.5931
180	402	7.4686	13.1153
190	1	3.1780	2.5978
190	2	2.7992	1.4558
190	3	2.6927	0.6103
190	4	8.9921	7.9884
190	5	5.3749	1.2659
190	6	5.3902	0.2463
190	9	-0.3906	0.3356
190	10	2.4441	7.8054
190	11	4.7451	3.5630
190	12	0.9073	1.1880
190	13	1.1721	3.3293
190	14	0.8419	2.8878
190	15	0.8208	2.2434
190	16	0.4489	1.7501
190	17	1.5785	3.0071
190	18	6.4859	5.8782
190	19	5.8345	4.8395
190	25	8.7061	4.5551
190	26	5.7207	7.9743
190	27	5.6950	8.6524
190	28	5.2616	8.2015
190	29	5.6360	10.0454
190	30	5.6346	9.5536
190	31	3.9041	10.7986
190	32	3.6697	11.2540
190	33	8.1610	9.6922
190	34	8.3988	9.7626
190	35	7.4753	10.7924
190	36	10.3237	9.9898
190	40	6.2460	4.6613
190	41	6.4209	4.0407
190	42	4.8125	5.5257
190	43	11.7006	4.9030
190	44	14.7747	6.4438
190	45	15.1516	7.6610
190	46	6.0492	9.4638
190	47	6.3529	9.7383
190	49	5.5291	10.7075
190	50	4.7580	10.4815
190	51	4.9278	9.9232
190	52	6.0204	11.5416
190	53	5.9210	10.4134
190	54	5.7638	10.2387
190	55	10.6375	8.3758
190	56	9.0898	6.1324
190	59	0.4228	3.9856
190	60	7.7464	9.9621
190	61	7.3804	10.0636
190	62	-0.0612	13.5743
190	63	2.2406	12.3182
190	64	2.6319	12.3645
190	65	3.5291	11.9117
190	66	3.9513	11.6616
190	82	9.0201	8.7194
190	83	12.7405	8.2467
190	401	7.0739	13.7096
190	402	7.4509	13.1962