1120	29	14.7330	8.1653
1120	94	6.2996	9.7462
1120	95	5.9757	8.3037
1120	100	2.2749	3.1179
1120	101	0.5354	1.5854
1120	158	10.4986	6.1250
1120	159	9.3867	6.5767
1120	160	10.2236	5.8257
1120	164	5.2454	7.1913
1120	165	6.0614	5.3796
1120	255	8.9986	5.8727
1120	257	10.9964	0.6745
1120	258	8.7139	8.1020
1120	259	10.3865	6.4319
1120	260	10.8126	6.7123
1120	261	14.2409	3.1880
1120	262	14.8431	2.9947
1120	263	12.4970	6.5543
1120	358	3.9029	11.0781
1120	359	3.2142	11.5022
1120	360	3.2776	11.6786
1120	361	10.6285	7.8061
1120	397	11.3664	7.1359
1120	399	3.8612	12.4060
1120	403	7.2400	12.2194
1130	29	14.7633	8.1507
1130	94	6.2940	9.7586
1130	95	5.9532	8.6361
1130	100	2.9676	3.1417
1130	101	0.5754	1.5954
1130	158	10.4807	6.2011
1130	159	9.3705	6.6056
1130	160	10.1436	5.9336
1130	164	5.2928	7.5070
1130	165	6.0532	5.7486
1130	255	8.8210	5.9223
1130	257	10.9600	0.6950
1130	258	8.4889	8.3490
1130	259	10.1724	6.4677
1130	260	10.5075	6.8197
1130	261	14.2375	3.1945
1130	262	14.8374	2.9988
1130	263	12.0527	6.2715
1130	358	4.1196	10.9375
1130	359	3.2919	11.3905
1130	360	3.5200	11.5721
1130	361	10.2917	7.5383
1130	397	11.3750	7.1359
1130	399	3.9098	12.3449
1130	403	7.1512	12.1344
1140	29	14.7938	8.1359
1140	94	6.2885	9.7712
1140	95	5.9381	8.9464
1140	100	3.5990	3.2176
1140	101	0.6152	1.6055
1140	158	10.4629	6.2772
1140	159	9.3543	6.6345
1140	160	10.1072	5.9978
1140	164	5.3403	7.8226
1140	165	6.0260	6.0565
1140	255	8.6996	5.9775
1140	257	10.9236	0.7157
1140	258	8.2568	8.5464
1140	259	9.9708	6.5273
1140	260	10.2113	6.9168
1140	261	14.2340	3.2011
1140	262	14.8317	3.0028
1140	263	11.6084	5.9887
1140	358	4.3270	10.8015
1140	359	3.4213	11.2834
1140	360	3.7831	11.4626
1140	361	9.8477	7.3388
1140	397	11.3834	7.1359
1140	399	3.9498	12.2537
1140	403	7.0624	12.0497
1150	29	14.8241	8.1211
1150	94	6.2830	9.7839
1150	95	5.9532	9.1679
1150	100	4.2303	3.2935
1150	101	0.6552	1.6155
1150	158	10.4450	6.3534
1150	159	9.3381	6.6634
1150	160	10.0708	6.0620
1150	164	5.3879	8.1383
1150	165	5.9989	6.3646
1150	255	8.5781	6.0326
1150	257	10.8874	0.7363
1150	258	8.0172	8.6946
1150	259	9.7546	6.6378
1150	260	9.9245	7.0035
1150	261	14.2304	3.2076
1150	262	14.8260	3.0071
1150	263	11.1248	5.7243
1150	358	4.4503	10.7027
1150	359	3.6707	11.1860
1150	360	4.0159	11.3392
1150	361	9.3110	7.1598
1150	397	11.3918	7.1359
1150	399	3.9889	12.1595
1150	403	6.9733	11.9647
1160	29	14.8544	8.1063
1160	94	6.2773	9.7963
1160	95	5.9682	9.3896
1160	100	4.8462	3.3641
1160	101	0.6950	1.6258
1160	158	10.4271	6.4295
1160	159	9.3219	6.6923
1160	160	10.0343	6.1262
1160	164	5.4814	8.3858
1160	165	5.9759	6.6646
1160	255	8.6310	5.9643
1160	257	10.8509	0.7570
1160	258	7.7777	8.8428
1160	259	9.5166	6.8247
1160	260	9.6300	7.1016
1160	261	14.2268	3.2143
1160	262	14.8203	3.0112
1160	263	10.6018	5.4784
1160	358	4.5736	10.6039
1160	359	3.9201	11.0889
1160	360	4.2181	11.2015
1160	361	8.7701	6.9665
1160	397	11.4005	7.1359
1160	399	4.0283	12.0650
1160	403	6.8845	11.8800
1170	29	14.8849	8.0915
1170	94	6.2719	9.8089
1170	95	5.9757	9.5273
1170	100	5.4620	3.4350
1170	101	0.7349	1.6358
1170	158	10.3759	6.5324
1170	159	9.3057	6.7211
1170	160	9.9979	6.1904
1170	164	5.5750	8.6333
1170	165	5.9692	6.9331
1170	255	8.7034	5.8822
1170	257	10.8145	0.7776
1170	258	7.5948	8.9908
1170	259	9.2657	6.9918
1170	260	9.3186	7.2257
1170	261	14.2232	3.2207
1170	262	14.8146	3.0152
1170	263	10.0788	5.2324
1170	358	4.6818	10.5080
1170	359	4.0704	10.9784
1170	360	4.4206	11.0638
1170	361	8.2123	6.7159
1170	397	11.4411	7.1176
1170	399	4.0674	11.9707
1170	403	6.7957	11.7738
1180	29	14.9152	8.0767
1180	94	6.2664	9.8216
1180	95	5.9719	9.5390
1180	100	6.0797	3.5093
1180	101	0.7747	1.6458
1180	158	10.2917	6.6619
1180	159	9.2895	6.7498
1180	160	9.9428	6.3013
1180	164	5.6638	8.8543
1180	165	5.9627	7.2016
1180	255	8.7758	5.8001
1180	257	10.7781	0.7981
1180	258	7.4498	9.1390
1180	259	8.8974	6.9818
1180	260	9.0071	7.3498
1180	261	14.2197	3.2274
1180	262	14.8090	3.0193
1180	263	9.5385	5.0068
1180	358	4.7294	10.4232
1180	359	4.1546	10.8590
1180	360	4.5149	10.8819
1180	361	7.6517	6.4646
1180	397	11.6109	7.0250
1180	399	4.0927	11.8743
1180	403	6.7069	11.6466
1190	29	14.9455	8.0619
1190	94	6.2607	9.8340
1190	95	5.9682	9.5507
1190	100	6.7018	3.5923
1190	101	0.9119	1.5911
1190	158	10.2076	6.7915
1190	159	9.2735	6.7787
1190	160	9.8599	6.4822
1190	164	5.7417	9.0135
1190	165	5.9562	7.4701
1190	255	8.7937	5.7655
1190	257	10.7417	0.8188
1190	258	7.3046	9.2872
1190	259	8.5291	6.9720
1190	260	8.6728	7.3746
1190	261	14.2161	3.2338
1190	262	14.8033	3.0233
1190	263	8.9298	4.8617
1190	358	4.7769	10.3385
1190	359	4.2388	10.7397
1190	360	4.5972	10.6951
1190	361	7.0794	6.2111
1190	397	11.7806	6.9326
1190	399	4.1089	11.7764
1190	403	6.6179	11.5194
1200	29	14.9761	8.0474
1200	94	6.2552	9.8466
1200	95	5.9644	9.5626
1200	100	7.3242	3.6754
1200	101	1.0601	1.5291
1200	158	10.1234	6.9211
1200	159	9.2443	6.8481
1200	160	9.7772	6.6629
1200	164	5.8198	9.1724
1200	165	6.1245	7.6896
1200	255	8.7884	5.7510
1200	257	10.6910	0.8623
1200	258	7.2095	9.3901
1200	259	8.2113	6.9378
1200	260	8.3327	7.3746
1200	261	14.2125	3.2405
1200	262	14.7976	3.0274
1200	263	8.3209	4.7169
1200	358	4.8260	10.2457
1200	359	4.2977	10.5440
1200	360	4.6456	10.5075
1200	361	6.5074	5.9574
1200	397	11.9452	6.8357
1200	399	4.1251	11.6783
1200	403	6.5290	11.3919
1210	29	14.9897	8.0438
1210	94	6.2546	9.8607
1210	95	5.9606	9.5743
1210	100	7.8783	3.8345
1210	101	1.2207	1.4888
1210	158	9.9851	7.0849
1210	159	9.1626	7.0789
1210	160	9.6898	6.8395
1210	164	5.9246	9.2540
1210	165	6.2929	7.9092
1210	255	8.7831	5.7364
1210	257	10.5832	0.9969
1210	258	7.1358	9.4736
1210	259	7.9150	6.8937
1210	260	7.9838	7.3712
1210	261	14.2089	3.2470
1210	262	14.7919	3.0315
1210	263	7.7167	4.6023
1210	358	4.8883	10.0776
1210	359	4.3398	10.2975
1210	360	4.6711	10.3194
1210	361	5.9351	5.7040
1210	397	12.0620	6.6963
1210	399	4.1413	11.5805
1210	403	6.4402	11.2647
1220	29	14.9961	8.0452
1220	94	6.2740	9.8803
1220	95	5.9568	9.5860
1220	100	8.4327	3.9935
1220	101	1.4312	1.5348
1220	158	9.8468	7.2483
1220	159	9.0811	7.3099
1220	160	9.5625	6.9784
1220	164	6.0473	9.2839
1220	165	6.5189	8.1020
1220	255	8.7779	5.7221
1220	257	10.4753	1.1315
1220	258	7.0622	9.5571
1220	259	7.6188	6.8495
1220	260	7.5993	7.3548
1220	261	14.2053	3.2536
1220	262	14.7862	3.0358
1220	263	7.1192	4.5331
1220	358	4.9506	9.9096
1220	359	4.3819	10.0507
1220	360	4.6965	10.1316
1220	361	5.3544	5.4734
1220	397	12.1790	6.5572
1220	399	4.2051	11.4731
1220	403	6.2862	11.1192
1230	29	15.0026	8.0469
1230	94	6.2933	9.9001
1230	95	5.9530	9.5979
1230	100	8.9869	4.1527
1230	101	1.6416	1.5806
1230	158	9.7085	7.4121
1230	159	8.9961	7.5395
1230	160	9.4352	7.1171
1230	164	6.1517	9.3113
1230	165	6.8027	8.2679
1230	255	8.7724	5.7075
1230	257	10.3673	1.2661
1230	258	6.9885	9.6407
1230	259	7.2703	6.7526
1230	260	7.2145	7.3383
1230	261	14.2018	3.2601
1230	262	14.7805	3.0398
1230	263	6.5217	4.4637
1230	358	5.0257	9.7311
1230	359	4.4191	9.8182
1230	360	4.7348	9.9328
1230	361	4.7740	5.2431
1230	397	12.2958	6.4180
1230	399	4.2893	11.3619
1230	403	6.1323	10.9736
1240	29	15.0091	8.0483
1240	94	6.3127	9.9197
1240	95	5.9492	9.6096
1240	100	9.4844	4.3625
1240	101	1.8782	1.6286
1240	158	9.5816	7.5622
1240	159	8.8776	7.7557
1240	160	9.3080	7.2557
1240	164	6.1824	9.3285
1240	165	7.0906	8.4271
1240	255	8.7671	5.6932
1240	257	10.2627	1.4358
1240	258	6.9279	9.7213
1240	259	6.9216	6.6555
1240	260	6.8443	7.2815
1240	261	14.1984	3.2668
1240	262	14.7749	3.0439
1240	263	5.9271	4.4028
1240	358	5.1198	9.5364
1240	359	4.4530	9.5948
1240	360	4.8026	9.7096
1240	361	4.1963	4.9987
1240	397	12.3884	6.2467
1240	399	4.3735	11.2504
1240	403	5.9783	10.8282
1250	29	15.0156	8.0498
1250	94	6.3318	9.9395
1250	95	5.9454	9.6213
1250	100	9.9817	4.5722
1250	101	2.1322	1.6780
1250	158	9.4665	7.6984
1250	159	8.7593	7.9720
1250	160	9.1807	7.3946
1250	164	6.2129	9.3459
1250	165	7.3953	8.5588
1250	255	8.7619	5.6787
1250	257	10.1661	1.6873
1250	258	6.8727	9.8010
1250	259	6.5730	6.5586
1250	260	6.5076	7.1304
1250	261	14.1948	3.2732
1250	262	14.7692	3.0479
1250	263	5.3393	4.3617
1250	358	5.2141	9.3416
1250	359	4.4869	9.3717
1250	360	4.8706	9.4862
1250	361	3.6446	4.6283
1250	397	12.4564	6.0431
1250	399	4.4871	11.1836
1250	403	5.8242	10.6827
1260	29	15.0219	8.0512
1260	94	6.3512	9.9590
1260	95	5.9416	9.6333
1260	100	10.4793	4.7818
1260	101	2.3863	1.7274
1260	158	9.3512	7.8350
1260	159	8.6409	8.1882
1260	160	9.0618	7.5655
1260	164	6.2434	9.3633
1260	165	7.7001	8.6906
1260	255	8.7566	5.6641
1260	257	10.0693	1.9389
1260	258	6.8176	9.8805
1260	259	6.2140	6.4677
1260	260	6.1708	6.9791
1260	261	14.1912	3.2797
1260	262	14.7635	3.0520
1260	263	4.7515	4.3205
1260	358	5.3081	9.1469
1260	359	4.5477	9.1605
1260	360	4.9434	9.2657
1260	361	3.0932	4.2579
1260	397	12.5246	5.8395
1260	399	4.6134	11.1359
1260	403	5.6668	10.5368
1270	29	15.0285	8.0526
1270	94	6.3706	9.9788
1270	95	5.9379	9.6450
1270	100	10.8970	5.0267
1270	101	2.5942	1.7465
1270	158	9.2358	7.9712
1270	159	8.5975	8.3245
1270	160	8.9448	7.7445
1270	164	6.2742	9.3805
1270	165	7.9602	8.8075
1270	255	8.7511	5.6498
1270	257	9.9727	2.1904
1270	258	6.7625	9.9600
1270	259	5.8522	6.3782
1270	260	5.8335	6.8359
1270	261	14.1877	3.2863
1270	262	14.7578	3.0560
1270	263	4.1771	4.2355
1270	358	5.4195	8.9378
1270	359	4.6355	8.9617
1270	360	5.0362	9.0550
1270	361	2.5340	3.8925
1270	397	12.5885	5.6348
1270	399	4.7397	11.0881
1270	403	5.5089	10.3910
1280	29	15.0350	8.0541
1280	94	6.3899	9.9984
1280	95	5.9343	9.6567
1280	100	11.2809	5.2863
1280	101	2.7826	1.7530
1280	158	9.1359	8.1015
1280	159	8.5624	8.4517
1280	160	8.8277	7.9235
1280	164	6.3047	9.3979
1280	165	8.1157	8.8906
1280	255	8.7459	5.6352
1280	257	9.9140	2.4455
1280	258	6.6438	10.0476
1280	259	5.4904	6.2887
1280	260	5.4950	6.7116
1280	261	14.1841	3.2928
1280	262	14.7521	3.0603
1280	263	3.6227	4.0842
1280	358	5.5422	8.7190
1280	359	4.7233	8.7629
1280	360	5.1292	8.8445
1280	361	1.9447	3.5465
1280	397	12.6149	5.4200
1280	399	4.8660	11.0404
1280	403	5.3511	10.2452
1290	29	15.0415	8.0557
1290	94	6.4091	10.0182
1290	95	5.9305	9.6686
1290	100	11.6648	5.5460
1290	101	2.9709	1.7592
1290	158	9.0710	8.2178
1290	159	8.5274	8.5791
1290	160	8.7173	8.0870
1290	164	6.3243	9.4163
1290	165	8.2713	8.9736
1290	255	8.7406	5.6209
1290	257	9.8807	2.7031
1290	258	6.4613	10.1430
1290	259	5.1238	6.1641
1290	260	5.1564	6.5870
1290	261	14.1805	3.2995
1290	262	14.7464	3.0644
1290	263	3.0686	3.9331
1290	358	5.6651	8.5003
1290	359	4.8108	8.5638
1290	360	5.2221	8.6338
1290	361	1.3470	3.2016
1290	397	12.6412	5.2052
1290	399	4.9897	10.9936
1290	403	5.1842	10.1015
1300	29	15.0478	8.0572
1300	94	6.4284	10.0380
1300	95	5.9267	9.6803
1300	100	12.0708	5.7448
1300	101	3.1593	1.7654
1300	158	9.0062	8.3342
1300	159	8.5238	8.6929
1300	160	8.6322	8.1887
1300	164	6.3388	9.4354
1300	165	8.5325	9.0641
1300	255	8.7354	5.6064
1300	257	9.8475	2.9606
1300	258	6.2788	10.2385
1300	259	4.7536	6.0159
1300	260	4.8298	6.4388
1300	261	14.1769	3.3059
1300	262	14.7408	3.0684
1300	263	2.4932	3.7579
1300	358	5.7878	8.2815
1300	359	4.9558	8.2889
1300	360	5.3227	8.3958
1300	361	0.7156	2.8620
1300	397	12.6675	4.9904
1300	399	5.1126	10.9471
1300	403	4.9958	9.9633
1310	29	15.0544	8.0586
1310	94	6.4478	10.0576
1310	95	5.9229	9.6920
1310	100	12.5288	5.8009
1310	101	3.2957	1.8401
1310	158	8.9416	8.4505
1310	159	8.5238	8.8051
1310	160	8.5472	8.2901
1310	164	6.3533	9.4543
1310	165	8.7939	9.1548
1310	255	8.7299	5.5918
1310	257	9.8144	3.2181
1310	258	6.0740	10.2910
1310	259	4.3836	5.8677
1310	260	4.5033	6.2908
1310	261	14.1734	3.3126
1310	262	14.7351	3.0725
1310	263	1.8862	3.5470
1310	358	5.9315	8.0371
1310	359	5.1071	8.0056
1310	360	5.4252	8.1512
1310	361	0.0842	2.5224
1310	397	12.6833	4.7689
1310	399	5.2353	10.9008
1310	403	4.8074	9.8251