1800	64	11.1793	7.4445
1800	65	11.6349	7.9648
1800	66	11.3611	6.8820
1800	67	8.7867	3.8458
1800	70	13.2593	8.7748
1800	71	13.3946	9.4247
1800	72	6.0723	2.5343
1800	103	5.4300	2.1002
1800	104	7.7758	7.7693
1800	105	2.1339	4.7725
1800	106	13.2585	5.8233
1800	107	13.2136	6.3753
1800	108	14.1853	6.6426
1800	109	13.9532	7.1796
1800	222	12.8131	7.5846
1800	232	6.2632	9.0302
1800	233	6.9131	8.4385
1800	236	10.6601	8.9020
1800	237	10.7939	9.4194
1800	238	11.9186	2.7470
1800	239	14.1144	1.8477
1800	320	6.5876	11.1215
1800	345	6.0561	9.9361
1800	346	6.3577	9.4839
1800	376	14.2742	8.7679
1800	421	6.4108	4.4355
1800	422	6.6412	5.1030
1800	423	7.9615	5.5465
1800	425	12.2341	4.5753
1800	426	10.4448	5.4369
1810	64	10.9833	7.4858
1810	65	11.3731	7.9951
1810	66	11.1437	6.8445
1810	67	8.4510	4.0713
1810	70	12.9979	8.8552
1810	71	13.1351	9.4008
1810	72	6.2729	2.2047
1810	103	5.6194	1.7740
1810	104	7.9638	7.7949
1810	105	2.5073	4.7570
1810	106	12.8962	6.0056
1810	107	12.8278	6.4868
1810	108	13.8697	6.5631
1810	109	13.6289	7.1173
1810	222	12.9042	7.5290
1810	232	6.2535	9.0345
1810	233	6.7471	8.2877
1810	236	10.2471	8.8101
1810	237	10.4591	9.4087
1810	238	11.4163	3.2527
1810	239	13.4277	1.8854
1810	320	6.3131	11.1733
1810	345	5.7667	9.8566
1810	346	6.0014	9.3738
1810	376	14.2712	8.7622
1810	421	6.0052	4.4551
1810	422	6.2032	5.1219
1810	423	7.5490	5.5942
1810	425	11.9889	4.7102
1810	426	10.0527	5.4799
1820	64	10.7899	7.4567
1820	65	11.0837	7.9951
1820	66	10.8970	6.8281
1820	67	8.1153	4.2971
1820	70	12.6984	8.8643
1820	71	12.8636	9.3746
1820	72	6.4733	1.8752
1820	103	5.8088	1.4479
1820	104	8.1517	7.8204
1820	105	2.9667	4.6035
1820	106	12.5279	6.0569
1820	107	12.4410	6.5913
1820	108	13.5276	6.5407
1820	109	13.3014	7.0643
1820	222	13.0091	7.4610
1820	232	6.2439	9.0388
1820	233	6.5392	8.2860
1820	236	9.9878	8.7760
1820	237	10.2128	9.4230
1820	238	10.9351	3.7639
1820	239	12.7689	2.0203
1820	320	6.0385	11.2254
1820	345	5.5632	9.8010
1820	346	5.6405	9.2917
1820	376	14.2676	8.7574
1820	421	5.6245	4.4777
1820	422	5.7731	5.2257
1820	423	7.1331	5.6364
1820	425	11.6606	4.8438
1820	426	9.6469	5.5223
1830	64	10.5969	7.4104
1830	65	10.7943	7.9951
1830	66	10.6502	6.8116
1830	67	7.7855	4.4794
1830	70	12.3989	8.8736
1830	71	12.4848	9.3268
1830	72	6.6738	1.5456
1830	103	5.9983	1.1217
1830	104	8.1898	7.8431
1830	105	3.5125	4.3119
1830	106	12.1596	6.1080
1830	107	12.0455	6.6347
1830	108	13.1856	6.5183
1830	109	12.9718	7.0218
1830	222	13.1170	7.3901
1830	232	6.2342	9.0431
1830	233	6.3209	8.3214
1830	236	9.7942	8.7665
1830	237	10.0550	9.4629
1830	238	10.3782	4.2782
1830	239	12.1100	2.1551
1830	320	5.7449	11.2626
1830	345	5.3599	9.7452
1830	346	5.2722	9.2521
1830	376	14.2626	8.7538
1830	421	5.2031	4.5553
1830	422	5.3229	5.3047
1830	423	6.7033	5.6562
1830	425	11.3295	4.9756
1830	426	9.2394	5.5818
1840	64	10.4039	7.3641
1840	65	10.5203	7.9679
1840	66	10.4050	6.7839
1840	67	7.4564	4.6570
1840	70	12.0912	8.8371
1840	71	12.1060	9.2791
1840	72	6.7829	1.3279
1840	103	6.0707	0.9427
1840	104	8.1635	7.8643
1840	105	4.0580	4.0200
1840	106	11.8050	6.1254
1840	107	11.6503	6.6782
1840	108	12.8436	6.4961
1840	109	12.6233	7.0741
1840	222	13.2252	7.3192
1840	232	6.2247	9.0476
1840	233	6.1237	8.3545
1840	236	9.6140	8.7722
1840	237	9.8853	9.5003
1840	238	9.8022	4.7932
1840	239	11.3967	2.3976
1840	320	5.4428	11.2939
1840	345	5.1564	9.6896
1840	346	4.9038	9.2123
1840	376	14.2577	8.7505
1840	421	4.7546	4.6694
1840	422	4.8253	5.3264
1840	423	6.2735	5.6760
1840	425	10.9739	5.0909
1840	426	8.8185	5.7930
1850	64	10.2029	7.3192
1850	65	10.2616	7.9132
1850	66	10.1615	6.7390
1850	67	7.1272	4.8343
1850	70	11.7755	8.7550
1850	71	11.7271	9.2314
1850	72	6.8692	1.1382
1850	103	6.1428	0.7637
1850	104	8.1372	7.8856
1850	105	4.6662	3.7980
1850	106	11.4638	6.1090
1850	107	11.2548	6.7216
1850	108	12.4781	6.4973
1850	109	12.2747	7.1261
1850	222	13.3285	7.2524
1850	232	6.2150	9.0519
1850	233	6.1163	8.3679
1850	236	9.4878	8.8390
1850	237	9.6096	9.5168
1850	238	9.4183	5.3937
1850	239	10.6601	2.6859
1850	320	5.2214	11.3332
1850	345	4.9577	9.9149
1850	346	4.6349	9.5039
1850	376	14.2527	8.7469
1850	421	4.3310	4.7710
1850	422	4.3434	5.3531
1850	423	5.8703	5.5553
1850	425	10.6184	5.2061
1850	426	8.3976	6.0042
1860	64	9.9697	7.2803
1860	65	10.0032	7.8588
1860	66	9.9182	6.6944
1860	67	6.7980	5.0119
1860	70	11.4598	8.6731
1860	71	11.3815	9.1738
1860	72	6.9557	0.9484
1860	103	6.2152	0.5847
1860	104	8.1109	7.9068
1860	105	5.2903	3.5935
1860	106	11.1227	6.0925
1860	107	10.9288	6.7238
1860	108	12.1068	6.5042
1860	109	11.9262	7.1784
1860	222	13.3900	7.2226
1860	232	6.2054	9.0562
1860	233	6.1090	8.3815
1860	236	9.3615	8.9058
1860	237	9.3337	9.5333
1860	238	9.0426	5.9892
1860	239	9.9683	2.9622
1860	320	5.1206	11.3850
1860	345	4.7795	10.1323
1860	346	4.4004	9.7810
1860	376	14.2479	8.7433
1860	421	3.9650	4.8438
1860	422	4.0003	5.4238
1860	423	5.4738	5.3992
1860	425	10.2581	5.3116
1860	426	8.0273	6.1231
1870	64	9.7365	7.2417
1870	65	9.7445	7.8042
1870	66	9.6801	6.6517
1870	67	6.4798	5.1574
1870	70	11.1328	8.6027
1870	71	11.0580	9.1099
1870	72	7.0420	0.7587
1870	103	6.2338	0.5520
1870	104	8.0846	7.9283
1870	105	5.9141	3.3890
1870	106	10.7851	6.0321
1870	107	10.6201	6.7159
1870	108	11.7353	6.5111
1870	109	11.6349	7.2722
1870	222	13.4515	7.1927
1870	232	6.1957	9.0607
1870	233	6.1014	8.3951
1870	236	9.1026	8.9259
1870	237	9.0395	9.5285
1870	238	8.5480	6.4546
1870	239	9.3806	3.2109
1870	320	5.0215	11.4533
1870	345	4.6839	10.3165
1870	346	4.3040	9.9998
1870	376	14.2428	8.7400
1870	421	3.5990	4.9164
1870	422	3.6575	5.4944
1870	423	5.0842	5.2426
1870	425	9.8792	5.3784
1870	426	7.7077	6.1495
1880	64	9.5033	7.2030
1880	65	9.5031	7.7550
1880	66	9.4636	6.6166
1880	67	6.1616	5.3030
1880	70	10.7796	8.5602
1880	71	10.7348	9.0457
1880	72	7.0478	0.7420
1880	103	6.2388	0.5558
1880	104	8.0452	7.9428
1880	105	6.5962	3.2326
1880	106	10.4496	5.9426
1880	107	10.3113	6.7080
1880	108	11.3622	6.5593
1880	109	11.3502	7.3703
1880	222	13.5127	7.1629
1880	232	6.1862	9.0650
1880	233	6.0940	8.4087
1880	236	8.7869	8.9259
1880	237	8.6712	9.4390
1880	238	8.0598	6.9099
1880	239	8.7930	3.4596
1880	320	4.9344	11.6671
1880	345	4.5881	10.5010
1880	346	4.2076	10.2187
1880	376	14.2380	8.7364
1880	421	3.4321	4.8753
1880	422	3.3559	5.5302
1880	423	4.7235	5.0835
1880	425	9.5004	5.4453
1880	426	7.3882	6.1760
1890	64	9.2575	7.1767
1890	65	9.2617	7.7058
1890	66	9.2468	6.5813
1890	67	5.8431	5.4484
1890	70	10.4262	8.5175
1890	71	10.4113	8.9817
1890	72	7.0449	0.7441
1890	103	6.2439	0.5597
1890	104	7.8891	7.8965
1890	105	7.2785	3.0763
1890	106	10.1141	5.8531
1890	107	10.0053	6.5954
1890	108	10.9869	6.6689
1890	109	11.0654	7.4686
1890	222	13.5742	7.1331
1890	232	6.1765	9.0693
1890	233	6.0864	8.4221
1890	236	8.4426	8.8607
1890	237	8.3028	9.3495
1890	238	7.6277	7.2741
1890	239	8.1570	3.6482
1890	320	4.8472	11.8812
1890	345	4.5404	10.7180
1890	346	4.1251	10.4850
1890	376	14.2329	8.7328
1890	421	3.2652	4.8341
1890	422	3.1164	5.5138
1890	423	4.3640	4.9300
1890	425	9.0431	5.5975
1890	426	6.9933	6.0431
1900	64	8.9989	7.1631
1900	65	9.0203	7.6567
1900	66	9.0302	6.5462
1900	67	5.5249	5.5939
1900	70	10.0520	8.4927
1900	71	10.0527	8.9407
1900	72	7.0417	0.7465
1900	103	6.2491	0.5635
1900	104	7.7329	7.8505
1900	105	7.9623	2.9362
1900	106	9.7822	5.7500
1900	107	9.6997	6.4569
1900	108	10.6114	6.7787
1900	109	10.7691	7.5381
1900	222	13.6525	7.0576
1900	232	6.1668	9.0738
1900	233	6.0791	8.4357
1900	236	8.0694	8.7307
1900	237	7.8503	9.3633
1900	238	7.2309	7.6257
1900	239	7.5157	3.8300
1900	320	4.7824	12.0688
1900	345	4.4924	10.9349
1900	346	4.0462	10.7636
1900	376	14.2281	8.7295
1900	421	3.0909	4.8026
1900	422	2.8768	5.4973
1900	423	4.0163	4.8262
1900	425	8.5518	5.7865
1900	426	6.5796	5.8703
1910	64	8.7404	7.1495
1910	65	8.7659	7.6490
1910	66	8.7564	6.5393
1910	67	5.1421	5.6780
1910	70	9.6566	8.4855
1910	71	9.6587	8.9223
1910	72	7.0388	0.7487
1910	103	6.2542	0.5673
1910	104	7.5767	7.8042
1910	105	8.6617	2.9439
1910	106	9.4558	5.6266
1910	107	9.3941	6.3183
1910	108	10.2360	6.8882
1910	109	10.4612	7.5789
1910	222	13.7703	6.8763
1910	232	6.1572	9.0781
1910	233	6.0715	8.4493
1910	236	7.6820	8.5918
1910	237	7.3768	9.4032
1910	238	6.9746	7.9266
1910	239	6.8311	3.8746
1910	320	4.8064	12.1504
1910	345	4.4492	11.1215
1910	346	3.9816	10.9600
1910	376	14.2230	8.7259
1910	421	2.8518	4.8567
1910	422	2.7057	5.4753
1910	423	3.6684	4.7224
1910	425	8.0819	5.9617
1910	426	6.1660	5.6973
1920	64	8.4817	7.1359
1920	65	8.5028	7.6689
1920	66	8.4685	6.5393
1920	67	4.7521	5.7553
1920	70	9.2611	8.4782
1920	71	9.2649	8.9039
1920	72	7.0358	0.7511
1920	103	6.2592	0.5711
1920	104	7.3172	7.7724
1920	105	9.3609	2.9517
1920	106	9.1291	5.5033
1920	107	9.0555	6.1799
1920	108	9.8740	6.9810
1920	109	10.1530	7.6197
1920	222	13.8882	6.6949
1920	232	6.1477	9.0824
1920	233	6.0641	8.4629
1920	236	7.2610	8.4326
1920	237	6.9348	9.4311
1920	238	6.7185	8.2276
1920	239	6.1355	3.8849
1920	320	4.8304	12.2323
1920	345	4.4071	11.3005
1920	346	3.9384	11.0335
1920	376	14.2182	8.7225
1920	421	2.6127	4.9109
1920	422	2.6028	5.4476
1920	423	3.4112	4.8558
1920	425	7.6609	6.1049
1920	426	5.8692	5.4746
1930	64	8.2269	7.1548
1930	65	8.2397	7.6889
1930	66	8.1804	6.5393
1930	67	4.3621	5.8324
1930	70	8.8722	8.4536
1930	71	8.8709	8.8855
1930	72	7.0327	0.7532
1930	103	6.2643	0.5749
1930	104	7.0575	7.7405
1930	105	10.0602	2.9594
1930	106	8.7753	5.4059
1930	107	8.7023	6.0412
1930	108	9.5179	7.0667
1930	109	9.8451	7.6605
1930	222	13.9873	6.3491
1930	232	6.1380	9.0867
1930	233	6.0566	8.4762
1930	236	6.8365	8.2784
1930	237	6.5402	9.4409
1930	238	6.5770	8.4844
1930	239	5.4620	3.8787
1930	320	4.8546	12.3141
1930	345	4.2952	11.3877
1930	346	3.8953	11.1067
1930	376	14.2133	8.7190
1930	421	2.4965	4.8932
1930	422	2.5001	5.4197
1930	423	3.1763	5.0486
1930	425	7.2400	6.2481
1930	426	5.5855	5.2465
1940	64	7.9722	7.1736
1940	65	7.9766	7.7087
1940	66	7.8924	6.5393
1940	67	3.9852	5.9355
1940	70	8.5085	8.3595
1940	71	8.4931	8.8330
1940	72	7.0297	0.7556
1940	103	6.2693	0.5788
1940	104	6.7980	7.7087
1940	105	10.8295	2.9183
1940	106	8.3942	5.3350
1940	107	8.3494	5.9025
1940	108	9.1618	7.1524
1940	109	9.5187	7.7197
1940	222	14.0816	5.9624
1940	232	6.1283	9.0913
1940	233	6.0492	8.4898
1940	236	6.3973	8.1435
1940	237	6.1456	9.4509
1940	238	6.4630	8.7123
1940	239	4.8106	3.8560
1940	320	4.8784	12.3459
1940	345	4.1655	11.4521
1940	346	3.8521	11.1803
1940	376	14.2083	8.7154
1940	421	2.3943	4.8675
1940	422	2.3974	5.3920
1940	423	2.9669	5.2274
1940	425	6.8643	6.3796
1940	426	5.2288	5.1975
1950	64	7.7173	7.1925
1950	65	7.6942	7.7087
1950	66	7.5650	6.5658
1950	67	3.6211	6.0646
1950	70	8.1450	8.2655
1950	71	8.1263	8.7581
1950	72	7.0268	0.7580
1950	103	6.2744	0.5826
1950	104	6.4947	7.6314
1950	105	11.5987	2.8770
1950	106	8.0130	5.2641
1950	107	7.9709	5.8429
1950	108	8.8054	7.2381
1950	109	9.1645	7.8070
1950	222	14.1759	5.5756
1950	232	6.1424	9.0848
1950	233	6.0416	8.5034
1950	236	5.9581	8.0087
1950	237	5.7821	9.4185
1950	238	6.4800	8.7252
1950	239	4.1765	3.8107
1950	320	4.9022	12.3564
1950	345	4.0340	11.5559
1950	346	3.8042	11.2917
1950	376	14.2034	8.7120
1950	421	2.2918	4.8415
1950	422	2.2787	5.3655
1950	423	2.8583	5.3505
1950	425	6.5002	6.5080
1950	426	4.8236	5.2682
1960	64	7.4561	7.2051
1960	65	7.4117	7.7087
1960	66	7.2377	6.5923
1960	67	3.2572	6.1935
1960	70	7.7815	8.1715
1960	71	7.7596	8.6832
1960	72	7.0236	0.7601
1960	103	6.2794	0.5864
1960	104	6.1915	7.5543
1960	105	12.3709	2.8317
1960	106	7.6319	5.1930
1960	107	7.5755	5.8357
1960	108	8.5083	7.2903
1960	109	8.8103	7.8944
1960	222	14.3207	5.1565
1960	232	6.1719	9.0715
1960	233	6.0342	8.5171
1960	236	5.5533	8.0564
1960	237	5.4184	9.3858
1960	238	6.4971	8.7383
1960	239	3.5686	3.7310
1960	320	4.9259	12.3666
1960	345	3.8936	11.8184
1960	346	3.7515	11.4409
1960	376	14.1984	8.7085
1960	421	2.1863	4.8209
1960	422	2.0971	5.3438
1960	423	2.7497	5.4737
1960	425	6.1313	6.6262
1960	426	4.4183	5.3388
1970	64	7.1687	7.1934
1970	65	7.1293	7.7087
1970	66	6.9102	6.6188
1970	67	2.8931	6.3226
1970	70	7.4172	8.1538
1970	71	7.4027	8.6099
1970	72	7.0207	0.7625
1970	103	6.2845	0.5902
1970	104	5.8880	7.4770
1970	105	13.1696	2.7475
1970	106	7.2568	5.1694
1970	107	7.1800	5.8283
1970	108	8.2258	7.3345
1970	109	8.4561	7.9817
1970	222	14.4709	4.7336
1970	232	6.2016	9.0581
1970	233	6.0267	8.5304
1970	236	5.1524	8.1247
1970	237	5.1162	9.3968
1970	238	6.5141	8.7512
1970	239	3.0040	3.6145
1970	320	4.9497	12.3771
1970	345	3.7532	12.0810
1970	346	3.6840	11.5919
1970	376	14.1936	8.7049
1970	421	2.0687	4.8209
1970	422	1.9152	5.3221
1970	423	2.6359	5.5858
1970	425	5.7440	6.7025
1970	426	4.1079	5.4641
1980	64	6.8812	7.1820
1980	65	6.8494	7.7047
1980	66	6.6116	6.6219
1980	67	2.5677	6.3536
1980	70	7.0531	8.1447
1980	71	7.1348	8.5519
1980	72	7.0177	0.7647
1980	103	6.2895	0.5943
1980	104	5.6108	7.4335
1980	105	13.9681	2.6632
1980	106	6.8833	5.1574
1980	107	6.7980	5.8254
1980	108	7.9434	7.3784
1980	109	8.1210	8.0467
1980	222	14.6212	4.3109
1980	232	6.2312	9.0445
1980	233	6.0193	8.5440
1980	236	4.7523	8.2910
1980	237	4.8291	9.4185
1980	238	6.5421	8.7660
1980	239	2.4681	3.4737
1980	320	4.9735	12.3874
1980	345	3.6082	12.3227
1980	346	3.4824	11.7609
1980	376	14.1885	8.7015
1980	421	1.9512	4.8209
1980	422	1.7334	5.3004
1980	423	2.4753	5.5985
1980	425	5.3568	6.7789
1980	426	3.8079	5.5954
1990	64	6.5937	7.1703
1990	65	6.5806	7.6848
1990	66	6.3554	6.5896
1990	67	2.2520	6.3603
1990	70	6.6966	8.1307
1990	71	6.8668	8.4941
1990	72	7.0146	0.7671
1990	103	6.2946	0.5981
1990	104	5.3509	7.4125
1990	105	14.7667	2.5790
1990	106	6.5097	5.1455
1990	107	6.4472	5.8326
1990	108	7.6609	7.4223
1990	109	7.8310	8.0595
1990	222	14.7845	3.8823
1990	232	6.2609	9.0311
1990	233	6.0620	8.5199
1990	236	4.3524	8.4820
1990	237	4.4562	9.3879
1990	238	6.5863	8.7836
1990	239	1.9121	3.3455
1990	320	4.9973	12.3979
1990	345	3.4447	12.4819
1990	346	3.2805	11.9301
1990	376	14.1837	8.6980
1990	421	1.8336	4.8209
1990	422	1.5518	5.2787
1990	423	2.3145	5.6111
1990	425	4.9527	6.8171
1990	426	3.5080	5.7266