640	26	3.1991	4.3467
640	27	3.5402	4.0522
640	28	3.0099	3.5825
640	29	13.7638	7.7354
640	30	13.8690	7.9996
640	56	3.9620	5.4832
640	75	6.7305	10.8772
640	76	6.1245	10.9545
640	77	5.1730	6.2448
640	80	5.0554	7.7851
640	81	5.1606	7.3746
640	82	4.9682	10.1948
640	90	10.7712	11.1442
640	153	6.1837	0.7055
640	247	12.4385	6.4438
640	248	12.5016	6.8333
640	249	12.8891	6.4908
640	250	12.8685	5.9488
640	252	12.0719	4.1467
640	253	13.5596	5.0257
640	348	4.4711	9.7583
640	350	10.8408	7.9605
640	397	10.8390	7.4118
640	398	4.0361	11.5127
640	399	3.3546	13.2358
650	26	2.9886	4.2851
650	27	3.4135	4.0348
650	28	2.9821	3.5694
650	29	13.7678	7.7493
650	30	13.8574	8.0137
650	56	3.7341	5.4500
650	75	6.7585	10.9476
650	76	6.1727	11.0294
650	77	5.0139	6.2386
650	80	4.9531	7.7715
650	81	5.0053	7.3803
650	82	4.7986	10.3340
650	90	10.8000	11.1383
650	153	6.3849	0.7697
650	247	12.3238	6.4221
650	248	12.2912	6.8405
650	249	12.7115	6.5431
650	250	12.7815	5.9851
650	252	11.6551	3.8257
650	253	13.2383	4.7672
650	348	4.4579	9.4898
650	350	10.8455	7.9338
650	397	10.9442	7.3455
650	398	3.8745	11.6270
650	399	3.3216	13.1797
660	26	2.8238	4.2264
660	27	3.2096	3.9976
660	28	2.9543	3.5560
660	29	13.7716	7.7629
660	30	13.8459	8.0278
660	56	3.5059	5.4169
660	75	6.7862	11.0177
660	76	6.2207	11.1046
660	77	4.9209	6.3216
660	80	4.8510	7.7579
660	81	4.8904	7.3949
660	82	4.6957	10.4762
660	90	10.8291	11.1323
660	153	6.5625	0.7845
660	247	12.2089	6.4004
660	248	12.0807	6.8474
660	249	12.5338	6.5951
660	250	12.6790	6.0142
660	252	11.2891	3.4522
660	253	12.9436	4.5166
660	348	4.4448	9.2213
660	350	10.8503	7.9068
660	397	11.0494	7.2791
660	398	3.8107	11.7211
660	399	3.2885	13.1234
670	26	2.7276	4.1718
670	27	3.0057	3.9603
670	28	2.9267	3.5427
670	29	13.7754	7.7767
670	30	13.8343	8.0419
670	56	3.3123	5.3937
670	75	6.8140	11.0879
670	76	6.2689	11.1795
670	77	4.8281	6.4049
670	80	4.8479	7.7786
670	81	4.7757	7.4092
670	82	4.5926	10.6182
670	90	10.8579	11.1263
670	153	6.7401	0.7995
670	247	12.0329	6.4264
670	248	11.8113	6.7911
670	249	12.3333	6.6421
670	250	12.5140	6.0142
670	252	10.9231	3.0787
670	253	12.7060	4.3231
670	348	4.3770	8.9347
670	350	10.8549	7.8801
670	397	11.1513	7.3638
670	398	3.7469	11.8151
670	399	3.2647	13.0776
680	26	2.6314	4.1171
680	27	2.8857	3.9350
680	28	2.8754	3.5262
680	29	13.7792	7.7906
680	30	13.8229	8.0560
680	56	3.1991	5.3937
680	75	6.8420	11.1581
680	76	6.3220	11.2170
680	77	4.7350	6.4882
680	80	4.8556	7.8030
680	81	4.6713	7.4242
680	82	4.4896	10.7605
680	90	10.9044	11.1170
680	153	6.8740	0.7969
680	247	11.8416	6.4643
680	248	11.5167	6.7075
680	249	12.1228	6.6870
680	250	12.3493	6.0142
680	252	10.5422	2.6355
680	253	12.5029	4.1935
680	348	4.2857	8.6402
680	350	10.8598	7.8533
680	397	11.2531	7.4486
680	398	3.6831	11.9091
680	399	3.2778	13.0726
690	26	2.5353	4.0627
690	27	2.8912	3.9276
690	28	2.7308	3.4964
690	29	13.7829	7.8044
690	30	13.8114	8.0700
690	56	3.0858	5.3937
690	75	6.8698	11.2282
690	76	6.3802	11.2170
690	77	4.6426	6.5739
690	80	4.8634	7.8276
690	81	4.6601	7.4445
690	82	4.3867	10.9027
690	90	11.0214	11.0951
690	153	6.8332	0.7239
690	247	11.6503	6.5023
690	248	11.2155	6.6639
690	249	11.9123	6.7316
690	250	12.1842	6.0142
690	252	10.1615	2.1923
690	253	12.0944	4.1231
690	348	4.1946	8.3459
690	350	10.8644	7.8264
690	397	11.3550	7.5333
690	398	3.6333	12.0724
690	399	3.2908	13.0678
700	26	2.5275	4.0663
700	27	2.8966	3.9202
700	28	2.5860	3.4665
700	29	13.7867	7.8180
700	30	13.7998	8.0841
700	56	3.0492	5.3908
700	75	6.8978	11.2984
700	76	6.4383	11.2170
700	77	4.5555	6.6808
700	80	4.8714	7.8521
700	81	4.6490	7.4646
700	82	4.3076	11.0354
700	90	11.1382	11.0729
700	153	6.7921	0.6511
700	247	11.4588	6.5405
700	248	10.9114	6.6374
700	249	11.6589	6.7939
700	250	11.9936	6.0336
700	252	9.6578	1.9510
700	253	11.6528	4.0546
700	348	4.0041	8.0727
700	350	10.8693	7.7996
700	397	11.3586	7.5257
700	398	3.5834	12.2356
700	399	3.3039	13.0628
710	26	2.5298	4.0763
710	27	2.9023	3.9128
710	28	2.4414	3.4367
710	29	13.7905	7.8319
710	30	13.7882	8.0982
710	56	3.0454	5.3866
710	75	6.9569	11.3791
710	76	6.4966	11.2170
710	77	4.4684	6.7877
710	80	4.8792	7.8767
710	81	4.6380	7.4846
710	82	4.2842	11.1459
710	90	11.2553	11.0509
710	153	6.7513	0.5780
710	247	11.2506	6.5870
710	248	10.6074	6.6109
710	249	11.3628	6.8734
710	250	11.7774	6.0722
710	252	9.1403	1.7322
710	253	11.1616	3.9882
710	348	3.7711	7.8085
710	350	10.8739	7.7729
710	397	11.3512	7.5080
710	398	3.5335	12.3991
710	399	3.3169	13.0578
720	26	2.5321	4.0863
720	27	2.9078	3.9054
720	28	2.4102	3.4484
720	29	13.7943	7.8457
720	30	13.7766	8.1123
720	56	3.0416	5.3823
720	75	7.0239	11.4621
720	76	6.5549	11.2170
720	77	4.3935	6.8894
720	80	4.8872	7.9013
720	81	4.6269	7.5047
720	82	4.2607	11.2564
720	90	11.3721	11.0287
720	153	6.5665	0.5329
720	247	11.0166	6.6467
720	248	10.3970	6.6751
720	249	11.0665	6.9529
720	250	11.5613	6.1109
720	252	8.5548	1.6355
720	253	10.6270	3.9054
720	348	3.5381	7.5443
720	350	10.8787	7.7459
720	397	11.3439	7.4903
720	398	3.4577	12.5487
720	399	3.3300	13.0530
730	26	2.5342	4.0964
730	27	2.9135	3.8980
730	28	2.3791	3.4603
730	29	13.7981	7.8595
730	30	13.7650	8.1264
730	56	3.0381	5.3782
730	75	7.0908	11.5454
730	76	6.6589	11.2970
730	77	4.3672	6.9689
730	80	4.8950	7.9257
730	81	4.6159	7.5247
730	82	4.2373	11.3669
730	90	11.4891	11.0068
730	153	6.2860	0.5064
730	247	10.7828	6.7063
730	248	10.1865	6.7393
730	249	10.8099	7.0281
730	250	11.3451	6.1498
730	252	7.9013	1.6606
730	253	10.0632	3.8116
730	348	3.2641	7.2588
730	350	10.8954	7.6810
730	397	11.3365	7.4724
730	398	3.2772	12.6442
730	399	3.3430	13.0480
740	26	2.5365	4.1064
740	27	2.9189	3.8909
740	28	2.3479	3.4720
740	29	13.8019	7.8734
740	30	13.7537	8.1404
740	56	3.0343	5.3739
740	75	7.1577	11.6285
740	76	6.7742	11.3972
740	77	4.3408	7.0483
740	80	4.9028	7.9502
740	81	4.6048	7.5450
740	82	4.2139	11.4774
740	90	11.6808	10.9943
740	153	6.0052	0.4799
740	247	10.5489	6.7660
740	248	9.9693	6.8314
740	249	10.5632	7.1023
740	250	11.0951	6.2011
740	252	7.2556	1.6706
740	253	9.4996	3.7181
740	348	2.9854	6.9710
740	350	10.9238	7.5777
740	397	11.3291	7.4548
740	398	3.0968	12.7397
740	399	3.3559	13.0432
750	26	2.5386	4.1164
750	27	2.9246	3.8835
750	28	2.3166	3.4840
750	29	13.8057	7.8870
750	30	13.7421	8.1545
750	56	3.0307	5.3698
750	75	7.2246	11.7118
750	76	6.8896	11.4972
750	77	4.3145	7.1281
750	80	4.9108	7.9748
750	81	4.5936	7.5650
750	82	4.1906	11.5879
750	90	11.8913	10.9843
750	153	5.9635	0.4967
750	247	10.3233	6.8734
750	248	9.7420	6.9650
750	249	10.3164	7.1763
750	250	10.8366	6.2555
750	252	6.6149	1.6706
750	253	8.9096	3.6355
750	348	2.7070	6.6832
750	350	10.9522	7.4746
750	397	11.3218	7.4371
750	398	2.9164	12.8351
750	399	3.3689	13.0382
760	26	2.5409	4.1267
760	27	2.9301	3.8761
760	28	2.2854	3.4957
760	29	13.8095	7.9008
760	30	13.7305	8.1686
760	56	3.0269	5.3655
760	75	7.2916	11.7948
760	76	6.9603	11.5719
760	77	4.2882	7.2075
760	80	4.9186	7.9994
760	81	4.5827	7.5851
760	82	4.1041	11.6903
760	90	12.0319	10.9784
760	153	5.9484	0.5181
760	247	10.0998	6.9927
760	248	9.5147	7.0987
760	249	10.0314	7.2911
760	250	10.5780	6.3102
760	252	5.9679	1.6811
760	253	8.3134	3.5560
760	348	2.3903	6.3722
760	350	10.9806	7.3712
760	397	11.3144	7.4195
760	398	2.7497	12.9571
760	399	3.3820	13.0332
770	26	2.5430	4.1367
770	27	2.9356	3.8687
770	28	2.2543	3.5073
770	29	13.8132	7.9147
770	30	13.7190	8.1827
770	56	3.0231	5.3613
770	75	7.3718	11.8695
770	76	7.0119	11.6354
770	77	4.2619	7.2870
770	80	4.9354	8.0607
770	81	4.5715	7.6051
770	82	4.0106	11.7919
770	90	12.0674	10.9784
770	153	5.9332	0.5396
770	247	9.8761	7.1121
770	248	9.2868	7.2643
770	249	9.7420	7.4104
770	250	10.3162	6.3863
770	252	5.3052	1.7167
770	253	7.7302	3.4675
770	348	2.0354	6.0381
770	350	11.0873	7.2579
770	397	11.3070	7.4018
770	398	2.5887	13.0905
770	399	3.3950	13.0284
780	26	2.5454	4.1467
780	27	2.9412	3.8613
780	28	2.2231	3.5193
780	29	13.8170	7.9285
780	30	13.7074	8.1970
780	56	3.0195	5.3572
780	75	7.5039	11.9106
780	76	7.0632	11.6991
780	77	4.2356	7.3667
780	80	4.9880	8.2696
780	81	4.5881	7.7405
780	82	3.9170	11.8936
780	90	12.1030	10.9784
780	153	5.9181	0.5611
780	247	9.6237	7.2290
780	248	9.0588	7.4333
780	249	9.4686	7.5495
780	250	10.0463	6.5133
780	252	4.6426	1.7520
780	253	7.1663	3.3651
780	348	1.6808	5.7040
780	350	11.2136	7.1421
780	397	11.2997	7.3839
780	398	2.4277	13.2239
780	399	3.4081	13.0234
790	26	2.5475	4.1567
790	27	2.9467	3.8539
790	28	2.1920	3.5310
790	29	13.8208	7.9421
790	30	13.6958	8.2111
790	56	3.0158	5.3529
790	75	7.6363	11.9514
790	76	7.1146	11.7628
790	77	4.2093	7.4462
790	80	5.0406	8.4784
790	81	4.6233	7.9526
790	82	3.8235	11.9953
790	90	12.1386	10.9784
790	153	5.9029	0.5826
790	247	9.3520	7.3445
790	248	8.8094	7.5987
790	249	9.2114	7.7087
790	250	9.7767	6.6400
790	252	3.9786	1.7260
790	253	6.6025	3.2627
790	348	1.3259	5.3698
790	350	11.3399	7.0261
790	397	11.2923	7.3662
790	398	2.2673	13.3404
790	399	3.4211	13.0184
800	26	2.5498	4.1668
800	27	2.9524	3.8467
800	28	2.2196	3.5398
800	29	13.8246	7.9560
800	30	13.6842	8.2252
800	56	3.0122	5.3488
800	75	7.7685	11.9924
800	76	7.1819	11.8137
800	77	4.2093	7.7326
800	80	5.0960	8.7557
800	81	4.6595	8.2359
800	82	3.7299	12.0969
800	90	12.1741	10.9784
800	153	5.8878	0.6043
800	247	9.0805	7.4600
800	248	8.5388	7.7607
800	249	8.9540	7.8679
800	250	9.5057	6.7674
800	252	3.3136	1.6592
800	253	6.0591	3.1317
800	348	1.0191	5.1312
800	350	11.4493	6.8973
800	397	11.2849	7.3486
800	398	2.1080	13.4179
800	399	3.4339	13.0136
810	26	2.5519	4.1768
810	27	2.9579	3.8393
810	28	2.2537	3.5484
810	29	13.8284	7.9698
810	30	13.6729	8.2393
810	56	3.0084	5.3445
810	75	7.8152	12.0437
810	76	7.3128	11.8137
810	77	4.2093	8.0190
810	80	5.1522	9.0500
810	81	4.6961	8.5369
810	82	3.6427	12.1867
810	90	12.2097	10.9784
810	153	5.8726	0.6258
810	247	8.7671	7.5514
810	248	8.2683	7.9226
810	249	8.6861	8.0223
810	250	9.2209	6.9008
810	252	2.6563	1.5852
810	253	5.5289	2.9816
810	348	0.7120	4.8925
810	350	11.5194	6.7381
810	397	11.2776	7.3309
810	398	1.9487	13.4953
810	399	3.4470	13.0086
820	26	2.5542	4.1868
820	27	2.9636	3.8319
820	28	2.2878	3.5572
820	29	13.8322	7.9836
820	30	13.6613	8.2533
820	56	3.0046	5.3403
820	75	7.8251	12.0996
820	76	7.4437	11.8137
820	77	4.2598	8.3101
820	80	5.2084	9.3442
820	81	4.7281	8.8373
820	82	3.5617	12.2647
820	90	12.2453	10.9784
820	153	5.8575	0.6472
820	247	8.4121	7.6185
820	248	8.0103	8.0436
820	249	8.4157	8.1758
820	250	8.9361	7.0343
820	252	2.0687	1.4458
820	253	4.9990	2.8312
820	348	0.4262	4.6479
820	350	11.5897	6.5791
820	397	11.2702	7.3130
820	398	1.7896	13.5726
820	399	3.4600	13.0039
830	26	2.5563	4.1968
830	27	2.9690	3.8245
830	28	2.3219	3.5658
830	29	13.8360	7.9973
830	30	13.6497	8.2674
830	56	3.0010	5.3362
830	75	7.8350	12.1557
830	76	7.5744	11.8137
830	77	4.3608	8.6061
830	80	5.1650	9.6111
830	81	4.7552	9.1376
830	82	3.4807	12.3428
830	90	12.2808	10.9784
830	153	5.8423	0.6687
830	247	8.0568	7.6856
830	248	7.7577	8.1471
830	249	8.1450	8.3292
830	250	8.6514	7.1674
830	252	1.4810	1.3067
830	253	4.4156	2.6959
830	348	0.1543	4.3992
830	350	11.6598	6.4199
830	397	11.2628	7.2954
830	398	1.5995	13.6394
830	399	3.4731	12.9988