2720	129	4.3101	9.0197
2720	132	3.5103	10.2633
2720	137	4.8255	5.2744
2720	138	5.0848	5.8932
2720	140	6.6873	6.5646
2720	141	6.9413	6.0128
2720	142	3.8753	7.9820
2720	143	13.1736	12.3583
2720	232	12.1409	7.8660
2720	233	12.6927	7.4701
2720	238	12.4141	8.3929
2720	248	11.5585	5.1961
2720	249	12.1636	4.7756
2720	253	7.4913	7.1741
2720	254	6.7968	7.2758
2720	256	0.7690	7.7209
2720	257	1.5926	7.6211
2720	258	1.6151	7.0581
2720	324	4.8998	10.1963
2720	325	4.6565	10.7383
2720	326	3.9130	10.8352
2720	327	5.2061	9.2275
2720	376	7.6209	8.0691
2730	129	3.9858	9.2168
2730	132	3.4649	10.5311
2730	137	4.5332	5.2744
2730	138	4.7270	5.8854
2730	140	6.3750	6.5338
2730	141	6.5732	5.8916
2730	142	4.4116	8.0822
2730	143	12.9781	12.1623
2730	232	12.1474	7.8672
2730	233	12.6963	7.4701
2730	238	12.4181	8.3946
2730	248	11.5646	5.1987
2730	249	12.1655	4.7975
2730	253	7.8882	7.2218
2730	254	7.1817	7.4121
2730	256	0.7638	7.6395
2730	257	1.8849	7.7073
2730	258	1.9104	7.1498
2730	324	5.0933	10.0655
2730	325	4.6782	10.6020
2730	326	3.8540	11.0738
2730	327	5.0531	9.1624
2730	376	7.6157	8.0631
2740	129	3.8564	9.5015
2740	132	3.4493	10.7344
2740	137	4.2409	5.2744
2740	138	4.3693	5.8775
2740	140	6.0589	6.4789
2740	141	6.1753	5.8013
2740	142	4.9453	8.2001
2740	143	12.7828	11.9662
2740	232	12.1541	7.8684
2740	233	12.6997	7.4701
2740	238	12.4223	8.3963
2740	248	11.5707	5.2016
2740	249	12.1683	4.7999
2740	253	8.2757	7.2574
2740	254	7.5664	7.5486
2740	256	0.7587	7.5579
2740	257	2.1771	7.7937
2740	258	2.2025	7.2190
2740	324	5.3037	9.9263
2740	325	4.6930	10.4965
2740	326	3.8220	11.2791
2740	327	4.8828	9.0657
2740	376	7.6104	8.0572
2750	129	3.7269	9.7860
2750	132	3.4337	10.9378
2750	137	3.9548	5.2706
2750	138	4.0321	5.8684
2750	140	5.7371	6.3877
2750	141	5.7771	5.7111
2750	142	5.4677	8.3894
2750	143	12.5915	11.7581
2750	232	12.1609	7.8696
2750	233	12.7033	7.4701
2750	238	12.4263	8.3980
2750	248	11.5766	5.2045
2750	249	12.1708	4.8021
2750	253	8.6409	7.2643
2750	254	7.9320	7.6450
2750	256	0.8036	7.3161
2750	257	2.4654	7.8791
2750	258	2.4944	7.2884
2750	324	5.4679	9.8805
2750	325	4.7075	10.3912
2750	326	3.8079	11.4621
2750	327	4.6723	8.8951
2750	376	7.6052	8.0512
2760	129	3.6316	10.0514
2760	132	3.4026	11.0693
2760	137	3.7252	5.2326
2760	138	3.7772	5.8560
2760	140	5.4151	6.2963
2760	141	5.3789	5.6207
2760	142	5.9903	8.5786
2760	143	12.4370	11.4397
2760	232	12.1676	7.8708
2760	233	12.7066	7.4701
2760	238	12.4303	8.3996
2760	248	11.5827	5.2073
2760	249	12.1735	4.8045
2760	253	9.0060	7.2715
2760	254	8.2892	7.7247
2760	256	0.8610	7.0340
2760	257	2.7510	7.9643
2760	258	2.7960	7.3638
2760	324	5.5857	9.9282
2760	325	4.7222	10.2858
2760	326	3.7941	11.6449
2760	327	4.4252	8.7567
2760	376	7.5999	8.0452
2770	129	3.5705	10.2977
2770	132	3.3674	11.1829
2770	137	3.4956	5.1947
2770	138	3.5226	5.8433
2770	140	5.0933	6.2052
2770	141	5.0352	5.5885
2770	142	6.5046	8.7617
2770	143	12.2827	11.1215
2770	232	12.1744	7.8720
2770	233	12.7102	7.4701
2770	238	12.4343	8.4013
2770	248	11.5888	5.2099
2770	249	12.1762	4.8068
2770	253	9.3712	7.2784
2770	254	8.6463	7.8042
2770	256	0.9193	6.7722
2770	257	3.0368	8.0498
2770	258	3.1850	7.4939
2770	324	5.7036	9.9760
2770	325	4.7369	10.1669
2770	326	3.7941	11.7962
2770	327	4.0319	8.7464
2770	376	7.5946	8.0393
2780	129	3.5093	10.5442
2780	132	3.3323	11.2965
2780	137	3.2660	5.1567
2780	138	3.2677	5.8309
2780	140	4.7132	6.1896
2780	141	4.7281	5.5949
2780	142	6.9999	8.9302
2780	143	12.1215	10.8120
2780	232	12.1811	7.8731
2780	233	12.7136	7.4701
2780	238	12.4383	8.4030
2780	248	11.5949	5.2128
2780	249	12.1790	4.8090
2780	253	9.7309	7.3677
2780	254	9.0035	7.8836
2780	256	0.9782	6.5240
2780	257	3.4190	8.1326
2780	258	3.5741	7.6240
2780	324	5.8088	9.8736
2780	325	4.7525	9.9282
2780	326	3.8037	11.9265
2780	327	3.6383	8.7359
2780	376	7.5894	8.0333
2790	129	3.4230	10.7531
2790	132	3.2974	11.4103
2790	137	3.0364	5.1188
2790	138	3.0507	5.8233
2790	140	4.3328	6.1744
2790	141	4.4208	5.6013
2790	142	7.4951	9.0987
2790	143	11.8974	10.5810
2790	232	12.1878	7.8743
2790	233	12.7171	7.4701
2790	238	12.4425	8.4046
2790	248	11.6008	5.2157
2790	249	12.1817	4.8114
2790	253	10.0899	7.4658
2790	254	9.3606	7.9634
2790	256	1.0323	6.2779
2790	257	3.8254	8.2149
2790	258	3.9631	7.7543
2790	324	5.9141	9.7714
2790	325	4.7683	9.6896
2790	326	3.8132	12.0566
2790	327	3.3906	8.6705
2790	376	7.5841	8.0273
2800	129	3.2988	10.9060
2800	132	3.1793	11.5483
2800	137	2.8672	5.0920
2800	138	2.8901	5.8233
2800	140	3.9527	6.1589
2800	141	4.1138	5.6078
2800	142	7.9903	9.2669
2800	143	11.6734	10.3502
2800	232	12.1943	7.8755
2800	233	12.7205	7.4701
2800	238	12.4465	8.4063
2800	248	11.6069	5.2185
2800	249	12.1845	4.8138
2800	253	10.4490	7.5641
2800	254	9.7178	8.0428
2800	256	1.0418	6.0500
2800	257	4.2318	8.2972
2800	258	4.4248	7.7345
2800	324	5.9966	9.6693
2800	325	4.8367	9.4898
2800	326	3.8229	12.1869
2800	327	3.1591	8.5989
2800	376	7.5788	8.0214
2810	129	3.1749	11.0590
2810	132	3.0059	11.7027
2810	137	2.7236	5.0703
2810	138	2.7293	5.8233
2810	140	3.6953	6.2252
2810	141	3.9433	5.6393
2810	142	8.2833	9.4006
2810	143	11.4493	10.1192
2810	232	12.2011	7.8765
2810	233	12.7241	7.4701
2810	238	12.4505	8.4080
2810	248	11.6130	5.2212
2810	249	12.1872	4.8162
2810	253	10.7788	7.7156
2810	254	10.0710	8.1266
2810	256	1.0513	5.8221
2810	257	4.6892	8.3913
2810	258	4.9047	7.6772
2810	324	5.9886	9.5683
2810	325	4.9849	9.3483
2810	326	3.8372	12.2759
2810	327	3.1618	8.6455
2810	376	7.5736	8.0154
2820	129	3.0507	11.2120
2820	132	2.8326	11.8571
2820	137	2.5801	5.0488
2820	138	2.5687	5.8233
2820	140	3.4516	6.3006
2820	141	3.7880	5.6732
2820	142	8.5539	9.5299
2820	143	11.2388	9.9402
2820	232	12.2078	7.8777
2820	233	12.7277	7.4701
2820	238	12.4545	8.4097
2820	248	11.6191	5.2240
2820	249	12.1899	4.8183
2820	253	11.0795	7.9202
2820	254	10.3896	8.2493
2820	256	0.9917	5.4815
2820	257	5.1522	8.4867
2820	258	5.3753	7.6610
2820	324	5.9804	9.4674
2820	325	5.1330	9.2070
2820	326	3.8713	12.2012
2820	327	3.1904	8.7051
2820	376	7.5683	8.0094
2830	129	2.8044	11.4122
2830	132	2.6601	12.0206
2830	137	2.4366	5.0271
2830	138	2.3814	5.7865
2830	140	3.2079	6.3760
2830	141	3.6326	5.7073
2830	142	8.8246	9.6595
2830	143	11.0284	9.7612
2830	232	12.2146	7.8789
2830	233	12.7310	7.4701
2830	238	12.4585	8.4113
2830	248	11.6250	5.2269
2830	249	12.1927	4.8207
2830	253	11.3801	8.1247
2830	254	10.7080	8.3717
2830	256	0.9244	5.1283
2830	257	5.6152	8.5822
2830	258	5.8242	7.7405
2830	324	5.9858	9.3619
2830	325	5.2444	9.1292
2830	326	3.9054	12.1265
2830	327	3.2191	8.7648
2830	376	7.5631	8.0035
2840	129	2.4361	11.6595
2840	132	2.4904	12.2194
2840	137	2.2718	5.0078
2840	138	2.1764	5.7254
2840	140	2.9659	6.4591
2840	141	3.4771	5.7414
2840	142	8.9986	9.7268
2840	143	10.8179	9.5822
2840	232	12.2213	7.8801
2840	233	12.7346	7.4701
2840	238	12.4627	8.4130
2840	248	11.6311	5.2298
2840	249	12.1954	4.8231
2840	253	11.6627	8.3206
2840	254	11.0267	8.4944
2840	256	0.9109	4.8209
2840	257	5.9888	8.6829
2840	258	6.2733	7.8202
2840	324	6.0001	9.2536
2840	325	5.3401	9.0784
2840	326	3.9393	12.0518
2840	327	3.2479	8.8244
2840	376	7.5578	7.9975
2850	129	2.0678	11.9065
2850	132	2.3210	12.4182
2850	137	2.0573	4.9942
2850	138	1.9714	5.6641
2850	140	2.7392	6.6121
2850	141	3.3037	5.8725
2850	142	9.0283	9.7008
2850	143	10.5534	9.4304
2850	232	12.2280	7.8813
2850	233	12.7380	7.4701
2850	238	12.4667	8.4147
2850	248	11.6372	5.2324
2850	249	12.1981	4.8252
2850	253	11.9374	8.5128
2850	254	11.3165	8.6278
2850	256	0.9782	4.5823
2850	257	6.3523	8.7841
2850	258	6.6633	7.9044
2850	324	6.0145	9.1450
2850	325	5.4357	9.0278
2850	326	3.9734	11.9771
2850	327	3.3620	8.9987
2850	376	7.5525	7.9915
2860	129	1.7610	12.1292
2860	132	2.1514	12.6172
2860	137	1.8430	4.9808
2860	138	1.7662	5.6030
2860	140	2.5125	6.7651
2860	141	3.1225	6.0448
2860	142	9.0580	9.6748
2860	143	10.2751	9.2855
2860	232	12.2348	7.8825
2860	233	12.7416	7.4701
2860	238	12.4707	8.4163
2860	248	11.6431	5.2352
2860	249	12.2009	4.8276
2860	253	12.2122	8.7051
2860	254	11.5630	8.7779
2860	256	1.0456	4.3436
2860	257	6.7157	8.8853
2860	258	6.9159	7.9999
2860	324	6.0288	9.0366
2860	325	5.5443	8.9736
2860	326	4.0073	11.9024
2860	327	3.5613	9.2877
2860	376	7.5473	7.9856
2870	129	1.4802	12.3413
2870	132	1.9683	12.7609
2870	137	1.6286	4.9672
2870	138	1.5130	5.5309
2870	140	2.2861	6.9180
2870	141	2.9412	6.2171
2870	142	9.0875	9.6485
2870	143	9.9971	9.1407
2870	232	12.2413	7.8836
2870	233	12.7449	7.4701
2870	238	12.4747	8.4180
2870	248	11.6492	5.2381
2870	249	12.2036	4.8300
2870	253	12.4827	8.8937
2870	254	11.8094	8.9280
2870	256	1.2417	4.1909
2870	257	7.0689	9.0089
2870	258	7.1684	8.0953
2870	324	6.0810	8.9514
2870	325	5.6720	8.9139
2870	326	4.0414	11.8277
2870	327	3.7358	9.6037
2870	376	7.5420	7.9796
2880	129	1.1997	12.5535
2880	132	1.7759	12.8678
2880	137	1.4141	4.9539
2880	138	1.2390	5.4546
2880	140	2.0647	7.0405
2880	141	2.7512	6.3736
2880	142	9.1171	9.6225
2880	143	9.7340	8.9392
2880	232	12.2480	7.8848
2880	233	12.7485	7.4701
2880	238	12.4787	8.4197
2880	248	11.6553	5.2410
2880	249	12.2063	4.8324
2880	253	12.7134	9.0476
2880	254	12.0561	9.0779
2880	256	1.4522	4.0477
2880	257	7.4151	9.1476
2880	258	7.3726	8.2970
2880	324	6.2845	8.9593
2880	325	5.7998	8.8543
2880	326	4.0754	11.7528
2880	327	3.8936	9.9378
2880	376	7.5368	7.9736
2890	129	1.0109	12.8580
2890	132	1.5835	12.9750
2890	137	1.1997	4.9403
2890	138	0.9650	5.3780
2890	140	1.8651	7.0405
2890	141	2.4826	6.3889
2890	142	9.1466	9.5963
2890	143	9.4709	8.7381
2890	232	12.2548	7.8860
2890	233	12.7519	7.4701
2890	238	12.4829	8.4213
2890	248	11.6615	5.2436
2890	249	12.2091	4.8345
2890	253	12.9442	9.2015
2890	254	12.2646	9.2156
2890	256	1.7098	3.9646
2890	257	7.7613	9.2863
2890	258	7.5647	8.5254
2890	324	6.4880	8.9672
2890	325	5.9364	8.7715
2890	326	4.1093	11.6781
2890	327	4.0108	10.2488
2890	376	7.4833	7.9395
2900	129	0.8223	13.1626
2900	132	1.3912	13.0819
2900	137	0.9035	4.7987
2900	138	0.6910	5.3014
2900	140	1.6654	7.0405
2900	141	2.2139	6.4042
2900	142	9.1763	9.5703
2900	143	9.2078	8.5366
2900	232	12.2615	7.8872
2900	233	12.7554	7.4701
2900	238	12.4869	8.4230
2900	248	11.6673	5.2465
2900	249	12.2118	4.8369
2900	253	13.1751	9.3555
2900	254	12.4692	9.3521
2900	256	2.0377	3.9715
2900	257	8.0320	9.4395
2900	258	7.7697	8.6991
2900	324	6.6928	8.9796
2900	325	6.0787	8.6731
2900	326	4.1434	11.6034
2900	327	4.1011	10.5442
2900	376	7.3974	7.8863
2910	129	0.6335	13.4671
2910	132	1.1990	13.1888
2910	137	0.6072	4.6574
2910	138	0.4169	5.2247
2910	140	1.4657	7.0405
2910	141	1.9453	6.4195
2910	142	9.1788	9.5645
2910	143	8.8486	8.3803
2910	232	12.2682	7.8882
2910	233	12.7588	7.4701
2910	238	12.4909	8.4247
2910	248	11.6734	5.2493
2910	249	12.2146	4.8393
2910	253	13.2894	9.5669
2910	254	12.6736	9.4884
2910	256	2.3658	3.9787
2910	257	8.2269	9.6075
2910	258	7.9872	8.8185
2910	324	6.9033	9.0094
2910	325	6.2211	8.5748
2910	326	4.1375	11.6039
2910	327	4.2009	10.8542
2910	376	7.3118	7.8333