3560	139	4.9924	10.5292
3560	140	4.6591	10.2268
3560	142	6.9805	1.9451
3560	143	7.0786	1.4637
3560	144	4.8239	2.2577
3560	145	3.7896	2.2935
3560	146	2.8907	2.2124
3560	147	2.7480	1.6291
3560	207	11.5691	6.9806
3560	208	12.3202	6.7433
3560	209	10.4938	10.5249
3560	212	4.0199	2.8878
3560	213	3.6737	3.3582
3560	214	8.6002	4.2033
3560	215	8.9591	4.4983
3560	216	8.2174	3.8450
3560	218	10.8451	5.7376
3560	220	13.5441	1.7947
3560	221	8.1924	0.9845
3560	222	10.6563	0.3656
3560	269	3.3778	9.1025
3560	301	6.5697	10.8144
3560	306	7.6317	7.2147
3560	307	8.1951	7.2028
3560	311	11.4607	9.6598
3560	314	7.1642	10.6442
3560	320	11.9748	8.2187
3560	321	11.7275	5.9665
3560	322	11.9445	5.5696
3560	323	9.3055	6.3075
3560	324	13.0320	6.4653
3560	325	12.6565	6.4861
3560	326	13.3403	6.1061
3560	327	14.5385	6.4455
3560	389	4.9927	8.6330
3560	390	4.4457	8.5918
3560	395	5.2873	9.3586
3560	396	4.2539	9.9998
3560	399	3.6522	11.6149
3560	414	11.0000	7.9333
3570	139	4.8927	10.6989
3570	140	4.5357	10.4132
3570	142	7.3873	2.1121
3570	143	7.5557	1.6706
3570	144	5.0427	2.4296
3570	145	3.9323	2.1780
3570	146	3.1744	2.1396
3570	147	2.8899	1.6155
3570	207	11.5611	6.9911
3570	208	12.2985	6.7648
3570	209	10.4845	10.5383
3570	212	3.7778	2.7565
3570	213	3.2986	3.3548
3570	214	8.2450	4.3376
3570	215	8.5312	4.6293
3570	216	7.8043	3.9830
3570	218	10.5975	6.0605
3570	220	13.1513	2.2243
3570	221	8.6461	1.2305
3570	222	10.0865	0.3847
3570	269	3.3717	9.1003
3570	301	6.4613	10.7953
3570	306	7.6331	7.2314
3570	307	8.1982	7.2025
3570	311	11.4272	9.6633
3570	314	7.2568	10.7874
3570	320	11.9268	8.2120
3570	321	11.4120	5.8142
3570	322	11.7229	5.3937
3570	323	8.7869	6.4164
3570	324	12.7895	6.3760
3570	325	12.3122	6.1932
3570	326	13.0562	6.0226
3570	327	14.2636	6.3980
3570	389	4.9992	8.6070
3570	390	4.4585	8.5918
3570	395	5.0585	9.2030
3570	396	4.4753	9.9442
3570	399	3.4979	11.6943
3570	414	10.9758	7.9395
3580	139	4.7759	10.8865
3580	140	4.4198	10.5908
3580	142	7.7942	2.2792
3580	143	7.9766	1.8630
3580	144	5.2616	2.6014
3580	145	4.0748	2.0625
3580	146	3.4579	2.0670
3580	147	3.0031	1.6064
3580	207	11.5529	7.0016
3580	208	12.2769	6.7865
3580	209	10.4751	10.5514
3580	212	3.5358	2.6253
3580	213	3.0322	3.2513
3580	214	7.8503	4.4629
3580	215	8.1035	4.7601
3580	216	7.4692	4.0890
3580	218	10.3456	6.3295
3580	220	12.7584	2.6539
3580	221	9.1001	1.4766
3580	222	9.5429	0.3153
3580	269	3.3655	9.0982
3580	301	6.3297	10.7755
3580	306	7.6348	7.2479
3580	307	8.2014	7.2023
3580	311	11.3424	9.6509
3580	314	7.2922	10.8600
3580	320	11.8787	8.2051
3580	321	11.0884	5.6305
3580	322	11.3668	5.2102
3580	323	8.2608	6.5476
3580	324	12.5707	6.2615
3580	325	11.9679	5.9004
3580	326	12.8125	5.8970
3580	327	13.9185	6.4075
3580	389	5.0057	8.5810
3580	390	4.4715	8.5918
3580	395	4.8077	9.1096
3580	396	4.7049	9.8645
3580	399	3.3373	11.7433
3580	414	10.9516	7.9455
3590	139	4.6572	11.0762
3590	140	4.3145	10.7557
3590	142	8.1841	2.4549
3590	143	8.3976	2.0551
3590	144	5.4609	2.4632
3590	145	4.2369	2.0212
3590	146	3.7137	2.2088
3590	147	3.0848	1.6384
3590	207	11.5449	7.0121
3590	208	12.2552	6.8082
3590	209	10.4658	10.5648
3590	212	3.4055	2.4434
3590	213	2.7655	3.1479
3590	214	7.4294	4.5823
3590	215	7.7125	4.8632
3590	216	7.1339	4.1952
3590	218	10.0918	6.5751
3590	220	12.3949	3.0673
3590	221	9.4690	1.7184
3590	222	8.9991	0.2456
3590	269	3.3594	9.0960
3590	301	6.2586	10.7690
3590	306	7.6363	7.2646
3590	307	8.2046	7.2018
3590	311	11.1805	9.6144
3590	314	7.2703	10.8619
3590	320	11.8305	8.1982
3590	321	10.7558	5.4529
3590	322	11.0105	5.0267
3590	323	7.8268	6.7054
3590	324	12.3379	6.1469
3590	325	11.7440	5.6324
3590	326	12.5734	5.7670
3590	327	13.5733	6.4171
3590	389	5.0230	8.5648
3590	390	4.4844	8.5918
3590	395	4.5425	9.0576
3590	396	4.9344	9.7851
3590	399	3.1742	11.7791
3590	414	10.9271	7.9517
3600	139	4.5385	11.2659
3600	140	4.2093	10.9204
3600	142	8.5569	2.6389
3600	143	8.8185	2.2475
3600	144	5.6535	2.3183
3600	145	4.4183	2.0541
3600	146	3.9624	2.4040
3600	147	3.0389	1.8355
3600	207	11.5366	7.0226
3600	208	12.2335	6.8300
3600	209	10.4010	10.6113
3600	212	3.2753	2.2615
3600	213	2.5165	3.0508
3600	214	7.0085	4.7016
3600	215	7.3254	4.9634
3600	216	6.7928	4.3317
3600	218	9.8380	6.8207
3600	220	12.0752	3.4560
3600	221	9.7816	1.9570
3600	222	8.4786	0.2635
3600	269	3.3533	9.0939
3600	301	6.2784	10.7831
3600	306	7.6378	7.2813
3600	307	8.2077	7.2016
3600	311	11.0187	9.5777
3600	314	7.2484	10.8638
3600	320	11.7825	8.1915
3600	321	10.3448	5.3278
3600	322	10.6218	4.8706
3600	323	7.4319	6.8744
3600	324	12.0729	6.0319
3600	325	11.5143	5.3562
3600	326	12.2928	5.6443
3600	327	13.2119	6.4140
3600	389	5.0505	8.5586
3600	390	4.4974	8.5918
3600	395	4.3251	8.9746
3600	396	5.1478	9.6583
3600	399	3.0111	11.8149
3600	414	10.9029	7.9579
3610	139	4.4198	11.4557
3610	140	4.1041	11.0853
3610	142	8.9298	2.8231
3610	143	9.2123	2.4336
3610	144	5.7838	2.1138
3610	145	4.5997	2.0871
3610	146	4.2514	2.5150
3610	147	2.9932	2.0327
3610	207	11.5286	7.0331
3610	208	12.2118	6.8517
3610	209	10.2530	10.7082
3610	212	3.2064	2.2391
3610	213	2.4252	3.0112
3610	214	6.6686	4.9035
3610	215	6.9386	5.0634
3610	216	6.4455	4.4987
3610	218	9.6107	7.0872
3610	220	11.7557	3.8450
3610	221	10.0941	2.1957
3610	222	7.9604	0.2909
3610	269	3.3472	9.0917
3610	301	6.2982	10.7970
3610	306	7.6395	7.2980
3610	307	8.2111	7.2013
3610	311	10.9764	9.5197
3610	314	7.2265	10.8657
3610	320	11.7038	8.2006
3610	321	9.9340	5.2028
3610	322	10.1840	4.7560
3610	323	7.0460	7.0923
3610	324	11.8079	5.9171
3610	325	11.1117	4.9827
3610	326	11.9948	5.5250
3610	327	12.8436	6.4054
3610	389	5.0783	8.5521
3610	390	4.5103	8.5918
3610	395	4.2198	8.8185
3610	396	5.3363	9.4607
3610	399	2.8480	11.8507
3610	414	10.8785	7.9638
3620	139	4.3312	11.6127
3620	140	4.0016	11.2492
3620	142	9.3026	3.0071
3620	143	9.5652	2.6107
3620	144	5.9141	1.9093
3620	145	4.7508	2.1119
3620	146	4.5671	2.5701
3620	147	3.0372	1.9257
3620	207	11.5204	7.0436
3620	208	12.1901	6.8734
3620	209	10.1053	10.8048
3620	212	3.1446	2.2346
3620	213	2.3341	2.9713
3620	214	6.3285	5.1054
3620	215	6.6766	5.2066
3620	216	6.0843	4.6601
3620	218	9.4455	7.4027
3620	220	11.4211	4.2152
3620	221	10.3945	2.4427
3620	222	7.4488	0.3475
3620	269	3.3411	9.0896
3620	301	6.3177	10.8111
3620	306	7.6508	7.2822
3620	307	8.2142	7.2011
3620	311	10.9640	9.4567
3620	314	7.2046	10.8676
3620	320	11.5023	8.2731
3620	321	9.4829	5.0665
3620	322	9.7462	4.6415
3620	323	6.6800	7.4245
3620	324	11.5282	5.8262
3620	325	10.7091	4.6092
3620	326	11.7120	5.4352
3620	327	12.4753	6.3970
3620	389	5.1061	8.5459
3620	390	4.5233	8.5918
3620	395	4.1146	8.6624
3620	396	5.5251	9.2633
3620	399	2.6719	11.8132
3620	414	10.8543	7.9700
3630	139	4.2426	11.7697
3630	140	3.9100	11.4101
3630	142	9.5972	3.1503
3630	143	9.9184	2.7878
3630	144	5.8655	1.8804
3630	145	4.8817	2.1312
3630	146	4.8828	2.6253
3630	147	3.0911	1.7849
3630	207	11.5124	7.0541
3630	208	12.1685	6.8951
3630	209	9.9573	10.9015
3630	212	3.0827	2.2298
3630	213	2.2513	2.9327
3630	214	6.0216	5.3009
3630	215	6.4457	5.3605
3630	216	5.7091	4.8157
3630	218	9.2800	7.7180
3630	220	11.0799	4.5773
3630	221	10.6668	2.7095
3630	222	6.9521	0.4716
3630	269	3.3350	9.0874
3630	301	6.3375	10.8249
3630	306	7.6668	7.2524
3630	307	8.2174	7.2006
3630	311	10.9516	9.3934
3630	314	7.1828	10.8695
3630	320	11.3011	8.3459
3630	321	9.0319	4.9300
3630	322	9.2872	4.4978
3630	323	6.3140	7.7564
3630	324	11.2388	5.7517
3630	325	10.3002	4.3341
3630	326	11.4649	5.4145
3630	327	12.0948	6.3801
3630	389	5.1337	8.5397
3630	390	4.5362	8.5918
3630	395	3.9309	8.4431
3630	396	5.7501	9.1151
3630	399	2.4902	11.7447
3630	414	10.8301	7.9762
3640	139	4.1539	11.9268
3640	140	3.8185	11.5709
3640	142	9.8919	3.2935
3640	143	10.2497	2.9713
3640	144	5.8168	1.8515
3640	145	5.0124	2.1506
3640	146	5.0476	2.6355
3640	147	3.1452	1.6444
3640	207	11.5044	7.0646
3640	208	12.1468	6.9168
3640	209	9.7287	11.0058
3640	212	3.0208	2.2253
3640	213	2.2440	2.9050
3640	214	5.7644	5.4866
3640	215	6.2148	5.5145
3640	216	5.3624	4.9830
3640	218	9.1112	8.0097
3640	220	10.7388	4.9395
3640	221	10.9391	2.9763
3640	222	6.4554	0.5957
3640	269	3.3289	9.0853
3640	301	6.3571	10.8390
3640	306	7.6826	7.2226
3640	307	8.2206	7.2004
3640	311	10.9465	9.3416
3640	314	7.1609	10.8714
3640	320	11.1464	8.4154
3640	321	8.5832	4.7971
3640	322	8.8259	4.3510
3640	323	6.0814	8.0829
3640	324	10.9494	5.6770
3640	325	9.8898	4.0835
3640	326	11.2178	5.3937
3640	327	11.7128	6.3624
3640	389	5.1614	8.5333
3640	390	4.5492	8.5918
3640	395	3.7132	8.1963
3640	396	6.0113	9.0163
3640	399	2.3084	11.6760
3640	414	10.8057	7.9822
3650	139	4.0656	12.0814
3650	140	3.7271	11.7318
3650	142	10.1865	3.4367
3650	143	10.5302	3.1701
3650	144	5.7684	1.8226
3650	145	5.1433	2.1699
3650	146	5.2122	2.6460
3650	147	3.1991	1.5036
3650	207	11.4962	7.0751
3650	208	12.1251	6.9386
3650	209	9.4657	11.1132
3650	212	2.9589	2.2205
3650	213	2.2366	2.8773
3650	214	5.5072	5.6722
3650	215	6.0246	5.6920
3650	216	5.1303	5.1971
3650	218	8.9391	8.2772
3650	220	10.3806	5.2610
3650	221	11.2117	3.2429
3650	222	5.9520	0.6523
3650	269	3.3228	9.0832
3650	301	6.3769	10.8528
3650	306	7.6984	7.1927
3650	307	8.2237	7.2001
3650	311	10.9520	9.3070
3650	314	7.1390	10.8733
3650	320	10.9972	8.4848
3650	321	8.1431	4.6777
3650	322	8.3481	4.2205
3650	323	5.8549	8.4092
3650	324	10.6584	5.5968
3650	325	9.3747	3.8515
3650	326	10.9741	5.2682
3650	327	11.3354	6.3359
3650	389	5.1890	8.5271
3650	390	4.5620	8.5918
3650	395	3.4958	7.9498
3650	396	6.2725	8.9178
3650	399	2.1267	11.6072
3650	414	10.7815	7.9884
3660	139	3.9782	12.2270
3660	140	3.6356	11.8924
3660	142	10.4346	3.7181
3660	143	10.8110	3.3692
3660	144	5.7198	1.7938
3660	145	5.2890	2.1861
3660	146	5.3919	2.6556
3660	147	3.3706	1.4506
3660	207	11.4882	7.0856
3660	208	12.1034	6.9603
3660	209	9.1868	11.2110
3660	212	2.9210	2.1095
3660	213	2.2292	2.8496
3660	214	5.3081	5.8717
3660	215	5.8518	5.8796
3660	216	4.8979	5.4109
3660	218	8.7669	8.5447
3660	220	10.0181	5.5727
3660	221	11.4499	3.5825
3660	222	5.4468	0.6921
3660	269	3.3167	9.0810
3660	301	6.3965	10.8669
3660	306	7.7142	7.1629
3660	307	8.2269	7.1999
3660	311	10.9574	9.2726
3660	314	7.1171	10.8752
3660	320	10.8478	8.5540
3660	321	7.7030	4.5584
3660	322	7.8320	4.1281
3660	323	5.6851	8.7304
3660	324	10.3648	5.5080
3660	325	8.8334	3.6243
3660	326	10.7236	5.1436
3660	327	10.9770	6.2741
3660	389	5.2168	8.5209
3660	390	4.5751	8.5918
3660	395	3.2833	7.6531
3660	396	6.5690	8.8094
3660	399	1.9449	11.5385
3660	414	10.7573	7.9944
3670	139	3.8911	12.3724
3670	140	3.5510	12.0342
3670	142	10.6826	3.9992
3670	143	11.0915	3.5680
3670	144	5.6712	1.7651
3670	145	5.4363	2.2021
3670	146	5.5782	2.6646
3670	147	3.5421	1.3976
3670	207	11.4800	7.0961
3670	208	12.0817	6.9820
3670	209	8.9012	11.3048
3670	212	2.8891	1.9723
3670	213	2.2219	2.8217
3670	214	5.1339	6.0777
3670	215	5.6788	6.0670
3670	216	4.7060	5.6515
3670	218	8.6070	8.8039
3670	220	9.6557	5.8844
3670	221	11.6844	3.9305
3670	222	4.9417	0.7320
3670	269	3.3106	9.0789
3670	301	6.4162	10.8807
3670	306	7.7298	7.1331
3670	307	8.2302	7.1994
3670	311	10.9629	9.2380
3670	314	7.0952	10.8772
3670	320	10.7192	8.6600
3670	321	7.1886	4.4613
3670	322	7.3160	4.0357
3670	323	5.5150	9.0517
3670	324	10.0710	5.4192
3670	325	8.2854	3.5243
3670	326	10.4130	5.0300
3670	327	10.6184	6.2123
3670	389	5.2444	8.5144
3670	390	4.5879	8.5918
3670	395	3.0728	7.3347
3670	396	6.8889	8.6949
3670	399	1.7631	11.4698
3670	414	10.7329	8.0006
3680	139	3.8037	12.5179
3680	140	3.4710	12.1631
3680	142	10.9189	4.2768
3680	143	11.3188	3.8186
3680	144	5.6226	1.7363
3680	145	5.5836	2.2179
3680	146	5.7695	2.6658
3680	147	3.7071	1.3322
3680	207	11.4720	7.1066
3680	208	12.0601	7.0035
3680	209	8.6156	11.3986
3680	212	2.8573	1.8348
3680	213	2.2145	2.7940
3680	214	4.9598	6.2834
3680	215	5.5502	6.2185
3680	216	4.6077	5.9538
3680	218	8.4961	9.0302
3680	220	9.3512	6.2099
3680	221	11.9188	4.2782
3680	222	4.4132	0.6811
3680	269	3.3045	9.0767
3680	301	6.4360	10.8948
3680	306	7.7455	7.1032
3680	307	8.2334	7.1992
3680	311	10.9686	9.2034
3680	314	7.0733	10.8791
3680	320	10.5959	8.7753
3680	321	6.6741	4.3639
3680	322	6.8031	3.9448
3680	323	5.3614	9.3679
3680	324	9.7774	5.3305
3680	325	7.7342	3.4787
3680	326	10.1023	4.9164
3680	327	10.2579	6.1414
3680	389	5.2722	8.5082
3680	390	4.6010	8.5918
3680	395	2.8362	7.0257
3680	396	7.2101	8.5863
3680	399	1.5905	11.4013
3680	414	10.7087	8.0068
3690	139	3.7145	12.6616
3690	140	3.3910	12.2919
3690	142	11.1083	4.5393
3690	143	11.5232	4.0913
3690	144	5.5742	1.7074
3690	145	5.6325	2.1921
3690	146	6.0073	2.5930
3690	147	3.8576	1.2384
3690	207	11.4638	7.1171
3690	208	12.0384	7.0252
3690	209	8.3673	11.4509
3690	212	2.7266	1.6957
3690	213	2.2071	2.7663
3690	214	4.8148	6.5448
3690	215	5.4262	6.3660
3690	216	4.4995	6.2756
3690	218	8.3854	9.2562
3690	220	9.2792	6.5918
3690	221	12.1579	4.5983
3690	222	3.8791	0.6076
3690	269	3.2984	9.0746
3690	301	6.4556	10.9087
3690	306	7.7613	7.0734
3690	307	8.2366	7.1989
3690	311	10.9741	9.1688
3690	314	7.0514	10.8810
3690	320	10.4725	8.8906
3690	321	6.1582	4.2649
3690	322	6.3015	3.8606
3690	323	5.2242	9.6793
3690	324	9.4701	5.2412
3690	325	7.1922	3.4281
3690	326	9.6904	4.7710
3690	327	9.8954	6.0620
3690	389	5.2999	8.5020
3690	390	4.6138	8.5918
3690	395	2.5386	6.7376
3690	396	7.5429	8.5326
3690	399	1.4998	11.3349
3690	414	10.6843	8.0128
3700	139	3.6067	12.7893
3700	140	3.3110	12.4208
3700	142	11.2978	4.8018
3700	143	11.7277	4.3641
3700	144	5.5256	1.6785
3700	145	5.6701	2.1613
3700	146	6.2453	2.5205
3700	147	4.0079	1.1446
3700	207	11.4558	7.1276
3700	208	12.0167	7.0469
3700	209	8.1231	11.4986
3700	212	2.4970	1.5546
3700	213	2.1998	2.7384
3700	214	4.6772	6.8202
3700	215	5.3025	6.5133
3700	216	4.3888	6.6020
3700	218	8.2746	9.4824
3700	220	9.2070	6.9736
3700	221	12.4033	4.8765
3700	222	3.3464	0.5649
3700	269	3.2923	9.0724
3700	301	6.4754	10.9227
3700	306	7.7706	7.0593
3700	307	8.2397	7.1987
3700	311	10.9795	9.1345
3700	314	7.0295	10.8829
3700	320	10.4071	8.9493
3700	321	5.6390	4.1615
3700	322	5.8002	3.7766
3700	323	5.0739	9.9719
3700	324	9.0399	5.1479
3700	325	6.6564	3.3737
3700	326	9.2788	4.6259
3700	327	9.5816	5.9073
3700	389	5.3515	8.4879
3700	390	4.6269	8.5918
3700	395	2.2410	6.4495
3700	396	7.8754	8.4786
3700	399	1.4093	11.2688
3700	414	10.6601	8.0190
3710	139	3.4992	12.9170
3710	140	3.2311	12.5497
3710	142	11.5049	5.0462
3710	143	11.9357	4.6300
3710	144	5.4769	1.6496
3710	145	5.7080	2.1308
3710	146	6.5002	2.5501
3710	147	4.1266	1.1031
3710	207	11.4232	7.1507
3710	208	11.9950	7.0686
3710	209	7.8954	11.5504
3710	212	2.2970	1.4635
3710	213	2.1924	2.7107
3710	214	4.5448	7.0813
3710	215	5.1680	6.6693
3710	216	4.2558	6.8393
3710	218	8.1511	9.6550
3710	220	9.1348	7.3555
3710	221	12.6490	5.1551
3710	222	2.8202	0.6444
3710	269	3.2862	9.0703
3710	301	6.4950	10.9366
3710	306	7.7767	7.0524
3710	307	8.2429	7.1982
3710	311	10.9852	9.0999
3710	314	6.8839	10.7910
3710	320	10.3481	9.0018
3710	321	5.1200	4.0579
3710	322	5.2987	3.6923
3710	323	4.8723	10.1908
3710	324	8.6099	5.0543
3710	325	6.1104	3.3174
3710	326	8.8423	4.5405
3710	327	9.2889	5.7207
3710	389	5.6186	8.4054
3710	390	4.6397	8.5918
3710	395	1.9211	6.1393
3710	396	8.2081	8.4247
3710	399	1.3186	11.2025
3710	414	10.6359	8.0252
3720	139	3.3914	13.0447
3720	140	3.1656	12.6654
3720	142	11.7827	5.2181
3720	143	12.1584	4.8687
3720	144	5.3774	1.6181
3720	145	5.7457	2.1002
3720	146	6.7591	2.6050
3720	147	4.2135	1.1133
3720	207	11.2925	7.2247
3720	208	11.9544	7.0982
3720	209	7.6921	11.6079
3720	212	2.1661	1.4895
3720	213	2.0661	2.6305
3720	214	4.4334	7.2849
3720	215	5.0230	6.8338
3720	216	4.1207	7.0667
3720	218	8.0086	9.7473
3720	220	9.0319	7.7006
3720	221	12.9106	5.3834
3720	222	2.2941	0.7239
3720	269	3.1854	9.0607
3720	301	6.5147	10.9507
3720	306	7.7828	7.0455
3720	307	8.2460	7.1980
3720	311	10.9913	9.0144
3720	314	6.7380	10.6994
3720	320	10.2892	9.0543
3720	321	4.6062	3.9560
3720	322	4.7868	3.5835
3720	323	4.6706	10.4096
3720	324	8.1149	4.9333
3720	325	5.5493	3.2577
3720	326	8.3950	4.4808
3720	327	9.0106	5.5214
3720	389	5.8857	8.3228
3720	390	4.6528	8.5918
3720	395	1.5675	5.7956
3720	396	8.5990	8.3793
3720	399	1.2281	11.1361
3720	414	10.6114	8.0311
3730	139	3.2837	13.1724
3730	140	3.1098	12.7726
3730	142	12.0605	5.3899
3730	143	12.3808	5.1073
3730	144	5.2722	1.5864
3730	145	5.7834	2.0697
3730	146	7.0177	2.6704
3730	147	4.3004	1.1238
3730	207	11.1618	7.2989
3730	208	11.7440	7.1992
3730	209	7.4890	11.6655
3730	212	2.0352	1.5153
3730	213	1.8205	2.4981
3730	214	4.3219	7.4882
3730	215	4.8777	6.9985
3730	216	3.9854	7.2939
3730	218	7.8659	9.8397
3730	220	8.9157	8.0297
3730	221	13.1962	5.5369
3730	222	1.7557	0.7919
3730	269	2.9897	9.0440
3730	301	6.5343	10.9645
3730	306	7.7889	7.0386
3730	307	8.2492	7.1977
3730	311	10.9974	8.9161
3730	314	6.5425	10.5941
3730	320	10.2303	9.1068
3730	321	4.1055	3.8572
3730	322	4.2724	3.4684
3730	323	4.5181	10.6364
3730	324	7.6039	4.8057
3730	325	4.9880	3.1980
3730	326	7.9253	4.4162
3730	327	8.7545	5.3035
3730	389	6.1109	8.2469
3730	390	4.6656	8.5918
3730	395	1.2140	5.4519
3730	396	8.9898	8.3338
3730	399	1.1374	11.0698
3730	414	10.5872	8.0373
3740	139	3.2117	13.2781
3740	140	3.0538	12.8798
3740	142	12.3293	5.5157
3740	143	12.6033	5.3460
3740	144	5.1669	1.5544
3740	145	5.8213	2.0391
3740	146	7.2751	2.7763
3740	147	4.3874	1.1341
3740	207	11.0322	7.3985
3740	208	11.5335	7.3001
3740	209	7.3364	11.6979
3740	212	1.9045	1.5410
3740	213	1.6124	2.3348
3740	214	4.2106	7.6918
3740	215	4.7169	7.1763
3740	216	3.8500	7.5211
3740	218	7.7630	9.9294
3740	220	8.7995	8.3588
3740	221	13.4818	5.6904
3740	222	1.1691	0.8136
3740	269	2.7937	9.0275
3740	301	6.5541	10.9786
3740	306	7.7952	7.0314
3740	307	8.2525	7.1973
3740	311	11.0035	8.8178
3740	314	6.2719	10.4693
3740	320	10.1714	9.1593
3740	321	3.6048	3.7584
3740	322	3.7595	3.3527
3740	323	4.3777	10.8650
3740	324	7.0927	4.6777
3740	325	4.4206	3.0217
3740	326	7.4033	4.3398
3740	327	8.4923	5.0861
3740	389	6.2942	8.1777
3740	390	4.6786	8.5918
3740	395	0.7770	5.1942
3740	396	9.2815	8.3650
3740	399	1.0469	11.0036
3740	414	10.5346	8.0400
3750	139	3.1486	13.3783
3750	140	2.9981	12.9869
3750	142	12.5944	5.6219
3750	143	12.8527	5.4510
3750	144	5.2456	1.5303
3750	145	5.8589	2.0083
3750	146	7.5323	2.8825
3750	147	4.4743	1.1446
3750	207	10.9046	7.5576
3750	208	11.3611	7.4037
3750	209	7.2343	11.7051
3750	212	1.6818	1.5076
3750	213	1.4202	2.1582
3750	214	4.0973	7.8082
3750	215	4.5460	7.3627
3750	216	3.7111	7.6805
3750	218	7.7525	10.0130
3750	220	8.6438	8.6330
3750	221	13.8486	5.7648
3750	222	0.5824	0.8353
3750	269	2.5980	9.0108
3750	301	6.5739	10.9924
3750	306	7.8013	7.0245
3750	307	8.2557	7.1970
3750	311	11.0284	8.7082
3750	314	5.9846	10.3817
3750	320	10.1566	9.1674
3750	321	3.0894	3.6532
3750	322	3.2607	3.2291
3750	323	4.2619	11.0710
3750	324	6.5876	4.5727
3750	325	3.8534	2.8453
3750	326	6.8814	4.2634
3750	327	8.1766	4.8730
3750	389	6.4775	8.1082
3750	390	4.6915	8.5918
3750	395	0.3309	4.9460
3750	396	9.5621	8.4049
3750	399	0.9561	10.9373
3750	414	10.2269	8.0125