120	3	10.1490	7.0479
120	4	2.9859	6.5796
120	7	9.2727	5.1488
120	8	10.1739	5.1185
120	10	3.8892	8.6731
120	11	3.6021	8.0290
120	12	3.0010	8.4023
120	13	2.8901	7.6533
120	17	9.4398	4.4567
120	19	14.0246	4.2438
120	20	14.3426	3.7551
120	23	4.1883	5.4274
120	25	9.2636	9.6509
120	74	12.4766	12.2485
120	75	1.7258	8.4247
120	76	1.6284	7.7803
120	217	7.9899	4.9111
120	219	7.2429	3.6322
120	220	7.9166	4.2188
130	3	10.5418	7.2553
130	4	2.9998	6.5815
130	7	8.9128	5.3567
130	8	9.8479	5.3741
130	10	4.2087	8.6650
130	11	3.9593	8.0653
130	12	3.2485	8.4304
130	13	3.2256	7.6459
130	17	8.9509	4.7338
130	19	13.9395	4.1975
130	20	14.1525	3.6945
130	23	4.6006	5.5238
130	25	8.9330	9.4536
130	74	12.4122	12.2387
130	75	1.9487	8.4808
130	76	1.8329	7.7968
130	217	7.8884	4.9648
130	219	7.2112	3.6787
130	220	7.8924	4.2243
140	3	10.8838	7.4939
140	4	3.0139	6.5834
140	7	8.5531	5.5646
140	8	9.5290	5.6200
140	10	4.5250	8.6583
140	11	4.3133	8.0863
140	12	3.4962	8.4583
140	13	3.5745	7.6271
140	17	8.6133	5.0147
140	19	13.7627	4.1832
140	20	13.9524	3.6365
140	23	4.9924	5.6391
140	25	8.5979	9.2590
140	74	12.3596	12.2337
140	75	2.1716	8.5371
140	76	2.0493	7.8512
140	217	7.7323	5.0343
140	219	7.1390	3.7470
140	220	7.7224	4.3069
150	3	11.2258	7.7326
150	4	3.0280	6.5853
150	7	8.1953	5.7732
150	8	9.2102	5.8660
150	10	4.8407	8.6521
150	11	4.6599	8.0724
150	12	3.7795	8.4839
150	13	3.9235	7.6082
150	17	8.3765	5.2982
150	19	13.5859	4.1689
150	20	13.7520	3.5782
150	23	5.3843	5.7541
150	25	8.2626	9.0645
150	74	12.3069	12.2289
150	75	2.3943	8.5932
150	76	2.2659	7.9058
150	217	7.5761	5.1035
150	219	7.0668	3.8152
150	220	7.5525	4.3894
160	3	11.5642	7.9624
160	4	3.0419	6.5870
160	7	7.8558	5.9889
160	8	8.8911	6.0935
160	10	5.1564	8.6457
160	11	5.0065	8.0583
160	12	4.0986	8.5070
160	13	4.2724	7.5894
160	17	8.0221	5.4364
160	19	13.4092	4.1546
160	20	13.5518	3.5200
160	23	5.7562	5.8908
160	25	8.0118	9.0612
160	74	12.2543	12.2239
160	75	2.5782	8.6156
160	76	2.4822	7.9603
160	217	7.3116	5.1656
160	219	6.9946	3.8832
160	220	7.4332	4.4434
170	3	11.8711	8.1116
170	4	3.0560	6.5889
170	7	7.5163	6.2044
170	8	8.5720	6.2782
170	10	5.4721	8.6395
170	11	5.3532	8.0443
170	12	4.4177	8.5302
170	13	4.6536	7.5701
170	17	7.6588	5.5739
170	19	13.2324	4.1403
170	20	13.3027	3.5257
170	23	6.0982	6.0600
170	25	7.7702	9.0789
170	74	12.2047	12.2122
170	75	2.7360	8.6156
170	76	2.7249	7.9963
170	217	6.9748	5.2228
170	219	7.0091	3.9209
170	220	7.3899	4.4539
180	3	12.1781	8.2607
180	4	3.0701	6.5908
180	7	7.1769	6.4199
180	8	8.2530	6.4631
180	10	5.7577	8.6139
180	11	5.7270	8.0371
180	12	4.7626	8.5304
180	13	5.0347	7.5507
180	17	7.2168	5.7052
180	19	13.0406	4.1341
180	20	13.0413	3.5474
180	23	6.4402	6.2290
180	25	7.5410	9.0834
180	74	12.1813	12.1416
180	75	2.8939	8.6156
180	76	2.9743	8.0278
180	217	6.6597	5.2753
180	219	7.0331	3.9548
180	220	7.3465	4.4644
190	3	12.4503	8.3703
190	4	3.0839	6.5927
190	7	6.9573	6.4199
190	8	7.9510	6.6161
190	10	6.0433	8.5884
190	11	6.1035	8.0309
190	12	5.1459	8.4963
190	13	5.4157	7.5314
190	17	6.7761	5.8388
190	19	12.7893	4.1606
190	20	12.7797	3.5692
190	23	6.6507	6.7063
190	25	7.3621	9.0357
190	74	12.1579	12.0709
190	75	3.0517	8.6156
190	76	3.2235	8.0591
190	217	6.5408	5.2858
190	219	7.0571	3.9890
190	220	7.3031	4.4749
200	3	12.7075	8.4631
200	4	3.0980	6.5946
200	7	6.7376	6.4199
200	8	7.7171	6.6426
200	10	6.3100	8.5560
200	11	6.4800	8.0247
200	12	5.5291	8.4622
200	13	5.7754	7.5261
200	17	6.3459	5.9944
200	19	12.5378	4.1870
200	20	12.4770	3.6276
200	23	6.8637	7.1457
200	25	7.1468	9.0008
200	74	12.1493	12.0098
200	75	3.2178	8.6065
200	76	3.4727	8.0906
200	217	6.4219	5.2961
200	219	7.2657	3.9639
200	220	7.2598	4.4854
210	3	12.9632	8.6564
210	4	3.1121	6.5966
210	7	6.4630	6.4686
210	8	7.4193	6.6877
210	10	6.5006	8.4963
210	11	6.8576	8.0223
210	12	5.8568	8.3793
210	13	6.0850	7.5543
210	17	5.9160	6.1503
210	19	12.2865	4.2138
210	20	12.1333	3.7231
210	23	7.0988	7.2440
210	25	6.7860	9.0180
210	74	12.1630	11.9631
210	75	3.4169	8.5614
210	76	3.7240	8.0972
210	217	6.4040	5.1930
210	219	7.7506	3.8496
210	220	7.2164	4.4959
220	3	13.2187	8.8612
220	4	3.1260	6.5982
220	7	6.1649	6.5383
220	8	7.0260	6.7603
220	10	6.6915	8.4366
220	11	7.2423	8.0564
220	12	6.1471	8.2643
220	13	6.3944	7.5825
220	17	5.3854	6.1507
220	19	12.0262	4.2539
220	20	11.7896	3.8186
220	23	7.3507	7.3280
220	25	6.4253	9.0349
220	74	12.1769	11.9163
220	75	3.6160	8.5163
220	76	3.9755	8.1039
220	217	6.4112	5.0613
220	219	8.2366	3.7200
220	220	7.1731	4.5064
230	3	13.4527	9.0655
230	4	3.1401	6.6001
230	7	5.8602	6.6161
230	8	6.6370	6.8357
230	10	6.8822	8.3770
230	11	7.6273	8.0906
230	12	6.4373	8.1490
230	13	6.7039	7.6104
230	17	4.8298	6.1126
230	19	11.7599	4.3028
230	20	11.4106	3.9186
230	23	7.6277	7.3908
230	25	6.0614	9.0650
230	74	12.1906	11.8697
230	75	3.8151	8.4712
230	76	4.2268	8.1104
230	217	6.4186	4.9295
230	219	8.7307	3.4503
230	220	7.1670	4.4811
240	3	13.4917	9.2688
240	4	3.1542	6.6020
240	7	5.5407	6.7135
240	8	6.2889	6.9366
240	10	7.0988	8.2996
240	11	8.0122	8.1247
240	12	6.6890	8.0309
240	13	7.0041	7.5285
240	17	4.2777	6.0708
240	19	11.4939	4.3520
240	20	10.9962	4.0228
240	23	7.8503	7.4844
240	25	5.6931	9.1149
240	74	12.2042	11.8230
240	75	3.9622	8.3946
240	76	4.4539	8.1085
240	217	6.4333	4.8369
240	219	9.2247	3.1804
240	220	7.1855	4.4322
250	3	13.5306	9.4722
250	4	3.1681	6.6040
250	7	5.2210	6.8106
250	8	5.9408	7.0376
250	10	7.3156	8.2225
250	11	8.3908	8.1383
250	12	6.9243	7.9116
250	13	7.3031	7.4343
250	17	3.7341	6.0211
250	19	11.1967	4.4245
250	20	10.5818	4.1274
250	23	8.0187	7.6085
250	25	5.3248	9.1645
250	74	12.3242	11.6394
250	75	4.0571	8.2870
250	76	4.6448	8.0937
250	217	6.4489	4.7484
250	219	9.6603	2.7045
250	220	7.2040	4.3830
260	3	13.5605	9.6712
260	4	3.1822	6.6059
260	7	4.8857	6.8751
260	8	5.6030	7.1588
260	10	7.5321	8.1452
260	11	8.7657	8.1383
260	12	7.1596	7.7922
260	13	7.6022	7.3400
260	17	3.1902	5.9715
260	19	10.7758	4.5909
260	20	10.1768	4.2591
260	23	8.1871	7.7326
260	25	4.9038	9.1550
260	74	12.4705	11.4215
260	75	4.1523	8.1791
260	76	4.8354	8.0786
260	217	6.4682	4.6677
260	219	10.0813	2.1768
260	220	7.2970	4.3004
270	3	13.5767	9.8640
270	4	3.1963	6.6078
270	7	4.5399	6.9178
270	8	5.2757	7.3004
270	10	7.7920	8.0612
270	11	9.1403	8.1383
270	12	7.3947	7.6686
270	13	7.8969	7.2433
270	17	2.7781	6.0083
270	19	10.3549	4.7572
270	20	9.7934	4.4553
270	23	8.3765	7.9712
270	25	4.4829	9.1454
270	74	12.5559	11.2254
270	75	4.2444	8.1099
270	76	5.0169	8.0502
270	217	6.5030	4.6171
270	219	10.3488	1.7353
270	220	7.6881	4.0844
280	3	13.5929	10.0566
280	4	3.2102	6.6097
280	7	4.1944	6.9603
280	8	4.9482	7.4417
280	10	8.0806	7.9727
280	11	9.5151	8.1383
280	12	7.6300	7.5354
280	13	8.1517	7.1240
280	17	2.3806	6.0546
280	19	9.9340	4.9236
280	20	9.4101	4.6512
280	23	8.5659	8.2099
280	25	4.0959	9.0853
280	74	12.5801	11.0509
280	75	4.3326	8.0989
280	76	5.1612	7.9686
280	217	6.5375	4.5665
280	219	10.5994	1.3036
280	220	8.0709	3.8787
290	3	13.7118	10.2206
290	4	3.2875	6.6085
290	7	3.8557	6.9994
290	8	4.6645	7.4701
290	10	8.3694	7.8839
290	11	9.8603	8.1867
290	12	7.8653	7.4020
290	13	8.4064	7.0047
290	17	1.9830	6.1011
290	19	9.4533	5.1099
290	20	8.9974	4.8090
290	23	8.8465	8.3789
290	25	3.7425	8.9746
290	74	12.6043	10.8764
290	75	4.4208	8.0877
290	76	5.3056	7.8868
290	217	6.5722	4.5159
290	219	10.8179	0.9482
290	220	8.3824	3.7641
300	3	13.8566	10.3772
300	4	3.5120	6.6006
300	7	3.5190	7.0376
300	8	4.3918	7.4701
300	10	8.6615	7.7992
300	11	10.1760	8.2836
300	12	8.1004	7.2686
300	13	8.6613	6.8853
300	17	1.6126	6.1584
300	19	8.9658	5.2982
300	20	8.5554	4.9283
300	23	9.1272	8.5481
300	25	3.3893	8.8636
300	74	12.6168	10.9079
300	75	4.5088	8.0767
300	76	5.4498	7.8049
300	217	6.6069	4.4656
300	219	11.0284	0.6119
300	220	8.6939	3.6496
310	3	14.0012	10.5340
310	4	3.7364	6.5925
310	7	3.1976	7.0643
310	8	4.1125	7.4660
310	10	8.9845	7.7479
310	11	10.4917	8.3808
310	12	8.4247	7.2111
310	13	8.9382	6.7779
310	17	1.3049	6.2410
310	19	8.4784	5.4866
310	20	8.1134	5.0477
310	23	9.4370	8.6779
310	25	3.0505	8.7712
310	74	12.6279	10.9624
310	75	4.5917	8.0593
310	76	5.5451	7.8245
310	217	6.6414	4.4150
310	219	11.1414	0.4365
310	220	9.0252	3.4281