0	547	30.7500	20.9500
0	548	29.3500	21.1000
0	550	20.5750	23.0250
1	547	30.2500	20.9500
1	548	29.1750	21.1000
1	550	19.0750	23.0250
2	547	29.9000	20.9500
2	548	29.0750	21.1000
2	550	19.0750	23.0250
3	547	29.5500	21.0500
3	548	29.0000	21.2250
3	550	19.0750	23.0250
4	547	29.1500	21.0500
4	548	28.8000	21.2250
4	550	19.0750	23.0250
5	547	28.8000	21.1500
5	548	28.7000	21.3250
5	550	19.0750	23.0250
6	547	28.4500	21.1500
6	548	28.6000	21.3250
6	550	19.0750	23.0250
7	547	28.0500	21.1500
7	548	28.4500	21.4500
7	550	19.0750	23.0250
8	547	27.6500	21.2750
8	548	28.3500	21.4500
8	550	19.0750	23.0250
9	547	27.3000	21.2750
9	548	28.2500	21.5500
9	550	19.0750	23.0250
10	547	26.9250	21.4000
10	548	28.0500	21.5500
10	550	19.0750	23.0250
11	547	26.5500	21.4000
11	548	27.9750	21.5500
11	550	19.0750	23.0250
12	549	38.6750	33.3000
13	547	26.1500	21.5000
13	548	27.9000	21.6750
13	550	19.0750	23.0250
14	549	39.2250	33.1750
15	547	25.7500	21.5000
15	548	27.8000	21.6750
15	550	19.0750	23.0250
16	549	39.8750	33.1750
17	547	25.4000	21.5000
17	548	27.6000	21.7750
17	550	19.0750	23.0250
18	549	40.5250	33.1750
19	547	25.0500	21.6000
19	548	27.5000	21.7750
19	550	19.0750	23.0250
20	549	41.1500	33.1750
21	547	24.6250	21.6000
21	548	27.4250	21.9000
21	550	19.0750	23.0250
22	549	41.8750	33.1750
23	547	24.2500	21.7250
23	548	27.2500	21.9000
23	550	19.0750	23.0250
24	549	42.7250	33.2500
25	547	23.9000	21.7250
25	548	27.1500	22.0000
25	550	19.0750	23.0250
26	549	43.5250	33.3500
27	547	23.5250	21.8500
27	548	27.0500	22.0000
27	550	19.0750	23.0250
28	549	44.3750	33.3500
29	547	23.1500	21.8500
29	548	26.8750	22.0000
29	550	19.0750	23.0250
30	549	45.1750	33.4750
31	547	22.8000	21.8500
31	548	26.8000	22.1250
31	550	19.0750	23.0250
32	549	46.0250	33.5250
33	547	22.4250	21.9500
33	548	26.7000	22.1250
33	550	19.0750	23.0250
34	549	46.8250	33.6500
35	547	22.0000	21.9500
35	548	26.6000	22.2250
35	550	19.0750	23.0250
36	549	47.5750	33.7500
37	547	21.6000	22.0500
37	548	26.4000	22.2250
37	550	19.0750	23.0250
38	549	48.4000	33.8500
39	547	21.2250	22.0500
39	548	26.3250	22.3500
39	550	19.0750	23.0250
40	549	49.2250	33.9750
41	547	21.0500	22.0500
41	548	26.2250	22.3500
41	550	19.0750	23.0250
42	549	49.6750	34.7500
43	547	23.0500	21.7250
43	548	26.0500	22.4500
43	550	19.0750	23.0250
44	549	50.5250	35.6500
45	547	25.0500	21.2750
45	548	25.9500	22.4500
45	550	19.0750	23.0250
46	549	50.8750	36.1000
47	547	27.0500	20.8250
47	548	25.8500	22.4500
47	550	19.0750	23.0250
48	549	50.8750	36.1000
49	547	26.9500	20.8250
49	548	25.4000	22.5750
49	550	19.0750	23.0250
50	549	50.8750	36.1000
51	547	26.4000	20.8250
51	548	24.9500	22.5750
51	550	19.0750	23.0250
52	549	50.8750	36.1000
53	547	25.9500	20.8250
53	548	24.5000	22.5750
53	550	19.0750	23.0250
54	549	50.8750	36.1000
55	547	25.4000	20.9500
55	548	23.9500	22.5750
55	550	19.0750	23.0250
56	549	50.8750	36.1000
57	547	24.9500	20.9500
57	548	23.4750	22.5750
57	550	19.0750	23.0250
58	549	50.8750	36.1000
59	547	24.4000	20.9500
59	548	23.0000	22.5750
59	550	19.0750	23.0250
60	549	50.8750	36.1000
61	547	23.9500	21.0500
61	548	22.5500	22.6750
61	550	19.0750	23.0250
62	549	50.8750	36.1000
63	547	23.5500	21.0500
63	548	22.3750	22.6750
63	550	19.0750	23.0250
64	549	50.8750	36.1000
65	547	23.2000	21.0500
65	548	22.1000	22.8000
65	550	19.0750	23.0250
66	549	50.8750	36.1000
67	547	22.8500	21.0500
67	548	21.9000	22.8000
67	550	19.0750	23.0250
68	549	50.8750	36.1000
69	547	22.4500	21.0500
69	548	21.7500	22.9000
69	550	19.0750	23.0250
70	549	50.8750	36.1000
71	547	22.1000	21.0500
71	548	21.4500	23.0250
71	550	19.0750	23.0250
72	549	50.8750	36.1000
73	553	40.5500	21.5000
73	555	43.7750	1.3750
74	547	21.7500	21.0500
74	548	21.2750	23.0250
74	550	19.0750	23.0250
75	549	50.8750	36.1000
76	553	38.8000	21.6000
76	555	43.7750	1.3750
77	547	21.5500	21.0500
77	548	21.2000	23.1250
77	550	19.0750	23.0250
78	549	50.8750	36.1000
79	553	37.1500	21.8500
79	555	43.7750	1.3750
80	547	21.5500	21.0500
80	548	21.2000	23.1250
80	550	19.0750	23.0250
81	549	50.8750	36.1000
82	553	35.5000	21.9500
82	555	43.7750	1.3750
83	553	33.8500	22.1750
83	555	43.7750	1.3750
84	553	32.1000	22.3000
84	555	43.7750	1.3750
85	553	30.4500	22.5000
85	555	43.7750	1.3750
86	553	28.8000	22.6250
86	555	43.7750	1.3750
87	553	27.1500	22.8500
87	555	43.7750	1.3750
88	553	25.5000	22.9500
88	555	43.7750	1.3750
89	553	23.9500	23.0750
89	555	43.7750	1.3750
90	554	65.1250	32.5750
91	553	22.3750	23.0750
91	555	43.7750	1.3750
92	554	65.0750	32.4500
93	553	19.8000	23.0750
93	555	43.7750	1.3750
94	554	65.0750	32.4500
95	553	16.4000	23.2000
95	555	43.7750	1.3750
96	554	64.8750	32.1250
97	553	14.4000	23.3000
97	555	43.7750	1.3750
98	554	64.6250	31.7750
99	553	12.4500	23.4000
99	555	43.7750	1.3750
100	554	64.4250	31.4500
101	553	12.0000	23.3000
101	555	43.7750	1.3750
102	554	64.2250	31.1000
103	553	11.1750	23.3000
103	555	43.7750	1.3750
104	554	63.9750	30.3250
105	553	7.7000	23.4000
105	555	43.7750	1.3750
106	554	63.6750	29.4250
107	553	5.4000	23.3000
107	555	43.7750	1.3750
108	554	63.4250	28.5250
109	553	3.8750	23.3000
109	555	43.7750	1.3750
110	554	63.1250	27.7250
111	553	2.4500	23.3000
111	555	43.7750	1.3750
112	554	62.6750	27.0750
113	555	43.7750	1.3750
114	554	62.3250	26.3750
115	555	43.7750	1.3750
116	554	61.7750	25.7250
117	555	43.7750	1.3750
118	554	61.1250	24.9250
119	555	43.7750	1.3750
120	554	60.3750	24.2500
121	555	43.7750	1.3750
122	568	64.5500	17.3500
123	554	59.4750	23.4750
124	555	43.7750	1.3750
125	568	63.9250	17.3500
126	554	58.5000	22.8000
127	555	43.7750	1.3750
128	568	63.2750	17.3500
129	554	57.5750	22.8000
130	555	43.7750	1.3750
131	568	62.7250	17.3500
132	554	56.5750	22.8000
133	555	43.7750	1.3750
134	568	62.0750	17.3500
135	554	57.5250	22.1000
136	555	43.7750	1.3750
137	568	61.5250	17.3500
138	554	55.3250	22.7000
139	555	43.7750	1.3750
140	568	60.9000	17.3500
141	554	53.6750	23.1500
142	555	43.7750	1.3750
143	568	60.3500	17.3500
144	554	51.9250	23.4500
145	555	43.7750	1.3750
146	568	59.7000	17.4500
147	554	50.6500	23.7000
148	555	43.7750	1.3750
149	568	59.0500	17.4500
150	554	49.5500	23.9000
151	555	43.7750	1.3750
152	568	58.5000	17.4500
153	554	48.4500	24.0500
154	555	43.7750	1.3750
155	568	57.8500	17.4500
156	554	47.3250	24.1500
157	555	43.7750	1.3750
158	568	57.3000	17.4500
159	554	46.0750	24.1500
160	555	43.7750	1.3750
161	568	56.6750	17.4500
162	554	44.6750	24.0500
163	555	43.7750	1.3750
164	568	56.1000	17.4500
165	554	43.3250	23.9000
166	555	43.7750	1.3750
167	568	55.4750	17.6750
168	554	41.9250	23.7000
169	555	43.7750	1.3750
170	568	54.8750	17.8500
171	554	40.6250	23.6000
172	555	43.7750	1.3750
173	568	54.3250	18.0000
174	554	39.2750	23.4500
175	555	43.7750	1.3750
176	568	53.7750	18.1750
177	568	53.2250	18.3500
178	568	52.4500	18.5250
179	568	51.4500	18.6250
180	568	50.5000	18.7250
181	568	49.8750	18.8750
182	568	49.2250	18.9750
183	568	48.6000	19.0750
184	569	54.1750	16.9000
185	568	47.9500	19.1750
186	569	53.5500	17.0500
187	568	47.4000	19.3250
188	569	52.9500	17.3000
189	568	46.8500	19.4250
190	569	52.3500	17.5000
191	568	46.2000	19.6250
192	569	51.8000	17.8500
193	568	45.6500	19.9750
194	569	51.2500	18.2000
195	568	45.0000	20.2250
196	569	50.7000	18.5000
197	568	44.3250	20.4250
198	569	50.1500	18.8500
199	568	43.5750	20.4250
200	569	49.6000	19.1000
201	568	42.8500	20.4250
202	569	49.0500	19.3000
203	568	42.1000	20.4250
204	569	48.4000	19.4000
205	568	41.4750	20.4250
206	569	47.7500	19.5250
207	568	40.8250	20.4750
208	569	47.1000	19.6500
209	568	40.2000	20.4750
210	569	46.5500	19.8750
211	568	39.5500	20.5000
212	569	46.1000	20.1000
213	568	38.8000	20.5000
214	569	45.5500	20.3250
215	568	38.1750	20.5000
216	569	44.9000	20.3250
217	568	37.3500	20.5500
218	569	44.2750	20.4250
219	568	36.5000	20.5500
220	569	43.6250	20.4250
221	568	35.6000	20.5500
222	569	43.0750	20.4250
223	568	34.7750	20.5500
224	569	42.4500	20.3750
225	568	34.1250	20.6500
226	569	41.6000	20.3750
227	568	33.8500	20.6500
228	569	40.7500	20.3250
229	568	33.4750	20.6500
230	569	40.1000	20.3750
231	568	33.0250	20.6500
232	569	39.3500	20.4500
233	568	32.3750	20.6500
234	569	38.7250	20.4500
235	568	31.4750	20.6500
236	569	38.1750	20.4500
237	568	30.6500	20.7500
238	569	37.6250	20.4500
239	568	29.8000	21.0000
240	569	37.1000	20.4500
241	568	29.2500	21.1000
242	569	36.5500	20.4500
243	568	28.6250	21.1000
244	569	36.0000	20.4500
245	568	28.0750	20.9000
246	569	35.4500	20.3000
247	568	27.6000	20.5500
248	569	34.9000	20.3000
249	568	27.2500	20.2000
250	569	34.3500	20.2000
251	568	26.5000	20.2000
252	578	64.8750	11.2250
253	578	64.2250	10.7750
254	579	64.9250	10.3250
255	578	63.6000	10.4250
256	579	64.4500	9.8750
257	578	63.1000	10.1000
258	579	63.7750	9.1750
259	578	62.6750	9.7000
260	579	63.0500	8.4500
261	578	62.2500	9.2500
262	579	62.7750	8.3500
263	578	61.9000	8.7000
264	579	62.5000	8.1250
265	578	61.4750	8.2500
266	579	62.1250	7.9000
267	578	61.0750	7.6750
268	579	61.8500	7.2250
269	578	60.7000	7.2250
270	579	61.4750	6.3250
271	578	60.3000	6.6500
272	579	61.1250	5.6500
273	578	59.9250	6.1000
274	579	60.7500	5.2000
275	578	59.5500	5.6500
276	579	60.4750	4.7500
277	578	59.2000	5.1000
278	579	60.2000	4.3000
279	578	58.9000	4.6500
280	579	59.8250	3.7500
281	578	58.5500	4.2000
282	579	59.4750	3.3000
283	578	58.2750	3.7500
284	579	59.1000	2.7250
285	578	58.0000	3.3000
286	579	58.7250	2.2750
287	578	57.7250	2.7250
288	579	58.4500	1.7500
289	578	57.3500	2.0500
290	579	58.0750	1.3750
291	578	57.0000	1.3750
292	579	57.8250	0.8750
293	580	44.8250	32.3500
294	581	44.3750	33.6250
295	580	45.4750	32.6250
296	581	44.8750	33.6500
297	580	45.9250	32.7000
298	581	45.4250	33.7000
299	580	46.3500	32.8000
300	581	46.0000	33.8250
301	580	46.8000	32.8500
302	581	46.4250	33.9750
303	580	47.2000	32.9750
304	581	46.7000	34.2000
305	580	47.6250	33.2500
306	581	47.0750	34.5250
307	580	48.0750	33.5750
308	581	47.3500	34.7750
309	580	48.6250	33.9250
310	584	60.8000	24.4750
311	581	47.7000	35.1000
312	580	48.9000	34.2500
313	584	60.1500	24.4750
314	581	47.9000	35.3250
315	580	49.1000	34.6000
316	584	59.5000	24.6000
317	581	48.0750	35.4250
318	580	49.1750	34.9250
319	584	58.8500	24.7000
320	581	48.3500	35.6750
321	580	49.3750	35.0500
322	584	58.3000	24.8250
323	581	48.4500	35.7750
324	580	49.5500	35.0500
325	584	57.6750	24.9250
326	581	48.6500	35.8750
327	584	57.0500	24.9250
328	581	48.7250	35.8750
329	584	56.3000	24.9250
330	584	55.5500	24.9250
331	584	54.9000	24.8250
332	580	50.2000	35.1500
333	584	54.2000	24.8250
334	581	49.2750	36.1250
335	580	50.2000	35.1500
336	584	53.4500	24.8250
337	581	49.2750	36.1250
338	580	50.2000	35.1500
339	584	52.7000	24.7000
340	581	49.2750	36.1250
341	580	50.2000	35.1500
342	584	52.0000	24.7000
343	581	49.2750	36.1250
344	580	50.2000	35.1500
345	584	51.2500	24.7000
346	581	49.2750	36.1250
347	580	50.2000	35.1500
348	584	50.6000	24.7000
349	581	49.2750	36.1250
350	580	50.2000	35.1500
351	584	49.9500	24.7000
352	581	49.2750	36.1250
353	580	50.2000	35.1500
354	584	49.3000	24.7000
355	581	49.2750	36.1250
356	580	50.2000	35.1500
357	584	48.7000	24.7000
358	581	49.2750	36.1250
359	580	50.2000	35.1500
360	584	48.0500	24.7000
361	581	49.2750	36.1250
362	580	50.2000	35.1500
363	584	47.4000	24.7000
364	581	49.2750	36.1250
365	580	50.2000	35.1500
366	584	46.7500	24.7000
367	581	49.2750	36.1250
368	580	50.2000	35.1500
369	584	46.1000	24.7000
370	581	49.2750	36.1250
371	580	50.2000	35.1500
372	584	45.4500	24.6000
373	581	49.2750	36.1250
374	580	50.2000	35.1500
375	584	44.7500	24.6000
376	581	49.2750	36.1250
377	580	50.2000	35.1500
378	584	44.1000	24.6000
379	581	49.2750	36.1250
380	580	50.2000	35.1500
381	584	43.3500	24.6000
382	581	49.2750	36.1250
383	580	50.2000	35.1500
384	584	42.7000	24.6000
385	581	49.2750	36.1250
386	580	50.2000	35.1500
387	584	41.9750	24.6000
388	581	49.2750	36.1250
389	580	50.2000	35.1500
390	584	41.3500	24.6000
391	581	49.2750	36.1250
392	580	50.2000	35.1500
393	584	40.5000	24.6000
394	581	49.2750	36.1250
395	580	50.2000	35.1500
396	584	39.7750	24.6000
397	581	49.2750	36.1250
398	580	50.2000	35.1500
399	584	38.9500	24.6000
400	581	49.2750	36.1250
401	580	50.2000	35.1500
402	584	38.3000	24.6000
403	581	49.2750	36.1250
404	580	50.2000	35.1500
405	584	37.6500	24.6000
406	581	49.2750	36.1250
407	580	50.2000	35.1500
408	584	36.9500	24.5250
409	581	49.2750	36.1250
410	580	50.2000	35.1500
411	584	36.2500	24.5250
412	581	49.2750	36.1250
413	580	50.2000	35.1500
414	584	35.5000	24.5750
415	570	1.0000	24.1000
416	585	45.6750	0.9750
417	584	34.7250	24.5750
418	570	2.4500	23.8500
419	585	45.4250	1.6750
420	584	34.0000	24.5750
421	570	3.9250	23.7000
422	585	45.2250	2.4250
423	584	33.2500	24.6500
424	570	5.4000	23.4750
425	585	45.0750	3.1750
426	584	32.5250	24.6500
427	570	6.9500	23.3500
428	585	44.8750	3.9750
429	584	31.7750	24.6500
430	570	7.9500	23.1250
431	585	44.6750	4.6250
432	584	31.1500	24.7000
433	570	8.9750	22.8000
434	585	44.5000	5.4250
435	584	30.5000	24.7000
436	570	10.2500	22.2250
437	585	44.3250	6.1500
438	584	29.8500	24.7000
439	570	11.5500	21.6750
440	585	44.1250	6.9500
441	584	29.2250	24.7000
442	570	12.9250	21.1000
443	585	43.9500	7.6250
444	584	28.6250	24.7000
445	570	14.2000	20.5500
446	585	43.6750	8.1750
447	584	27.9750	24.8250
448	570	15.5000	19.9750
449	585	43.2250	8.5250
450	584	27.3250	24.8250
451	570	16.7750	19.4250
452	585	42.8250	8.9750
453	584	26.6750	24.8250
454	570	18.0500	18.7500
455	585	42.3750	9.4250
456	584	26.0500	24.8250
457	570	19.3500	18.1750
458	585	42.0250	9.7500
459	584	25.4500	24.8250
460	570	20.9000	17.2750
461	585	41.5750	10.2000
462	584	24.8250	24.8250
463	570	22.5500	16.2750
464	585	40.7250	10.5500
465	584	24.1750	24.9250
466	570	24.3000	15.2500
467	585	39.8250	10.8750
468	584	23.5250	24.9250
469	570	25.9500	14.2500
470	585	38.9750	11.2250
471	584	22.8750	24.9250
472	570	27.6000	13.3500
473	585	38.1750	11.5500
474	584	22.2750	24.9250
475	570	29.0000	13.3500
476	585	37.3250	11.9000
477	584	21.6250	24.9250
478	570	30.2750	13.2500
479	585	36.5250	12.2250
480	584	20.9750	24.9250
481	570	31.6500	13.2500
482	585	35.6750	12.5750
483	584	20.2750	24.9250
484	570	33.0250	13.1250
485	585	34.9750	12.5750
486	584	19.6250	24.8250
487	570	34.4000	13.1250
488	585	34.2250	12.5750
489	584	18.8750	24.8250
490	570	35.7000	13.0000
491	585	33.4750	12.5750
492	584	18.2250	24.8250
493	570	37.0500	13.0000
494	585	32.7500	12.5750
495	584	17.5250	24.8250
496	570	38.4500	12.9000
497	585	32.0250	12.5750
498	584	16.8750	24.8250
499	570	39.7250	12.8000
500	585	31.3750	12.5750
501	584	16.2250	24.8250
502	570	40.7500	11.9000
503	585	30.6250	12.5750
504	584	15.4750	24.8250
505	570	41.7500	10.8750
506	575	65.2000	16.1750
506	585	29.9250	12.4500
507	584	14.8250	24.8250
508	570	42.7500	9.9750
509	575	64.9250	15.5750
509	585	29.1750	12.4500
510	584	14.2250	24.8250
511	570	43.5750	9.2000
512	575	64.7500	15.1250
512	585	28.4250	12.4500
513	584	13.5750	24.8250
514	570	43.9500	8.5250
515	573	54.3250	0.6500
516	575	64.5500	14.6750
516	585	27.7750	12.4500
517	584	12.8250	24.9250
518	570	44.4000	7.9500
519	573	54.6000	1.2250
520	575	64.3750	14.2250
520	585	27.0750	12.4500
521	584	12.1750	24.9250
522	570	44.7750	7.2750
523	573	54.8750	1.8750
524	575	63.9000	13.3500
524	585	26.3250	12.4500
525	584	11.5250	24.9250
526	570	45.1500	6.7250
527	573	55.2500	2.4250
528	575	63.3500	12.5750
528	585	25.6750	12.4500
529	584	10.8250	24.9250
530	570	45.5000	6.1500
531	573	55.5250	3.1250
532	575	62.8000	11.7750
532	585	25.1250	12.5750
533	584	10.1750	24.9250
534	570	45.9750	5.4750
535	573	55.8000	3.7750
536	575	62.3500	10.8750
536	585	24.6750	12.7750
537	584	9.5250	24.9250
538	570	46.3000	5.0250
539	573	56.2000	4.4250
540	575	62.0500	10.2750
540	585	24.1250	13.0250
541	584	8.7750	24.9250
542	570	46.6000	4.8000
543	573	56.5750	5.1500
544	575	61.6750	9.6000
544	585	23.6750	13.1250
545	584	8.1250	24.9250
546	570	46.9500	4.7000
547	573	57.0000	5.8000
548	575	61.3500	8.9500
549	570	47.2000	4.4750
550	573	57.4000	6.5500
551	575	60.9750	8.3000
552	570	47.4750	4.2500
553	573	57.8500	7.2250
554	575	60.6750	7.6750
555	570	47.8000	4.1250
556	573	58.2250	7.9750
557	575	60.2750	7.0000
558	570	48.1250	3.9000
559	573	58.6500	8.6250
560	575	59.9750	6.3750
561	570	48.4250	3.6750
562	573	59.0500	9.4000
563	575	59.6500	5.7000
564	570	48.7250	3.5750
565	573	59.4750	10.1000
566	575	59.3250	5.1000
567	570	49.0500	3.3500
568	573	59.9250	10.6500
569	575	59.0000	4.3500
570	570	49.1250	3.3500
571	573	60.4750	11.3250
572	575	58.6500	3.6750
573	570	49.1250	3.3500
574	573	61.0250	11.9000
575	575	58.3500	3.0000
576	570	49.1250	3.3500
577	573	61.4750	12.4500
578	575	57.7000	2.0500
579	570	49.1250	3.3500
580	573	62.0250	13.0000
581	575	57.1500	1.3250
582	570	49.1250	3.3500
583	573	62.5750	13.5750
584	575	56.9000	1.2750
585	570	49.1250	3.3500
586	573	63.1250	14.1500
587	570	49.1250	3.3500
588	573	63.6000	14.9750
589	570	49.1250	3.3500
590	573	63.9750	15.9500
591	570	49.1250	3.3500
592	573	64.3250	16.7000
593	570	49.1250	3.3500
594	573	64.6500	17.4000
595	570	49.1250	3.3500
596	573	64.8500	18.0500
597	570	49.1250	3.3500
598	570	49.1250	3.3500
599	570	49.1250	3.3500
600	570	49.1250	3.3500
601	570	49.1250	3.3500
602	570	49.1250	3.3500
603	570	49.1250	3.3500
604	570	49.1250	3.3500
605	570	49.1250	3.3500
606	570	49.1250	3.3500
607	570	49.1250	3.3500
608	570	49.1250	3.3500
609	570	49.1250	3.3500
610	570	49.1250	3.3500
611	570	49.1250	3.3500
612	570	49.1250	3.3500
613	570	49.1250	3.3500
614	570	49.1250	3.3500
615	570	49.1250	3.3500
616	570	49.1250	3.3500
617	570	49.1250	3.3500
618	570	49.1250	3.3500
619	570	49.1250	3.3500
620	558	45.8750	1.1000
621	558	45.8750	1.5250
622	558	45.8000	1.9250
623	558	45.8000	2.2750
624	571	54.6000	32.8000
625	558	45.8000	2.7250
626	571	54.8750	32.1250
627	558	45.9750	3.2750
628	571	55.2000	31.5000
629	558	45.7000	3.9750
630	571	55.5750	30.8750
631	558	45.5000	4.6250
632	571	55.8750	30.2750
633	558	45.3250	4.9750
634	571	56.2500	29.7000
635	558	45.1500	5.0750
636	571	56.7250	29.0250
637	558	44.9500	5.3250
638	572	55.4250	31.4000
638	574	54.1500	32.5250
639	571	57.1750	28.3750
640	558	44.7750	5.4250
641	572	55.3500	30.6000
641	574	54.0500	31.7250
642	571	57.6250	27.7750
643	558	44.6000	5.5250
644	572	55.3500	29.9250
644	574	54.0500	30.9250
645	571	58.0750	27.1250
646	558	44.4000	5.6500
647	572	55.3500	29.1500
647	574	54.0500	30.2250
648	571	58.4750	26.5750
649	558	44.4000	5.8750
650	572	55.3500	28.4500
650	574	54.0500	29.4250
651	571	58.8250	25.9750
652	558	44.4000	6.1000
653	572	55.3500	27.8000
653	574	54.0500	28.6750
654	571	59.2750	25.4250
655	558	44.4000	6.2250
656	572	55.3500	27.0000
656	574	54.0500	27.9750
657	571	59.6500	24.8750
658	573	64.8250	17.3250
659	558	44.3000	6.4250
660	572	55.3500	26.3500
660	574	54.0500	27.1750
661	571	60.0250	24.3250
662	573	64.4750	18.0250
663	558	44.3000	6.5500
664	572	55.2500	25.5500
664	574	54.0500	26.5000
665	571	60.4750	23.8750
666	573	64.0250	19.2500
667	558	44.3000	6.7750
668	572	55.2500	24.8750
668	574	54.0500	25.8250
669	571	60.5750	22.9750
670	573	63.4750	20.6000
671	558	44.2250	6.8750
672	572	55.2500	24.2000
672	574	54.0500	25.1750
673	571	60.6750	22.1750
674	573	62.8250	21.9500
675	558	44.2250	7.0000
676	572	55.1500	23.5250
676	574	54.0500	24.4750
677	571	60.7500	21.2750
678	573	62.1750	23.1750
679	558	44.2250	7.1250
680	572	55.1500	22.8500
680	574	54.0500	23.8250
681	571	61.1250	20.6000
682	573	61.8250	24.4250
683	558	44.1500	7.3250
684	572	55.1500	22.1750
684	574	54.0500	23.1250
685	571	61.6750	20.0250
686	573	61.6250	25.6750
687	558	44.1500	7.4500
688	572	55.1500	21.5000
688	574	54.0500	22.4750
689	571	62.2250	19.4750
690	573	61.3250	27.0000
691	558	44.1500	7.5750
692	572	55.1500	20.8250
692	574	54.0500	21.6750
693	571	62.7750	18.9250
694	573	60.8250	28.3500
695	558	44.0500	7.7750
696	572	55.1500	20.1500
696	574	54.0500	20.9750
697	571	63.3250	18.3500
698	573	60.5750	29.2500
699	558	44.0500	7.9000
700	572	55.2500	19.4750
700	574	54.0500	20.3250
701	571	63.6750	17.7750
702	573	60.3750	30.0500
703	558	44.0500	8.0250
704	572	55.3500	18.8000
704	574	54.1500	19.5250
705	571	64.1250	17.1250
706	558	44.2250	8.4750
707	572	55.3500	18.1250
707	574	54.1500	18.8750
708	571	64.5250	16.5500
709	558	44.6000	9.0250
710	572	55.4250	17.4500
710	574	54.1500	18.1750
711	571	64.5250	16.2250
712	558	44.9500	9.4750
713	572	55.4250	16.7750
713	574	54.1500	17.5250
714	571	64.6250	15.6500
715	558	45.4250	10.1500
716	572	55.5000	16.2000
716	574	54.1500	16.7250
717	571	64.6250	14.9750
718	558	45.7000	10.8750
719	572	55.5000	15.8750
719	574	54.1000	16.0500
720	558	46.0000	11.5000
721	572	55.5000	15.4250
721	574	54.1000	15.3500
722	558	46.3000	12.1750
723	574	54.0500	14.6500
724	558	46.6000	12.8000
725	574	54.0500	13.9750
726	558	46.9000	13.4500
727	574	54.0500	13.3000
728	558	47.2500	14.2000
729	574	54.1250	12.7250
730	558	47.6000	14.8500
731	574	54.2250	12.0750
732	558	48.0000	15.5500
733	574	54.3250	11.5000
734	558	48.2500	16.3250
735	574	54.4250	10.8250
736	558	48.3500	17.0000
737	574	54.5250	10.2750
738	558	48.5500	17.6750
739	574	54.6000	9.5750
740	558	48.6500	18.3500
741	574	54.6000	8.9250
742	558	48.7250	19.0250
743	574	54.6000	8.2250
744	558	48.8000	19.7000
745	574	54.6750	7.4500
746	558	48.9000	20.5000
747	574	54.6750	6.7750
748	558	48.9000	21.1500
749	574	54.6750	6.1000
750	558	49.0000	21.8500
751	574	54.7750	5.4250
752	558	49.0000	22.6250
753	574	54.7750	4.8750
754	558	49.1000	23.3000
755	574	54.7750	4.3000
756	558	49.1000	23.9750
757	574	54.8750	3.6250
758	558	49.2000	25.0000
759	574	54.9750	2.9500
760	558	49.2000	25.9000
761	574	54.9750	2.1750
762	558	49.2000	26.8000
763	574	55.0750	1.4750
764	558	48.9000	27.4500
765	574	55.0750	1.0500
766	558	48.7250	28.1500
767	558	48.4500	28.7000
768	558	48.1500	29.3500
769	558	47.9000	30.0500
770	558	47.6000	30.7000
771	558	47.2500	31.1500
772	558	46.9000	31.5000
773	558	46.0500	31.9500
774	558	45.3500	32.5000
775	558	44.8500	32.8500
776	558	44.7000	32.8500
777	558	44.6000	32.8500
778	558	43.2000	32.4000
779	558	42.5000	32.5000
780	558	41.7500	32.7500
781	558	41.0000	32.9500
782	558	40.2000	33.0750
783	558	39.4500	33.2500
784	558	38.8500	33.1250
785	558	38.3000	33.0250
786	561	54.2750	32.8000
787	561	54.1750	32.1250
788	561	54.1000	31.4500
789	561	54.0000	30.7750
790	561	53.7250	30.1000
791	561	53.3500	29.3000
792	560	20.8250	21.0500
793	561	53.0000	28.5250
794	560	21.3750	21.0500
795	561	52.7250	27.7250
796	560	21.9250	21.1500
797	561	52.4500	26.9500
798	560	22.5750	21.2750
799	561	52.1750	26.1750
800	560	23.2000	21.4000
801	561	51.9750	25.2750
802	560	23.8250	21.5000
803	561	51.8000	24.4750
804	560	24.5750	21.6000
805	561	51.6250	23.5750
806	560	25.4750	21.6000
807	561	51.4250	22.8000
808	557	52.7500	33.1250
809	560	26.2250	21.5000
810	561	51.2500	22.0000
811	541	51.5750	33.7500
812	557	52.7500	32.6750
813	560	26.7750	21.5000
814	561	50.8750	21.3250
815	541	51.4750	33.0750
816	557	52.7500	32.2250
817	560	27.4250	21.5000
818	561	50.6000	20.6500
819	541	51.4750	32.4000
820	557	52.7500	31.6750
821	560	28.0750	21.5000
822	561	50.3250	19.9750
823	541	51.4750	31.7250
824	557	52.7500	31.1250
825	560	28.7250	21.5000
826	561	50.0500	19.3000
827	541	51.4750	31.1750
828	557	52.7500	30.4250
829	560	29.5250	21.5000
830	561	49.7750	18.6250
831	541	51.4750	30.4750
832	557	52.7500	29.8750
833	560	30.6250	21.5000
834	561	49.6000	18.0750
835	541	51.3750	30.0250
836	557	52.7500	29.5250
837	560	31.2750	21.5000
838	561	49.3250	17.4000
839	541	51.2000	29.7000
840	557	52.7500	29.0750
841	560	31.6500	21.5000
842	561	49.1250	16.6000
843	541	51.2000	29.2500
844	557	52.7500	28.7250
845	560	32.0250	21.4000
846	561	48.8750	15.8250
847	541	51.2000	28.9250
848	557	52.7500	28.3000
849	560	32.6750	21.1500
850	561	48.6750	15.0250
851	541	51.2000	28.4750
852	557	52.8500	27.7250
853	560	33.2250	20.8250
854	561	48.5000	14.3750
855	541	51.2000	27.8000
856	557	52.9500	27.1750
857	560	33.7750	20.8250
858	561	48.5000	13.6750
859	541	51.2000	27.1250
860	557	52.8500	26.5000
861	560	34.3250	20.7000
862	561	48.4000	12.6750
863	541	51.2000	26.5500
864	557	52.7500	25.8250
865	560	35.1250	20.7000
866	561	48.1250	11.7750
867	541	51.2000	26.1000
868	557	52.7500	25.1750
869	560	35.9750	20.7000
870	561	47.5750	11.1000
871	541	51.2000	25.6500
872	557	52.7500	24.7250
873	560	36.7750	20.7000
874	561	47.3000	10.2000
875	541	51.1250	25.1000
876	557	52.7500	24.2750
877	560	37.3250	20.7000
878	561	47.1250	9.3000
879	541	51.0250	24.4250
880	557	52.7500	23.8250
881	560	37.9750	20.7000
882	561	47.0250	8.4000
883	541	50.9250	23.7500
884	557	52.6750	23.2250
885	560	38.9000	20.8250
886	561	46.9250	7.7250
887	541	50.9250	23.0750
888	557	52.5000	22.5750
889	560	39.8250	20.9500
890	561	46.8500	7.0500
891	541	50.9250	22.5250
892	557	52.3000	22.0250
893	560	40.5750	20.9500
894	561	46.5750	6.2750
895	541	50.8750	22.0000
896	557	52.1000	21.4000
897	560	41.1500	20.8250
898	561	46.5250	5.3750
899	541	50.8250	21.5500
900	557	51.9750	20.8250
901	560	41.7500	20.7000
902	561	46.4750	4.4750
903	541	50.7500	21.1000
904	557	51.8000	20.2500
905	560	42.4000	20.5500
906	561	46.4500	3.5750
907	541	50.7000	20.7250
908	557	51.6250	19.7500
909	560	43.0000	20.4250
910	561	46.4000	2.6750
911	541	50.5250	20.2000
912	557	51.4250	19.3000
913	560	43.7000	20.4250
914	561	46.2000	2.1000
915	541	50.4250	19.7500
916	557	51.1500	18.8500
917	560	44.4500	20.4250
918	561	45.9250	1.6500
919	541	50.2500	19.3000
920	557	50.9750	18.4000
921	560	45.3000	20.4250
922	561	45.9250	1.1500
923	541	50.1500	18.7500
924	557	50.9750	17.8500
925	560	45.8500	20.1000
926	541	50.1500	18.1750
927	557	50.9750	17.2750
928	560	46.4750	19.8750
929	541	50.0500	17.5000
930	557	50.9750	16.7250
931	560	47.0250	19.5250
932	541	49.9500	16.9500
933	557	50.8000	16.1500
934	560	47.7500	19.2000
935	541	49.7000	16.5000
936	557	50.5250	15.6000
937	560	48.4000	18.7500
938	541	49.5000	15.9250
939	557	50.2500	15.0250
940	560	49.1500	18.3000
941	541	49.3250	15.4750
942	557	49.9500	14.4750
943	560	49.7000	17.9500
944	541	48.9500	14.9250
945	557	49.7000	14.0250
946	560	50.0500	17.6250
947	541	48.5750	14.4750
948	557	49.4000	13.4750
949	560	50.4000	17.2750
950	541	48.2250	13.9000
951	557	49.2250	13.0250
952	560	50.9000	17.0500
953	541	48.0250	13.3500
954	557	49.0500	12.4500
955	560	51.4500	16.5000
956	541	47.9500	12.9000
957	557	48.8500	11.9000
958	560	52.0000	15.9250
959	541	47.8500	12.3500
960	557	48.6750	11.4500
961	560	52.5500	15.4750
962	541	47.7500	11.9000
963	557	48.5000	10.8750
964	560	53.1000	14.9250
965	541	47.5750	11.3250
966	557	48.3000	10.2000
967	560	53.8000	14.5750
968	541	47.3000	10.6500
969	557	48.1250	9.6500
970	560	54.4500	14.1250
971	541	47.1250	10.1000
972	557	48.0250	9.0750
973	560	55.1000	13.6750
974	541	46.8500	9.5250
975	557	47.8500	8.5250
976	560	55.6500	13.2250
977	541	46.7500	9.0750
978	557	47.6750	8.0750
979	560	56.1000	12.7750
980	541	46.5750	8.7500
981	557	47.4750	7.7250
982	560	56.5750	12.3250
983	541	46.3750	8.3000
984	557	47.4000	7.2750
985	560	56.9500	11.9000
986	541	46.3000	7.9500
987	557	47.2000	6.8250
988	560	57.5000	11.5500
989	541	46.1000	7.2750
990	557	47.0250	6.3750
991	560	58.1500	11.2250
992	541	46.0250	6.7250
993	557	46.8500	5.8250
994	560	58.7750	10.8750
995	541	45.8250	6.1500
996	557	46.6500	5.2500
997	560	59.4000	10.5500
998	541	45.8250	5.7000
999	557	46.5750	4.8000
1000	560	59.9500	10.2000
1001	541	45.8250	5.2500
1002	557	46.4750	4.3500
1003	560	60.6000	9.9750
1004	541	45.9250	4.8000
1005	557	46.3750	3.9000
1006	560	61.2500	9.6500
1007	541	45.9250	4.3500
1008	557	46.3750	3.4500
1009	560	61.9000	9.4250
1010	551	64.9750	10.4250
1011	541	45.9250	3.8000
1012	557	46.3000	3.0000
1013	560	62.5500	9.2500
1014	551	64.9750	10.3250
1015	541	45.9250	3.2250
1016	557	46.2000	2.5500
1017	560	63.2000	9.0250
1018	551	64.7500	10.1000
1019	541	45.9250	2.7750
1020	557	46.2000	2.0000
1021	560	63.8250	8.8500
1022	551	64.2500	9.8750
1023	541	45.8250	2.2750
1024	557	46.2000	1.2000
1025	560	64.6000	8.5000
1026	551	63.8500	9.8750
1027	541	45.8250	1.9000
1028	557	46.2000	0.8250
1029	560	64.9250	8.3000
1030	551	63.6500	9.9750
1031	541	45.8250	1.5500
1032	557	46.2000	0.7250
1033	552	63.7000	8.9750
1034	551	63.4500	10.2000
1035	552	63.0500	8.9750
1036	551	63.2000	10.2500
1037	552	62.6750	8.9750
1038	551	62.9500	10.3750
1039	552	62.4000	8.9750
1040	551	62.7250	10.4250
1041	552	62.2250	8.9750
1042	551	62.5500	10.3750
1043	552	62.1250	8.9750
1044	551	62.3500	10.2750
1045	552	62.0500	8.7250
1046	551	62.0750	10.1500
1047	552	62.0500	8.6250
1048	551	61.7250	10.0250
1049	552	61.9500	8.5250
1050	551	61.7250	10.0250
1051	552	61.9500	8.5250
1052	551	61.7250	10.0250
1053	552	61.9500	8.5250
1054	551	61.8000	10.0250
1055	552	61.9500	8.5250
1056	551	61.8000	10.0250
1057	552	61.8500	8.5250
1058	551	61.8000	10.0250
1059	552	61.8500	8.4250
1060	551	61.9000	10.0250
1061	552	61.8500	8.4250
1062	551	61.9000	10.0250
1063	552	61.7500	8.4250
1064	551	62.0000	10.0250
1065	552	61.7500	8.4250
1066	551	62.0000	10.0250
1067	552	61.7500	8.2750
1068	551	62.0000	10.0250
1069	552	61.7500	8.2750
1070	551	62.0000	10.0250
1071	552	61.6750	8.2750
1072	551	62.0000	10.0250
1073	552	61.6750	8.2750
1074	551	62.0000	10.0250
1075	552	61.6750	8.2750
1076	551	62.0000	10.0250
1077	552	61.6750	8.2750
1078	551	62.0000	10.0250
1079	552	61.6750	8.2750
1080	551	62.0000	10.0250
1081	552	61.6750	8.2750
1082	551	62.0000	10.0250
1083	552	61.6750	8.2750
1084	551	62.0000	10.0250
1085	552	61.6750	8.2750
1086	551	62.0000	10.0250
1087	552	61.6750	8.2750
1088	551	62.0000	10.0250
1089	552	61.6750	8.2750
1090	551	62.0000	10.0250
1091	552	61.6750	8.2750
1092	551	62.0000	10.0250
1093	552	61.6750	8.2750
1094	551	62.0000	10.0250
1095	552	61.6750	8.2750
1096	551	62.0000	10.0250
1097	552	61.6750	8.2750
1098	551	62.0000	10.0250
1099	552	61.6750	8.2750
1100	551	62.0000	10.0250
1101	552	61.6750	8.2750
1102	551	62.0000	10.0250
1103	552	61.6750	8.2750
1104	551	62.0000	10.0250
1105	552	61.6750	8.2750
1106	551	62.0000	10.0250
1107	552	61.6750	8.2750
1108	551	62.0000	10.0250
1109	552	61.6750	8.2750
1110	551	62.0000	10.0250
1111	552	61.6750	8.2750
1112	551	62.0000	10.0250
1113	552	61.6750	8.2750
1114	551	62.0000	10.0250
1115	552	61.6750	8.2750
1116	551	62.0000	10.0250
1117	552	61.6750	8.2750
1118	551	62.0000	10.0250
1119	552	61.6750	8.2750
1120	551	62.0000	10.0250
1121	552	61.6750	8.2750
1122	551	62.0000	10.0250
1123	577	46.6250	1.1000
1124	577	46.6250	1.4250
1125	577	46.6250	1.7750
1126	577	46.6250	2.2250
1127	577	46.6250	2.5750
1128	577	46.7000	3.0250
1129	577	46.7000	3.3250
1130	577	46.8000	3.6750
1131	577	46.8000	4.0250
1132	577	46.8750	4.3750
1133	577	46.9750	4.8250
1134	577	47.2500	4.8250
1135	577	47.5250	4.8250
1136	577	47.8000	4.8250
1137	577	48.5500	4.4750
1138	577	48.7250	4.4750
1139	577	48.7250	4.4750
1140	577	48.7250	4.4750
1141	577	48.7250	4.4750
1142	577	48.7250	4.4750
1143	577	48.7250	4.4750
1144	577	48.7250	4.4750
1145	577	48.7250	4.4750
1146	577	48.7250	4.4750
1147	577	48.7250	4.4750
1148	577	48.7250	4.4750
1149	577	48.7250	4.4750
1150	577	48.7250	4.4750
1151	577	48.7250	4.4750
1152	577	48.7250	4.4750
1153	577	48.7250	4.4750
1154	543	64.9000	12.3500
1155	577	48.7250	4.4750
1156	543	64.5000	12.4500
1157	577	48.7250	4.4750
1158	543	64.1500	12.6750
1159	577	48.7250	4.4750
1160	543	63.8000	12.9000
1161	577	48.7250	4.4750
1162	543	63.4000	13.1250
1163	577	48.7250	4.4750
1164	543	62.7500	13.3500
1165	562	61.3750	7.7250
1165	563	62.0250	9.6500
1165	564	62.0000	12.2250
1166	577	48.7250	4.4750
1167	543	62.1500	13.4500
1168	562	61.3750	7.7250
1168	563	62.0250	9.6500
1168	564	61.3500	12.4750
1169	577	48.7250	4.4750
1170	543	61.5750	13.7500
1171	562	61.3750	7.7250
1171	563	62.0250	9.6500
1171	564	60.7000	12.6750
1172	577	48.7250	4.4750
1173	543	61.0250	14.0250
1174	562	61.3750	7.7250
1174	563	62.0250	9.6500
1174	564	60.0500	13.0250
1175	543	60.4250	14.3000
1176	562	61.3750	7.7250
1176	563	62.0250	9.6500
1176	564	59.4250	13.2250
1177	543	59.8750	14.5750
1178	562	61.3750	7.7250
1178	563	62.0250	9.6500
1178	564	58.8750	13.5750
1179	543	59.2500	14.8750
1180	562	61.3750	7.7250
1180	563	62.0250	9.6500
1180	564	58.2250	13.8000
1181	543	58.7000	15.0750
1182	562	61.3750	7.7250
1182	563	62.0250	9.6500
1182	564	57.5750	14.0250
1183	543	58.1500	15.3750
1184	562	61.3750	7.7250
1184	563	62.0250	9.6500
1184	564	56.9500	14.3750
1185	543	57.5500	15.6500
1186	562	61.3750	7.7250
1186	563	62.0250	9.6500
1186	564	56.4000	14.5750
1187	543	57.0000	15.8750
1188	562	61.3750	7.7250
1188	563	62.0250	9.6500
1188	564	55.7500	14.9250
1189	543	56.4500	16.2250
1190	562	61.3750	7.7250
1190	563	62.0250	9.6500
1190	564	55.1000	15.1250
1191	543	55.8000	16.5000
1192	562	61.3750	7.7250
1192	563	62.0250	9.6500
1192	564	54.4500	15.4750
1193	543	55.2500	16.7250
1194	562	61.3750	7.7250
1194	563	62.0250	9.6500
1194	564	53.8250	15.7250
1195	543	54.6500	17.0000
1196	562	61.3750	7.8500
1196	563	62.0250	9.6500
1196	564	53.2750	15.9250
1197	543	54.1000	17.3000
1198	562	61.3750	7.8500
1198	563	62.0250	9.6500
1198	564	52.6250	16.2750
1199	543	53.5500	17.5000
1200	562	61.3750	7.8500
1200	563	62.0250	9.6500
1200	564	51.9750	16.4750
1201	543	52.9000	17.8000
1202	562	61.3750	7.8500
1202	563	62.0250	9.6500
1202	564	51.3500	16.8250
1203	543	52.3500	18.0750
1204	562	61.3750	7.8500
1204	563	62.0250	9.6500
1204	564	50.8000	17.0750
1205	543	51.7500	18.3500
1206	562	61.3750	7.8500
1206	563	62.0250	9.6500
1206	564	50.1500	17.2750
1207	543	51.2000	18.6250
1208	562	61.3750	7.8500
1208	563	62.0250	9.6500
1208	564	49.5000	17.6250
1209	543	50.6500	18.9250
1210	542	56.1250	1.2250
1211	562	61.3750	7.8500
1211	563	62.0250	9.6500
1211	564	48.9500	17.8250
1212	543	50.0250	19.2500
1213	542	55.8250	1.7750
1214	562	61.3750	7.8500
1214	563	62.0250	9.6500
1214	564	48.4000	18.1750
1215	543	49.3750	19.5750
1216	542	55.6750	2.3250
1217	562	61.3750	7.8500
1217	563	62.0250	9.6500
1217	564	47.9000	18.4750
1218	543	48.7250	19.9250
1219	542	55.4750	2.9500
1220	562	61.3750	7.8500
1220	563	62.0250	9.6500
1220	564	47.3750	18.8000
1221	543	48.1750	20.2750
1222	542	55.2750	3.5000
1223	562	61.3750	7.8500
1223	563	62.0250	9.6500
1223	564	46.8250	19.1250
1224	543	47.5250	20.6000
1225	542	55.1250	4.1250
1226	562	61.3750	7.8500
1226	563	62.0250	9.6500
1226	564	46.3250	19.4250
1227	543	46.8750	20.9250
1228	542	54.9250	4.7500
1229	562	61.3750	7.8500
1229	563	62.0250	9.6500
1229	564	45.8250	19.7000
1230	543	46.2500	21.2750
1231	542	54.7250	5.3000
1232	562	61.3750	7.9500
1232	563	62.0250	9.6500
1232	564	45.3250	19.9750
1233	543	45.7000	21.6250
1234	542	54.5750	5.8750
1235	562	61.3750	7.9500
1235	563	62.0250	9.6500
1235	564	44.7750	20.3250
1236	543	45.0500	21.9500
1237	542	54.1750	6.5500
1238	562	61.3750	7.9500
1238	563	62.0250	9.6500
1238	564	44.2750	20.6000
1239	543	44.4250	22.2750
1240	542	53.6250	7.1000
1241	562	61.3750	7.9500
1241	563	62.0250	9.6500
1241	564	43.7750	20.9500
1242	543	43.7750	22.6250
1243	542	53.0750	7.6750
1244	562	61.3750	7.9500
1244	563	62.0250	9.6500
1244	564	43.1250	21.1500
1245	543	43.1250	22.7250
1246	542	52.5250	8.2500
1247	562	61.3750	7.9500
1247	563	62.0250	9.6500
1247	564	42.4750	21.1500
1248	543	42.4750	22.7250
1249	542	51.9750	8.9000
1250	562	61.3750	7.9500
1250	563	62.0250	9.6500
1250	564	41.8500	21.1500
1251	543	41.8250	22.7250
1252	542	51.4250	9.4750
1253	562	61.3750	7.9500
1253	563	62.0250	9.6500
1253	564	41.1000	21.1500
1254	543	41.2000	22.8500
1255	542	50.9750	10.0500
1256	562	61.3750	7.9500
1256	563	62.0250	9.6500
1256	564	40.4500	21.1500
1257	543	40.5500	22.8500
1258	542	50.7000	10.7000
1259	562	61.3750	7.9500
1259	563	62.0250	9.6500
1259	564	39.8250	21.2750
1260	543	39.8250	22.8500
1261	542	50.4250	11.2750
1262	562	61.3750	7.9500
1262	563	62.0250	9.6500
1262	564	39.0750	21.2750
1263	543	39.1750	22.9750
1264	542	50.1250	11.8500
1265	562	61.3750	7.9500
1265	563	62.0250	9.6500
1265	564	38.4500	21.2750
1266	543	38.5250	22.9750
1267	542	49.7750	12.5000
1268	562	61.3750	7.9500
1268	563	62.0250	9.6500
1268	564	37.8000	21.2750
1269	543	37.8750	22.9750
1270	542	49.5250	13.0750
1271	562	61.3750	7.9500
1271	563	62.0250	9.6500
1271	564	37.0500	21.2750
1272	543	37.2500	22.9750
1273	542	49.2250	13.7500
1274	562	61.4750	8.0750
1274	563	61.9750	9.6500
1274	564	36.4250	21.4000
1275	543	36.6000	23.0750
1276	542	49.0500	14.4750
1277	562	61.4750	8.0750
1277	563	61.9750	9.6500
1277	564	35.7750	21.4000
1278	543	35.9750	23.1250
1279	542	48.7750	15.3250
1280	562	61.4750	8.0750
1280	563	61.9750	9.6500
1280	564	35.1500	21.5000
1281	543	35.3250	23.2000
1282	542	48.6000	16.1000
1283	562	61.5250	8.0750
1283	563	61.9750	9.6500
1283	564	34.5000	21.5000
1284	543	34.6750	23.2000
1285	542	48.4000	16.9500
1286	562	61.5250	8.0750
1286	563	61.9750	9.6500
1286	564	33.8500	21.5000
1287	543	34.0500	23.3000
1288	542	48.3000	17.4000
1289	562	61.5750	8.0750
1289	563	61.9750	9.6500
1289	564	33.2000	21.6000
1290	543	33.4500	23.3500
1291	542	48.2250	17.9500
1292	562	61.6250	8.0750
1292	563	61.9500	9.6500
1292	564	32.5500	21.6000
1293	543	32.8000	23.4000
1294	542	47.8500	18.5250
1295	562	61.6250	8.0750
1295	563	61.9500	9.6500
1295	564	31.9250	21.7250
1296	543	32.1000	23.4000
1297	542	47.4000	19.0750
1298	562	61.6750	8.0750
1298	563	61.9500	9.6500
1298	564	31.2750	21.7250
1299	543	31.5000	23.4750
1300	542	46.7500	19.6500
1301	562	61.6750	8.0750
1301	563	61.9500	9.7000
1301	564	30.6000	21.8500
1302	543	30.8500	23.5750
1303	542	46.0250	20.1000
1304	562	61.6750	8.0750
1304	563	61.9500	9.7000
1304	564	30.0500	21.8500
1305	543	30.1500	23.5750
1306	542	45.3750	20.5500
1307	562	61.7250	8.1250
1307	563	61.9500	9.7000
1307	564	29.4000	21.9500
1308	543	29.5000	23.5750
1309	542	44.9000	20.6500
1310	562	61.7250	8.1250
1310	563	61.9500	9.7000
1310	564	28.8500	22.0500
1311	543	28.7500	23.5750
1312	542	44.3500	20.7750
1313	562	61.8000	8.1250
1313	563	61.9000	9.7000
1313	564	28.2000	22.0500
1314	543	28.1000	23.5750
1315	542	43.7250	20.8750
1316	562	61.8000	8.1250
1316	563	61.9000	9.7000
1316	564	27.6500	22.1750
1317	543	27.4000	23.5750
1318	542	42.9000	20.8750
1319	562	61.8000	8.1250
1319	563	61.9000	9.7000
1319	564	27.0000	22.3000
1320	543	26.7500	23.7000
1321	542	42.1500	21.0000
1322	562	61.8500	8.1250
1322	563	61.9000	9.7000
1322	564	26.3750	22.3000
1323	567	6.7750	35.3750
1324	543	26.1000	23.7000
1325	542	41.6000	21.0000
1326	562	61.8500	8.1250
1326	563	61.9000	9.7000
1326	564	25.6250	22.4000
1327	567	7.1250	35.2750
1328	543	25.4500	23.7000
1329	542	40.9750	21.0000
1330	562	61.9000	8.1250
1330	563	61.9000	9.7500
1330	564	25.0000	22.5000
1331	567	7.5250	35.1500
1332	543	24.8000	23.7000
1333	542	40.4250	21.0000
1334	562	61.9500	8.1250
1334	563	61.8500	9.7500
1334	564	24.2500	22.6250
1335	567	7.7750	35.0000
1336	543	24.1500	23.7000
1337	566	43.0750	1.0000
1338	542	39.6750	21.0000
1339	562	61.9500	8.1250
1339	563	61.8500	9.7500
1339	564	23.6250	22.6250
1340	567	7.8750	34.8750
1341	543	23.4500	23.7000
1342	566	43.0750	1.1000
1343	542	38.9500	21.0000
1344	562	62.0000	8.1250
1344	563	61.8500	9.7500
1344	564	22.9750	22.6250
1345	567	7.9750	34.7000
1346	543	22.7000	23.7000
1347	566	43.0750	1.3000
1348	542	38.2000	21.0000
1349	562	62.0000	8.1750
1349	563	61.8500	9.8000
1349	564	22.3250	22.6250
1350	567	8.0750	34.7000
1351	543	21.9500	23.7000
1352	566	43.0750	1.3000
1353	542	37.4750	21.0000
1354	562	62.0000	8.1750
1354	563	61.8500	9.8000
1354	564	21.6000	22.5000
1355	567	8.0750	34.7000
1356	543	21.2500	23.7000
1357	566	43.0750	1.3000
1358	542	36.7500	21.0000
1359	562	62.0500	8.1750
1359	563	61.8500	9.8000
1359	564	20.8500	22.3000
1360	567	8.0750	34.7000
1361	543	20.6000	23.7000
1362	566	43.0750	1.3000
1363	542	36.0000	20.8750
1364	562	62.1000	8.1750
1364	563	61.8000	9.8000
1364	564	20.1250	22.1750
1365	567	8.0750	34.7000
1366	543	20.0500	23.7000
1367	566	43.0750	1.3000
1368	542	35.1750	20.8750
1369	562	62.1500	8.1750
1369	563	61.8000	9.8000
1370	567	8.0750	34.7000
1371	566	43.0750	1.3000
1372	542	34.3500	20.8750
1373	562	62.1500	8.1750
1373	563	61.8000	9.8500
1374	567	8.0750	34.7000
1375	566	43.0750	1.3000
1376	542	33.5250	20.8750
1377	562	62.1500	8.1750
1377	563	61.8000	9.8500
1378	567	8.0750	34.7000
1379	566	43.0750	1.3000
1380	542	32.8000	20.8750
1381	562	62.1750	8.1750
1381	563	61.8000	9.8500
1382	567	8.0750	34.7000
1383	566	43.0750	1.3000
1384	542	32.1500	21.0000
1385	562	62.1750	8.1750
1385	563	61.8000	9.8500
1386	567	8.0750	34.7000
1387	566	43.0750	1.3000
1388	542	31.4250	21.0000
1389	562	62.2250	8.1750
1389	563	61.8000	9.8500
1390	567	8.0750	34.7000
1391	566	43.0750	1.3000
1392	542	30.7750	21.1000
1393	562	62.2500	8.1750
1393	563	61.7500	9.8500
1394	567	8.0750	34.7000
1395	566	43.0750	1.3000
1396	542	30.0500	21.2250
1397	562	62.2500	8.2250
1397	563	61.7500	9.8500
1398	567	8.0750	34.7000
1399	566	43.0750	1.3000
1400	542	29.4000	21.3250
1401	562	62.3000	8.2250
1401	563	61.7500	9.8500
1402	567	8.0750	34.7000
1403	566	43.0750	1.3000
1404	542	28.7500	21.3250
1405	562	62.3000	8.2250
1405	563	61.7500	9.8500
1406	567	8.0750	34.7000
1407	566	43.0750	1.3000
1408	542	28.2000	21.3250
1409	562	62.3000	8.2250
1409	563	61.7500	9.9250
1410	567	8.0750	34.7000
1411	566	43.0750	1.3000
1412	542	27.6500	21.3250
1413	562	62.3500	8.2250
1413	563	61.7500	9.9250
1414	567	8.0750	34.7000
1415	566	43.0750	1.3000
1416	542	27.1000	21.3250
1417	562	62.4000	8.2250
1417	563	61.7000	9.9250
1418	567	8.0750	34.7000
1419	566	43.0750	1.3000
1420	542	26.3750	21.4500
1421	562	62.4500	8.2250
1421	563	61.7000	9.9250
1422	567	8.0750	34.7000
1423	566	43.0750	1.3000
1424	542	25.6250	21.4500
1425	562	62.4500	8.2250
1425	563	61.7000	9.9250
1426	567	8.0750	34.7000
1427	566	43.0750	1.3000
1428	542	24.9000	21.4500
1429	562	62.4500	8.2250
1429	563	61.7000	9.9250
1430	567	8.0750	34.7000
1431	566	43.0750	1.3000
1432	542	24.0750	21.5500
1433	562	62.5000	8.2250
1433	563	61.7000	9.9250
1434	567	8.0750	34.7000
1435	566	43.0750	1.3000
1436	542	23.1500	21.5500
1437	562	62.5000	8.2250
1437	563	61.7000	9.9250
1438	567	8.0750	34.7000
1439	566	43.0750	1.3000
1440	542	22.1500	21.5500
1441	542	21.2250	21.5500
1442	542	20.4500	21.4500
1443	542	19.6250	21.3250
1444	542	18.9750	21.3250
1445	542	18.2500	21.3250
1446	542	17.6000	21.4500
1447	542	16.8500	21.4500
1448	542	16.2250	21.4500
1449	542	15.6000	21.5500
1450	542	14.8500	21.5500
1451	542	14.2000	21.6750
1452	542	13.4750	21.6750
1453	542	12.8250	21.6750
1454	542	12.2000	21.7750
1455	542	11.4500	21.7750
1456	542	10.8000	21.9000
1457	542	10.0750	21.9000
1458	542	9.4250	21.9000
1459	542	8.8000	22.0000
1460	542	8.0500	22.0000
1461	542	7.4000	22.1250
1462	542	6.6750	22.1250
1463	542	6.0500	22.1250
1464	542	5.4000	22.1250
1465	542	4.7500	22.1250
1466	542	4.0000	22.0000
1467	542	3.1000	22.0000
1468	542	2.1750	22.0000
1469	542	1.2500	22.0000
1470	542	1.1000	21.9500
1470	543	21.4250	23.3000
1471	542	1.0000	21.9500
1471	543	22.0750	22.9750
1472	542	0.9000	21.9500
1472	543	22.6750	22.7250
1473	542	0.8250	21.9500
1473	543	23.2500	22.6250
1474	542	0.7250	21.9500
1474	543	23.8000	22.6250
1475	543	24.3500	22.5250
1476	543	24.9000	22.4000
1477	543	25.4500	22.2750
1478	543	26.0000	22.1750
1479	543	26.5500	22.1750
1480	543	27.1000	22.1750
1481	543	27.7500	22.2500
1482	543	28.4500	22.3000
1483	543	29.0250	22.2750
1484	543	29.6750	22.4000
1485	543	30.3250	22.4500
1486	543	30.9500	22.5000
1487	543	31.5500	22.3500
1488	543	32.1000	22.1000
1489	543	32.6500	21.9000
1490	543	33.3000	21.9000
1491	543	33.9500	21.9000
1492	543	34.5000	21.9000
1493	543	34.9500	21.9000
1494	543	35.5000	21.9000
1495	543	35.9500	21.9000
1496	543	36.5000	21.9000
1497	543	37.0500	21.9000
1498	543	37.5250	21.9000
1499	543	38.0750	21.9000
1500	543	38.5500	21.9000
1501	543	39.1000	21.9000
1502	543	39.5500	21.9000
1503	543	40.1000	21.9000
1504	543	40.6500	21.9000
1505	543	41.1000	21.9000
1506	543	41.6500	21.8000
1507	543	42.1000	21.6500
1508	543	42.6500	21.5500
1509	543	43.2000	21.3500
1510	543	43.6750	21.2000
1511	543	44.2250	21.1000
1512	543	44.7000	21.0000
1513	582	52.6250	34.0250
1514	543	45.2500	20.9000
1515	582	52.4250	33.5750
1516	543	45.8000	20.7500
1517	582	52.3500	33.1250
1518	543	46.2500	20.6500
1519	582	52.2750	32.8000
1520	543	46.7000	20.5500
1521	582	52.0750	32.3500
1522	543	47.1500	20.5500
1523	582	52.0750	31.7750
1524	543	47.7000	20.4500
1525	582	51.9750	31.2250
1526	543	48.1750	20.3000
1527	582	51.8750	30.6500
1528	543	48.7250	20.2000
1529	582	51.8000	30.1000
1530	544	49.0500	21.0000
1530	545	61.6500	8.3000
1530	546	61.8000	10.2750
1531	543	49.2000	20.0000
1532	582	51.7250	29.5250
1533	544	49.4250	20.8750
1533	545	61.6500	8.3000
1533	546	61.8000	10.2750
1534	543	49.7000	19.9250
1535	582	51.6250	28.9750
1536	544	49.8750	20.8750
1536	545	61.6500	8.3000
1536	546	61.8000	10.2750
1537	543	50.1500	19.8250
1538	582	51.5750	28.4750
1539	544	50.3250	20.8250
1539	545	61.6500	8.3000
1539	546	61.8000	10.2750
1540	543	50.6250	19.7750
1541	582	51.4750	27.8500
1542	544	50.8000	20.7750
1542	545	61.6500	8.3000
1542	546	61.8000	10.2750
1543	543	51.1250	19.6500
1544	582	51.3750	27.3250
1545	544	51.2500	20.7250
1545	545	61.6500	8.3000
1545	546	61.8000	10.2750
1546	543	51.5750	19.6000
1547	582	51.3000	26.7750
1548	544	51.6250	20.7250
1548	545	61.6500	8.3000
1548	546	61.8000	10.2750
1549	543	52.0250	19.4750
1550	582	51.3000	26.2750
1551	544	52.1750	20.6000
1551	545	61.6500	8.3000
1551	546	61.8000	10.2750
1552	543	52.5000	19.3500
1553	582	51.2000	25.7250
1554	583	20.3000	25.6500
1555	544	52.7250	20.4750
1555	545	61.6500	8.3000
1555	546	61.8000	10.2750
1556	543	52.9500	19.2500
1557	582	51.1250	25.2000
1558	583	20.9500	25.4500
1559	544	53.3500	20.2750
1559	545	61.6500	8.3000
1559	546	61.8000	10.2750
1560	543	53.4000	19.1500
1561	582	51.0250	24.6500
1562	583	21.7000	25.2000
1563	544	54.0000	20.1500
1563	545	61.6500	8.3000
1563	546	61.8000	10.2750
1564	543	53.7750	19.0250
1565	582	50.9750	24.1000
1566	583	22.4250	25.1000
1567	544	54.5500	19.9250
1567	545	61.6500	8.3000
1567	546	61.8000	10.2750
1568	543	54.2500	18.9000
1569	582	50.8750	23.5250
1570	583	23.1500	24.8750
1571	544	55.1000	19.8250
1571	545	61.6500	8.3000
1571	546	61.8000	10.2750
1572	543	54.7000	18.8000
1573	582	50.8000	22.9500
1574	583	23.9000	24.7500
1575	544	55.5750	19.7000
1575	545	61.6500	8.3000
1575	546	61.8000	10.2750
1576	543	55.2500	18.5750
1577	582	50.7000	22.4000
1578	583	24.6250	24.5500
1579	544	56.1250	19.5750
1579	545	61.6500	8.3000
1579	546	61.8000	10.2750
1580	543	55.8000	18.3500
1581	582	50.5500	21.8500
1582	583	25.1750	24.5500
1583	544	56.5750	19.4750
1583	545	61.6500	8.3000
1583	546	61.8000	10.2750
1584	543	56.3500	18.1250
1585	582	50.4500	21.1500
1586	583	25.8250	24.5500
1587	544	57.0250	19.2500
1587	545	61.6500	8.3000
1587	546	61.8000	10.2750
1588	543	56.9000	17.9000
1589	582	50.3250	20.6000
1590	583	26.4500	24.4250
1591	544	57.5000	19.1250
1591	545	61.6500	8.3000
1591	546	61.8000	10.2750
1592	543	57.4500	17.8000
1593	582	50.2500	20.0500
1594	583	27.0000	24.4250
1595	544	58.0000	18.9250
1595	545	61.6500	8.3000
1595	546	61.8000	10.2750
1596	543	57.9000	17.5500
1597	582	50.1500	19.4750
1598	583	27.6500	24.4250
1599	544	58.5000	18.6750
1599	545	61.6500	8.3000
1599	546	61.8000	10.2750
1600	543	58.3500	17.4500
1601	582	50.0000	18.8000
1602	583	28.3000	24.3000
1603	544	58.9500	18.4750
1603	545	61.6500	8.3000
1603	546	61.8000	10.2750
1604	543	58.7250	17.2250
1605	582	49.9000	18.2500
1606	583	29.0250	24.2000
1607	544	59.4500	18.2250
1607	545	61.6500	8.3000
1607	546	61.8000	10.2750
1608	543	59.2000	17.0000
1609	582	49.8250	17.6750
1610	583	29.7750	24.1000
1611	544	59.9250	18.0250
1611	545	61.6500	8.3000
1611	546	61.8000	10.2750
1612	543	59.6500	16.9000
1613	582	49.7500	17.0000
1614	583	30.6000	23.9750
1615	544	60.3750	17.7750
1615	545	61.6500	8.3000
1615	546	61.8000	10.2750
1616	543	60.1000	16.6500
1617	582	49.7500	16.3250
1618	583	31.3250	23.8500
1619	544	60.9250	17.5750
1619	545	61.6500	8.3000
1619	546	61.8000	10.2750
1620	543	60.5500	16.5500
1621	582	49.6500	15.7500
1622	583	32.0500	23.7500
1623	544	61.4000	17.4500
1623	545	61.6500	8.3000
1623	546	61.8000	10.2750
1624	543	61.0250	16.3250
1625	582	49.5500	15.1000
1626	583	32.8000	23.6500
1627	544	61.7500	17.3250
1627	545	61.6500	8.3000
1627	546	61.8000	10.2750
1628	543	61.5750	16.2000
1629	582	49.5500	14.4000
1630	583	33.5250	23.5250
1631	544	62.2250	17.2250
1631	545	61.6500	8.3000
1631	546	61.8000	10.2750
1632	543	62.0500	16.1000
1633	582	49.5500	14.2000
1634	583	34.2750	23.3000
1635	544	62.6750	17.1250
1635	545	61.6500	8.3000
1635	546	61.8000	10.2750
1636	543	62.6000	16.0000
1637	582	49.2750	13.7500
1638	583	34.9000	23.2000
1639	544	63.1500	17.0000
1639	545	61.6500	8.3000
1639	546	61.8000	10.2750
1640	543	63.1500	15.8750
1641	582	49.0000	13.3000
1642	583	35.6500	22.9500
1643	544	63.6000	17.0000
1643	545	61.6500	8.3000
1643	546	61.8000	10.2750
1644	543	63.6000	15.6500
1645	582	48.8000	12.8500
1646	583	36.2750	22.8500
1647	544	63.9500	16.6750
1647	545	61.6500	8.3000
1647	546	61.8000	10.2750
1648	543	64.0500	15.3000
1649	582	48.5500	12.3000
1650	583	37.0250	22.6250
1651	544	64.4250	16.3250
1651	545	61.6500	8.3000
1651	546	61.8000	10.2750
1652	543	64.5000	14.9750
1653	582	48.2500	11.8500
1654	583	37.7500	22.5000
1655	544	64.8000	16.1000
1655	545	61.6500	8.3000
1655	546	61.8000	10.2750
1656	543	64.7000	14.8500
1657	582	48.0000	11.2750
1658	583	38.3000	22.1750
1659	544	64.9750	16.1000
1659	545	61.6500	8.3000
1659	546	61.8000	10.2750
1660	543	64.7000	14.8500
1661	582	47.7000	10.7000
1662	583	38.8500	21.9500
1663	545	61.6500	8.3000
1663	546	61.8000	10.2750
1664	582	47.5250	10.1500
1665	583	39.2250	21.8500
1666	545	61.6500	8.3000
1666	546	61.8000	10.2750
1667	582	47.2500	9.6000
1668	583	39.9000	21.5000
1669	545	61.6500	8.3000
1669	546	61.8000	10.2750
1670	582	46.9750	9.0250
1671	583	40.4500	21.6000
1672	545	61.6500	8.3000
1672	546	61.8000	10.2750
1673	582	46.8000	8.5750
1674	583	41.3000	21.2750
1675	545	61.6500	8.3000
1675	546	61.8000	10.2750
1676	582	46.6000	7.9000
1677	583	41.9250	21.2750
1678	545	61.6500	8.3000
1678	546	61.8000	10.2750
1679	582	46.5250	7.2250
1680	583	42.7500	21.2750
1681	545	61.6500	8.3000
1681	546	61.8000	10.2750
1682	582	46.4250	6.5500
1683	583	43.4000	21.2750
1684	545	61.6500	8.3000
1684	546	61.8000	10.2750
1685	582	46.3000	5.9250
1686	583	44.0500	21.0500
1687	545	61.6500	8.3000
1687	546	61.8000	10.2750
1688	582	46.1500	5.3000
1689	583	44.7000	20.9000
1690	545	61.6500	8.3000
1690	546	61.8000	10.2750
1691	582	46.0000	4.7500
1692	583	45.3750	20.6500
1693	582	45.8750	4.2000
1694	583	46.0500	20.4500
1695	582	45.8000	3.5000
1696	583	46.7000	20.2500
1697	582	45.6000	2.8500
1698	583	47.3500	19.9250
1699	582	45.5000	2.2750
1700	583	48.0000	19.6000
1701	582	45.5000	1.9500
1702	583	48.6500	19.2500
1703	582	45.6000	1.6000
1704	583	49.2750	18.9000
1705	582	45.6000	1.0000
1706	583	49.8250	18.5750
1707	582	45.7000	0.8250
1708	583	50.4500	18.2500
1709	583	51.1000	17.9000
1710	583	51.7500	17.5500
1711	583	52.5000	17.2250
1712	583	53.2000	16.9000
1713	583	53.9500	16.6500
1714	583	54.5000	16.4500
1715	583	55.0500	16.2000
1716	583	55.4250	15.6500
1717	583	55.9000	15.2000
1718	583	56.6000	14.9750
1719	583	57.3500	14.7500
1720	583	58.1000	14.4250
1721	583	58.8000	14.2000
1722	583	59.5500	13.9750
1723	583	60.3000	13.7500
1724	583	61.0250	13.5250
1725	583	61.6500	13.0750
1726	583	62.3000	12.6250
1727	583	62.9500	12.2750
1728	583	63.5000	11.8500
1729	583	64.0000	11.5000
1730	583	64.4500	11.4000
1731	583	64.9250	11.1500
1732	539	62.3000	10.7250
1732	540	61.7250	8.3500
1733	539	62.3000	10.7250
1733	540	61.7250	8.3500
1734	539	62.3000	10.7250
1734	540	61.7250	8.3500
1735	539	62.3000	10.7250
1735	540	61.7250	8.3500
1736	539	62.3000	10.7250
1736	540	61.7250	8.3500
1737	539	62.3000	10.7250
1737	540	61.7250	8.3500
1738	539	62.3000	10.7250
1738	540	61.7250	8.3500
1739	539	62.3000	10.7250
1739	540	61.7250	8.3500
1740	539	62.3000	10.7250
1740	540	61.7250	8.3500
1741	539	62.3000	10.7250
1741	540	61.7250	8.3500
1742	539	62.3000	10.7250
1742	540	61.7250	8.3500
1743	556	65.0250	18.1750
1744	539	62.3000	10.7250
1744	540	61.7250	8.3500
1745	556	64.3750	18.0750
1746	539	62.3000	10.7250
1746	540	61.7250	8.3500
1747	556	63.7250	17.9500
1748	539	62.3000	10.7250
1748	540	61.7250	8.3500
1749	556	63.1000	17.9500
1750	539	62.3000	10.7250
1750	540	61.7250	8.3500
1751	556	62.4500	17.9500
1752	539	62.3000	10.7250
1752	540	61.7250	8.3500
1753	556	61.8000	17.9500
1754	539	62.3000	10.7250
1754	540	61.7250	8.3500
1755	556	61.2500	18.0750
1756	539	62.3000	10.7250
1756	540	61.7250	8.3500
1757	556	60.6250	18.0750
1758	539	62.3000	10.7250
1758	540	61.7250	8.3500
1759	556	59.9750	18.1750
1760	539	62.3000	10.7250
1760	540	61.7250	8.3500
1761	556	59.3250	18.1750
1762	539	62.3000	10.7250
1762	540	61.7250	8.3500
1763	556	58.7750	18.3000
1764	539	62.3000	10.7250
1764	540	61.7250	8.3500
1765	556	58.0500	18.4000
1766	539	62.3000	10.7250
1766	540	61.7250	8.3500
1767	556	57.4000	18.6250
1768	539	62.3000	10.7250
1768	540	61.7250	8.3500
1769	556	56.7500	18.8500
1770	539	62.3000	10.7250
1770	540	61.7250	8.3500
1771	583	64.7500	13.3000
1772	556	56.1250	18.9750
1773	539	62.3000	10.7250
1773	540	61.7250	8.3500
1774	583	64.4500	13.7500
1775	556	55.4750	19.2000
1776	539	62.3000	10.7250
1776	540	61.7250	8.3500
1777	583	64.2000	14.3000
1778	556	54.7250	19.4250
1779	539	62.3000	10.7250
1779	540	61.7250	8.3500
1780	583	63.7500	15.6500
1781	556	54.1000	19.4250
1782	539	62.3000	10.7250
1782	540	61.7250	8.3500
1783	583	62.8000	15.4250
1784	556	53.4500	19.4250
1785	539	62.3000	10.7250
1785	540	61.7250	8.3500
1786	583	61.8000	15.7500
1787	556	52.8000	19.4250
1788	539	62.3000	10.7250
1788	540	61.7250	8.3500
1789	583	60.6000	16.1000
1790	556	52.2500	19.5250
1791	539	62.3000	10.7250
1791	540	61.7250	8.3500
1792	583	59.9750	16.3250
1793	556	51.5250	19.7500
1794	539	62.3000	10.7250
1794	540	61.7250	8.3500
1795	583	59.4000	16.5500
1796	556	50.8000	19.9750
1797	582	45.9250	1.8750
1798	539	62.3000	10.7250
1798	540	61.7250	8.3500
1799	583	58.9500	17.0000
1800	556	50.1500	20.2000
1801	582	45.9250	2.3250
1802	539	62.3000	10.7250
1802	540	61.7250	8.3500
1803	583	58.5000	17.4500
1804	556	49.4250	20.4250
1805	582	45.9250	2.9000
1806	539	62.3000	10.7250
1806	540	61.7250	8.3500
1807	583	58.0500	17.9000
1808	556	48.7750	20.6500
1809	582	45.9250	3.4500
1810	539	62.3000	10.7250
1810	540	61.7250	8.3500
1811	583	57.6000	18.3500
1812	556	48.0250	20.8750
1813	582	45.9250	4.0250
1814	539	62.3000	10.7250
1814	540	61.7250	8.3500
1815	583	56.8500	18.5750
1816	556	47.4000	21.0000
1817	582	45.9250	4.5750
1818	539	62.3000	10.7250
1818	540	61.7250	8.3500
1819	583	56.1000	18.9000
1820	556	46.7500	21.1000
1821	582	45.9250	5.1500
1822	539	62.3000	10.7250
1822	540	61.7250	8.3500
1823	583	55.3000	19.1500
1824	556	46.1000	21.2250
1825	582	45.9250	5.8250
1826	539	62.3000	10.7250
1826	540	61.7250	8.3500
1827	583	54.4500	19.4750
1828	556	45.4750	21.3250
1829	582	46.0000	6.3750
1830	539	62.3000	10.7250
1830	540	61.7250	8.3500
1831	583	53.7250	19.7000
1832	556	44.8250	21.4500
1833	582	46.0000	7.0500
1834	539	62.3000	10.6000
1834	540	61.6750	8.2250
1835	583	52.9500	19.8750
1836	556	44.0750	21.4500
1837	582	46.2000	7.7250
1838	539	62.3000	10.6000
1838	540	61.6750	8.2250
1839	583	52.2000	19.9250
1840	556	43.4500	21.4500
1841	582	46.3500	8.4000
1842	539	62.3000	10.6000
1842	540	61.6750	8.2250
1843	583	51.4750	20.0250
1844	556	42.7500	21.4500
1845	582	46.4750	9.1000
1846	539	62.3000	10.6000
1846	540	61.6750	8.2250
1847	583	50.7500	20.1500
1848	556	42.0500	21.4500
1849	582	46.6000	9.8000
1850	539	62.3000	10.6000
1850	540	61.6750	8.2250
1851	583	49.9750	20.2750
1852	556	41.3750	21.4500
1853	582	46.7000	10.5000
1854	539	62.3000	10.5250
1854	540	61.6750	8.2250
1855	583	49.2250	20.3750
1856	556	40.7000	21.4500
1857	582	46.8500	11.1000
1858	539	62.3000	10.5250
1858	540	61.6750	8.2250
1859	583	48.5000	20.5000
1860	556	40.0000	21.4500
1861	582	46.9750	11.8250
1862	539	62.3000	10.5250
1862	540	61.6750	8.2250
1863	583	47.7500	20.6000
1864	556	39.3500	21.4500
1865	582	47.1250	12.5250
1866	539	62.3000	10.5250
1866	540	61.6750	8.2250
1867	583	46.9750	20.6500
1868	556	38.6250	21.4500
1869	582	47.2750	13.1750
1870	539	62.3000	10.4750
1870	540	61.6250	8.2250
1871	576	54.7750	32.5250
1872	583	46.2500	20.7750
1873	556	38.0000	21.4500
1874	582	47.3250	13.8500
1875	539	62.3000	10.4750
1875	540	61.6250	8.2250
1876	576	54.6000	31.9500
1877	583	45.5250	20.8750
1878	556	37.3000	21.4500
1879	582	47.3250	14.6250
1880	539	62.3000	10.4250
1880	540	61.6750	8.2250
1881	576	54.5000	31.3750
1882	583	44.7750	20.9750
1883	556	36.6500	21.4500
1884	582	47.3250	15.3250
1885	539	62.3000	10.4250
1885	540	61.6750	8.2250
1886	576	54.4250	30.8250
1887	583	43.9500	20.9750
1888	556	36.0000	21.4500
1889	582	47.2750	16.1000
1890	539	62.3000	10.4250
1890	540	61.6750	8.2250
1891	576	54.3250	30.2750
1892	583	43.2250	20.9750
1893	556	35.3500	21.4500
1894	582	47.2750	16.8750
1895	539	62.3000	10.3750
1895	540	61.6750	8.1250
1896	576	54.2250	29.7000
1897	583	42.3750	21.1250
1898	556	34.7250	21.4500
1899	582	47.2750	17.6750
1900	539	62.3000	10.3750
1900	540	61.6750	8.1250
1901	576	54.1250	29.1250
1902	583	41.6500	21.1250
1903	556	34.0000	21.4500
1904	582	47.1750	18.4750
1905	539	62.3000	10.3750
1905	540	61.6750	8.1250
1906	576	54.0000	28.5750
1907	583	40.8250	21.1250
1908	556	33.3500	21.4500
1909	582	47.1750	19.1250
1910	539	62.3000	10.3750
1910	540	61.6250	8.1250
1911	576	53.9250	28.1250
1912	583	40.1000	21.2250
1913	556	32.7000	21.4500
1914	582	47.0750	19.9250
1915	539	62.3000	10.3750
1915	540	61.6250	8.1250
1916	576	53.8250	27.5750
1917	583	39.3750	21.2250
1918	556	32.0500	21.5500
1919	582	46.4250	20.0250
1920	539	62.3000	10.3250
1920	540	61.6250	8.1250
1921	576	53.7250	27.0000
1922	583	38.5250	21.3250
1923	556	31.4000	21.5500
1924	582	45.6750	20.2750
1925	539	62.3000	10.3250
1925	540	61.6250	8.1250
1926	576	53.6250	26.4500
1927	583	37.8000	21.3250
1928	556	30.7750	21.5500
1929	582	45.0750	20.4750
1930	539	62.3000	10.2750
1930	540	61.6500	8.1250
1931	576	53.5250	25.8750
1932	583	36.9750	21.3250
1933	556	30.1500	21.5500
1934	582	44.4250	20.6500
1935	539	62.3000	10.2750
1935	540	61.6500	8.1250
1936	576	53.4250	25.3250
1937	583	36.2250	21.4250
1938	556	29.5000	21.5500
1939	582	43.6750	20.8750
1940	539	62.3000	10.2000
1940	540	61.6500	8.1250
1941	576	53.3250	24.7750
1942	583	35.5000	21.4250
1943	556	28.8500	21.5500
1944	582	43.0250	21.1000
1945	539	62.3000	10.2000
1945	540	61.6500	8.1250
1946	576	53.2250	24.2000
1947	583	34.6750	21.4250
1948	556	28.2000	21.5500
1949	582	42.3750	21.3250
1950	539	62.3000	10.2000
1950	540	61.6000	8.1250
1951	576	53.1250	23.7500
1952	586	45.4000	0.7750
1953	583	33.9500	21.5750
1954	556	27.4500	21.6750
1955	582	41.6750	21.2250
1956	539	62.3000	10.2000
1956	540	61.6000	8.1250
1957	576	52.9250	23.0750
1958	586	45.4000	1.2000
1959	583	33.2250	21.5750
1960	556	26.8500	21.6750
1961	582	40.9250	21.2250
1962	539	62.3000	10.2000
1962	540	61.6000	8.1250
1963	576	52.7750	22.5250
1964	586	45.4000	1.6500
1965	583	32.3750	21.6750
1966	556	26.1000	21.6750
1967	582	40.2750	21.2250
1968	539	62.3000	10.1500
1968	540	61.6000	8.0250
1969	576	52.5750	21.9500
1970	586	45.5000	2.1000
1971	583	31.6500	21.6750
1972	556	25.3500	21.6750
1973	582	39.5250	21.2250
1974	539	62.3000	10.1500
1974	540	61.6000	8.0250
1975	576	52.3750	21.3750
1976	586	45.5000	2.5500
1977	583	30.9250	21.6750
1978	556	24.6250	21.6750
1979	582	38.8250	21.2250
1980	539	62.3000	10.1500
1980	540	61.6000	8.0250
1981	576	52.2250	20.7250
1982	586	45.6000	3.0000
1983	583	30.1750	21.7750
1984	556	23.9000	21.6750
1985	582	38.1750	21.1000
1986	539	62.3000	10.1000
1986	540	61.6500	8.0250
1987	576	52.0250	20.1500
1988	586	45.6000	3.5750
1989	583	29.4500	21.7750
1990	556	23.2500	21.6750
1991	582	37.4250	21.1000
1992	539	62.3000	10.1000
1992	540	61.6500	8.0250
1993	576	51.8250	19.5750
1994	586	45.7000	4.0250
1995	583	28.6250	21.8750
1996	556	22.5000	21.6750
1997	582	36.7750	21.1000
1998	539	62.3000	10.0500
1998	540	61.6500	8.0250
1999	576	51.6750	19.0250
2000	586	45.7000	4.4750
2001	583	27.8750	21.8750
2002	556	21.8000	21.6750
2003	582	36.0750	21.1000
2004	539	62.3000	10.0500
2004	540	61.6250	8.0250
2005	576	51.5750	18.4750
2006	586	45.7000	4.9250
2007	583	27.1500	22.0250
2008	556	21.0500	21.6750
2009	582	35.3250	21.1000
2010	539	62.3000	10.0500
2010	540	61.6250	8.0250
2011	576	51.4750	18.0250
2012	586	45.7000	5.3750
2013	583	26.4250	22.0250
2014	556	20.4000	21.6750
2015	582	34.6750	21.1000
2016	539	62.3000	10.0500
2016	540	61.6250	8.0250
2017	576	51.2750	17.4500
2018	586	45.6000	5.8250
2019	583	25.6750	22.1250
2020	556	19.7500	21.7750
2021	582	33.9250	21.1000
2022	539	62.3000	10.0000
2022	540	61.6250	8.0250
2023	576	51.1250	17.0000
2024	586	45.5000	6.2250
2025	583	24.9500	22.2250
2026	556	19.7500	21.7750
2027	582	33.2250	21.1000
2028	539	62.3000	10.0000
2028	540	61.6250	8.0250
2029	576	50.9250	16.4250
2030	586	45.4000	6.6750
2031	583	24.3000	22.3250
2032	556	19.7500	21.7750
2033	582	32.5750	21.1000
2034	539	62.3000	10.0000
2034	540	61.6250	8.0250
2035	576	50.8250	15.8750
2036	586	45.3500	7.0500
2037	583	23.6750	22.4750
2038	556	19.7500	21.7750
2039	582	31.8250	21.1000
2040	539	62.3000	10.0000
2040	540	61.6250	8.0250
2041	576	50.6750	15.4250
2042	586	45.2500	7.4500
2043	583	22.9250	22.5750
2044	556	19.7500	21.7750
2045	582	31.0750	21.1000
2046	539	62.3000	10.0000
2046	540	61.6250	8.0250
2047	576	50.4750	14.8750
2048	586	45.1500	7.9000
2049	583	22.2750	22.6750
2050	556	19.7500	21.7750
2051	582	30.4250	21.1000
2052	539	62.2250	9.9250
2052	540	61.6750	7.9500
2053	576	50.1250	14.3000
2054	586	44.6000	8.4500
2055	583	21.6750	22.6250
2056	556	19.7500	21.7750
2057	582	29.7250	21.3250
2058	539	62.2250	9.9250
2058	540	61.6750	7.9500
2059	576	49.9250	13.8000
2060	586	44.1500	9.0250
2061	583	21.1750	22.5750
2062	556	19.7500	21.7750
2063	582	29.0500	21.4250
2064	539	62.2250	9.9250
2064	540	61.6750	7.9500
2065	576	49.6750	13.2250
2066	586	43.7500	9.4750
2067	583	20.6000	22.5000
2068	582	28.3000	21.3750
2069	539	62.2250	9.9250
2069	540	61.6750	7.9500
2070	576	49.4500	12.7250
2071	586	43.5000	9.7000
2072	583	20.0500	22.4500
2073	582	27.6000	21.3750
2074	539	62.2250	9.9250
2074	540	61.6750	7.9500
2075	576	49.1750	12.1750
2076	586	43.2000	9.8500
2077	583	20.0000	22.4500
2078	582	26.8000	21.3750
2079	539	62.2250	9.9250
2079	540	61.6750	7.9500
2080	576	48.9500	11.6750
2081	586	42.7500	10.1000
2082	583	18.9000	22.4500
2083	582	25.9500	21.3750
2084	539	62.2250	9.9250
2084	540	61.6750	7.9500
2085	576	48.7250	11.2250
2086	586	42.2000	10.3000
2087	583	17.4000	22.4500
2088	582	25.1500	21.3750
2089	539	62.2250	9.9250
2089	540	61.6750	7.9500
2090	576	48.4500	10.6500
2091	586	41.5500	10.4500
2092	583	16.2250	22.4500
2093	582	24.5000	21.3750
2094	539	62.2250	9.9250
2094	540	61.7000	7.9500
2095	576	48.2250	10.1500
2096	586	41.2000	10.6500
2097	583	15.1000	22.3500
2098	582	23.7500	21.3750
2099	565	6.2500	25.6000
2100	539	62.2250	9.9250
2100	540	61.7000	7.9500
2101	576	48.0250	9.6000
2102	586	41.2000	10.6500
2103	583	14.0000	22.3500
2104	582	23.1000	21.3750
2105	565	7.7500	25.7250
2106	539	62.2250	9.8750
2106	540	61.7000	7.9500
2107	576	47.7500	9.1500
2108	586	41.2000	10.6500
2109	583	13.2000	22.3500
2110	582	22.4500	21.5000
2111	565	9.2000	25.9250
2112	539	62.2250	9.8750
2112	540	61.7000	7.9500
2113	576	47.4750	8.5750
2114	586	41.2000	10.6500
2115	583	12.5500	22.4500
2116	582	21.9000	21.5000
2117	565	10.3000	26.0500
2118	539	62.2250	9.8750
2118	540	61.7000	7.9500
2119	576	47.3000	8.1250
2120	586	41.2000	10.6500
2121	583	11.9000	22.4500
2122	582	21.2750	21.6250
2123	565	10.7000	26.0500
2124	539	62.2250	9.8750
2124	540	61.7000	7.9500
2125	576	47.0250	7.5500
2126	586	41.2000	10.6500
2127	583	11.2500	22.5500
2128	582	20.7000	21.6250
2129	565	11.1750	26.0500
2130	539	62.2250	9.8750
2130	540	61.7500	7.9000
2131	535	53.5750	33.4250
2131	576	46.7500	7.1000
2132	534	54.8000	33.0250
2133	586	41.2000	10.6500
2134	583	10.6250	22.7000
2135	582	20.1000	21.6250
2136	565	11.6500	26.0500
2137	539	62.2250	9.8750
2137	540	61.7500	7.9000
2138	535	53.3250	32.9750
2138	576	46.5750	6.5500
2139	534	54.5000	32.6750
2140	586	41.2000	10.6500
2141	583	10.0000	22.8000
2142	582	17.9500	21.5000
2143	565	12.1000	26.0500
2144	539	62.2250	9.8750
2144	540	61.8000	7.9000
2145	535	53.1250	32.6250
2145	576	46.3000	6.1000
2146	534	54.3250	32.3500
2147	586	41.2000	10.6500
2148	583	9.3500	22.9000
2149	582	16.7750	21.3750
2150	565	12.5500	26.0500
2151	539	62.2250	9.8750
2151	540	61.8000	7.9000
2152	535	52.9500	32.2750
2152	576	46.1000	5.5500
2153	534	54.0500	32.0000
2154	586	41.2000	10.6500
2155	583	8.7000	22.9000
2156	582	15.9500	21.3750
2157	565	13.0000	26.0500
2158	539	62.2250	9.8750
2158	540	61.8000	7.9000
2159	535	52.7750	31.9500
2159	576	46.0250	5.1000
2160	534	53.8500	31.6750
2161	586	41.2000	10.6500
2162	583	8.0500	23.0000
2163	582	15.0500	21.2750
2164	565	13.4500	26.0500
2165	539	62.2250	9.8750
2165	540	61.8000	7.9000
2166	535	52.4750	31.6250
2166	576	46.0250	4.6000
2167	534	53.7000	31.3250
2168	586	41.2000	10.6500
2169	583	7.4000	23.1500
2170	582	14.2000	21.2750
2171	565	14.8500	25.9250
2172	539	62.2250	9.8750
2172	540	61.8000	7.9000
2173	535	52.3000	31.2750
2173	576	45.9250	4.0750
2174	534	53.4000	31.0000
2175	586	41.2000	10.6500
2176	583	6.7500	23.2500
2177	582	13.4500	21.2750
2178	565	16.7750	25.7000
2179	539	62.2250	9.8750
2179	540	61.8000	7.9000
2180	535	52.1250	30.9250
2180	576	45.8250	3.5500
2181	534	53.2000	30.6500
2182	586	41.2000	10.6500
2183	583	6.1250	23.2500
2184	582	12.7500	21.5000
2185	565	17.4000	25.6000
2186	539	62.2250	9.8750
2186	540	61.8000	7.9000
2187	535	51.9250	30.6000
2187	576	45.7500	3.1000
2188	534	52.9500	30.3250
2189	586	41.2000	10.6500
2190	583	5.4000	23.3500
2191	582	12.1000	21.6250
2192	565	17.7000	25.5000
2193	539	62.2250	9.8750
2193	540	61.8000	7.9000
2194	535	51.6750	30.2750
2194	576	45.6500	2.6500
2195	534	52.7500	29.9750
2196	586	41.2000	10.6500
2197	583	4.6500	23.3500
2198	582	11.4500	21.8250
2199	565	18.0500	25.5000
2200	539	62.2250	9.8750
2200	540	61.8000	7.9000
2201	535	51.3750	30.0250
2201	576	45.4750	2.2000
2202	534	52.6000	29.6500
2203	586	41.2000	10.6500
2204	583	4.0000	23.4500
2205	582	10.7000	22.0750
2206	565	18.3500	25.4000
2207	539	62.2250	9.8750
2207	540	61.8500	7.9000
2208	535	51.1250	29.8250
2208	576	45.4750	1.7500
2209	534	52.3000	29.3000
2210	586	41.2000	10.6500
2211	583	3.4500	23.6000
2212	582	10.0750	22.2750
2213	565	18.8000	25.4000
2214	539	62.2250	9.8750
2214	540	61.8500	7.9000
2215	535	50.7500	29.5750
2215	576	45.4750	1.3750
2216	534	52.1000	28.9750
2217	586	41.2000	10.6500
2218	583	2.5500	23.7000
2219	582	9.4500	22.4000
2220	565	19.2500	25.4000
2221	539	62.2250	9.8750
2221	540	61.8500	7.9000
2222	535	50.4750	29.2500
2223	534	51.8500	28.6250
2224	586	41.2000	10.6500
2225	583	1.9000	23.9000
2226	582	8.8000	22.6250
2227	565	19.7000	25.4000
2228	539	62.2250	9.8750
2228	540	61.9000	7.8500
2229	535	50.2000	29.0250
2230	534	51.5500	28.3000
2231	586	41.2000	10.6500
2232	583	1.5000	24.0500
2233	582	8.0500	22.8500
2234	565	20.1500	25.4000
2235	539	62.2250	9.8750
2235	540	61.9000	7.8500
2236	535	49.8250	28.8000
2237	534	51.2000	27.9750
2238	586	41.2000	10.6500
2239	583	1.1750	24.2500
2240	582	7.4000	23.0750
2241	565	20.6500	25.4000
2242	539	62.2250	9.8750
2242	540	61.9000	7.8500
2243	535	49.5500	28.5750
2244	534	50.9500	27.7250
2245	586	41.2000	10.6500
2246	582	6.7500	23.1750
2247	565	21.3500	25.2500
2248	539	62.2250	9.8250
2248	540	61.9000	7.8500
2249	535	49.2750	28.3500
2250	534	50.5500	27.4000
2251	586	41.2000	10.6500
2252	582	6.0500	23.4250
2253	565	22.1000	25.1500
2254	539	62.2250	9.8250
2254	540	61.9000	7.8500
2255	535	48.9000	28.0250
2256	534	50.2000	27.1750
2257	586	41.2000	10.6500
2258	582	5.5750	23.5250
2259	565	22.9250	25.1500
2260	539	62.2250	9.8250
2260	540	61.9500	7.8500
2261	535	48.6250	27.7750
2262	534	49.8250	26.8250
2263	586	41.2000	10.6500
2264	582	5.2000	23.7500
2265	565	23.7500	25.1500
2266	539	62.2250	9.8250
2266	540	61.9500	7.8500
2267	535	48.3500	27.5750
2268	534	49.4500	26.6250
2269	586	41.2000	10.6500
2270	582	4.7500	23.8750
2271	565	24.6000	25.1500
2272	539	62.2250	9.8250
2272	540	61.9500	7.8500
2273	535	47.9750	27.3250
2274	534	49.1000	26.2750
2275	586	41.2000	10.6500
2276	582	4.0000	24.0750
2277	565	25.5000	25.2500
2278	539	62.2250	9.8250
2278	540	61.9500	7.8500
2279	535	47.7250	27.1250
2280	534	48.8000	26.0500
2281	586	41.2000	10.6500
2282	582	3.2000	24.4250
2283	565	26.3000	25.2500
2284	539	62.2250	9.8250
2284	540	61.9500	7.8500
2285	535	47.3000	26.8750
2286	534	48.4500	25.8250
2287	586	41.2000	10.6500
2288	582	2.6500	24.6500
2289	565	27.1500	25.2500
2290	539	62.2250	9.8250
2290	540	61.9500	7.8500
2291	535	46.9250	26.6750
2292	534	48.1000	25.5000
2293	586	41.2000	10.6500
2294	582	2.1000	24.7750
2295	565	28.0500	25.2500
2296	539	62.2250	9.8250
2296	540	61.9500	7.8500
2297	535	46.5250	26.3250
2298	534	47.7000	25.2750
2299	586	41.2000	10.6500
2300	582	1.1000	24.8750
2301	565	28.7000	25.4000
2302	539	62.2250	9.8250
2302	540	61.9500	7.8500
2303	535	46.1000	26.1250
2304	534	47.3500	24.9250
2305	586	41.2000	10.6500
2306	565	29.3500	25.4000
2307	539	62.2250	9.8750
2307	540	62.0500	7.8500
2308	535	45.7500	25.8750
2309	534	46.8000	24.6000
2310	586	41.2000	10.6500
2311	565	29.8500	25.4000
2312	539	62.1250	9.8250
2312	540	61.9500	7.8000
2313	535	45.2750	25.8250
2314	534	46.3500	24.4750
2315	586	41.2000	10.6500
2316	565	30.3750	25.4000
2317	539	62.1250	9.8250
2317	540	61.9500	7.8000
2318	535	44.8750	25.7250
2319	534	45.8250	24.3750
2320	586	41.2000	10.6500
2321	565	30.8500	25.4000
2322	539	62.1250	9.8250
2322	540	61.9500	7.8000
2323	535	44.4500	25.7250
2324	534	45.3750	24.2500
2325	565	31.6000	25.3250
2326	539	62.1250	9.8250
2326	540	61.9500	7.8000
2327	535	44.0500	25.6250
2328	534	44.8750	24.1000
2329	565	32.2500	25.2000
2330	539	62.1250	9.8250
2330	540	61.9500	7.8000
2331	535	43.6000	25.5500
2332	534	44.4250	23.9750
2333	565	32.9750	25.1000
2334	539	62.1250	9.8250
2334	540	61.9500	7.8000
2335	535	43.1250	25.4250
2336	534	43.9500	23.8500
2337	565	33.4500	25.0000
2338	539	62.1250	9.8250
2338	540	61.9500	7.8000
2339	535	42.6000	25.3250
2340	534	43.4500	23.7500
2341	565	33.9000	24.8750
2342	539	62.1250	9.8250
2342	540	61.9500	7.8000
2343	535	42.1000	25.3250
2344	534	43.0000	23.6000
2345	565	34.6500	24.8750
2346	539	62.1000	9.8250
2346	540	61.9500	7.8000
2347	535	41.6500	25.2250
2348	534	42.5000	23.4500
2349	565	35.3500	24.8750
2350	539	62.1000	9.8250
2350	540	61.9500	7.8000
2351	535	41.2000	25.2250
2352	534	42.0500	23.3500
2353	565	36.3000	25.1000
2354	539	62.1000	9.7750
2354	540	61.9500	7.8000
2355	535	40.7000	25.1000
2356	534	41.6500	23.2500
2357	565	37.2500	25.6000
2358	539	62.1000	9.7750
2358	540	61.9500	7.8000
2359	535	40.2500	24.9750
2360	534	41.2500	23.1500
2361	565	37.8000	25.9500
2362	539	62.1000	9.7750
2362	540	61.9500	7.8000
2363	535	39.7750	24.9750
2364	534	40.8500	23.0000
2365	565	38.3500	26.0500
2366	539	62.0500	9.8250
2366	540	61.8500	7.8000
2367	535	39.2500	24.8750
2368	534	40.4500	22.9000
2369	565	39.1750	25.8250
2370	539	62.0500	9.8250
2370	540	61.8500	7.8000
2371	535	38.7500	24.8750
2371	559	37.7500	34.5500
2372	534	40.0500	22.9000
2373	565	39.9000	25.6000
2374	539	62.0500	9.8250
2374	540	61.8500	7.8000
2375	535	38.4000	24.8750
2375	559	38.1000	34.4250
2376	534	39.6750	22.8000
2377	565	40.5500	25.2500
2378	539	62.0000	9.8250
2378	540	61.8500	7.8000
2379	535	38.0500	25.1000
2379	559	38.6000	34.3750
2380	534	39.2250	22.8000
2381	565	41.2000	24.8000
2382	539	62.0000	9.8250
2382	540	61.8500	7.8000
2383	535	37.7500	25.2250
2383	559	39.0500	34.3750
2384	534	38.6750	22.9000
2385	565	41.7500	24.5000
2386	539	62.0000	9.8250
2386	540	61.8500	7.8000
2387	535	37.4000	25.4250
2387	559	39.9500	34.2500
2388	534	38.2000	23.0000
2389	565	42.1000	24.3500
2390	539	62.0000	9.8250
2390	540	61.8500	7.8000
2391	535	36.6500	25.4250
2391	559	40.9500	34.1500
2392	534	37.7500	23.1500
2393	565	42.4750	24.1500
2394	539	62.0000	9.7500
2394	540	61.8500	7.7250
2395	535	35.9000	25.4250
2395	559	41.9750	34.0250
2396	534	37.2000	23.2500
2397	565	43.1250	23.2500
2398	539	62.0000	9.7500
2398	540	61.8500	7.7250
2399	535	35.4500	25.4250
2399	559	43.0000	34.0250
2400	534	36.6500	23.2500
2401	565	43.8500	22.3500
2402	539	62.0000	9.7500
2402	540	61.8500	7.7250
2403	535	35.0000	25.4250
2403	559	43.7000	34.0250
2404	534	36.1000	23.3500
2405	565	44.4000	21.5500
2406	539	62.0000	9.7500
2406	540	61.8500	7.7250
2407	535	34.6500	25.4250
2407	559	44.4500	34.0250
2408	534	35.5500	23.3500
2409	565	44.8750	21.2000
2410	539	62.0000	9.7500
2410	540	61.8500	7.7250
2411	535	34.1750	25.4250
2411	559	45.1000	34.1500
2412	534	35.0000	23.3500
2413	565	45.2250	20.7500
2414	539	61.9500	9.7500
2414	540	61.8500	7.7250
2415	535	33.7000	25.3250
2415	559	45.8500	34.1500
2416	534	34.6500	23.3500
2417	565	45.6000	20.4500
2418	539	61.9500	9.7500
2418	540	61.8500	7.7250
2419	535	33.1500	25.3250
2419	559	46.4750	34.1500
2420	534	34.1750	23.2500
2421	565	45.8750	20.2000
2422	539	61.9000	9.8000
2422	540	61.7500	7.7250
2423	535	32.6500	25.3250
2423	559	46.7500	34.2500
2424	534	33.7000	23.2500
2425	565	46.4250	19.3000
2426	539	61.9000	9.8000
2426	540	61.7500	7.7250
2427	535	32.1000	25.3250
2427	559	46.8500	34.2500
2428	534	33.3500	23.1500
2429	565	47.2500	18.2000
2430	539	61.9000	9.8000
2430	540	61.7500	7.7250
2431	535	31.7500	25.3250
2431	559	47.0250	34.2500
2432	534	32.9000	23.1500
2433	565	47.7000	17.5000
2434	539	61.9000	9.8000
2434	540	61.7500	7.7250
2435	535	31.3500	25.3250
2435	559	47.1000	34.2500
2436	534	32.3500	23.1500
2437	565	47.9000	17.0500
2438	539	61.9000	9.7500
2438	540	61.7500	7.7250
2439	535	31.0000	25.3250
2439	559	47.3000	34.2500
2440	534	31.8000	23.1500
2441	565	48.2750	16.6000
2442	539	61.9000	9.7500
2442	540	61.7500	7.7250
2443	535	30.6500	25.3250
2443	559	47.5000	34.2500
2444	534	31.3250	23.1500
2445	565	48.7250	16.1500
2446	539	61.8500	9.7500
2446	540	61.7500	7.7250
2447	535	30.2500	25.3250
2447	559	47.5000	34.2500
2448	534	30.7750	23.1500
2449	565	49.1750	15.7000
2450	539	61.8500	9.7500
2450	540	61.7500	7.7250
2451	535	29.8000	25.4250
2451	559	47.5000	34.2500
2452	534	30.2250	23.1500
2453	565	49.6500	15.2500
2454	539	61.8500	9.7500
2454	540	61.7500	7.7250
2455	535	29.3500	25.4250
2455	559	47.5000	34.2500
2456	534	29.7500	23.1500
2457	565	50.1000	14.7000
2458	539	61.8500	9.7500
2458	540	61.7500	7.7250
2459	535	28.7000	25.4250
2459	559	47.5000	34.2500
2460	534	29.2000	23.1500
2461	565	50.5500	13.9000
2462	539	61.8500	9.7500
2462	540	61.7500	7.7250
2463	535	28.1500	25.4250
2463	559	47.5000	34.2500
2464	534	28.6500	23.2000
2465	565	51.0250	13.1250
2466	539	61.8500	9.7500
2466	540	61.7500	7.7250
2467	535	27.5000	25.4250
2467	559	47.5000	34.2500
2468	534	28.3500	23.2500
2469	565	51.3000	12.3500
2470	539	61.8500	9.7500
2470	540	61.7500	7.7250
2471	535	26.9500	25.4250
2471	559	47.5000	34.2500
2472	534	28.0250	23.3750
2473	565	51.5750	11.8000
2474	539	61.8500	9.7500
2474	540	61.7500	7.7250
2475	535	26.5000	25.4250
2475	559	47.5000	34.2500
2476	534	27.4250	23.4250
2477	565	51.8500	11.2000
2478	539	61.8000	9.7500
2478	540	61.7000	7.7750
2479	535	26.1000	25.3750
2479	559	47.5000	34.2500
2480	534	26.6750	23.5250
2481	565	52.2500	10.5500
2482	539	61.8000	9.7500
2482	540	61.7000	7.7750
2483	535	25.7750	25.3250
2483	559	47.5000	34.2500
2484	534	26.0000	23.6250
2485	565	52.6750	9.9250
2486	539	61.8000	9.7500
2486	540	61.7000	7.7750
2487	535	25.5250	25.3250
2487	559	47.5000	34.2500
2488	534	25.3000	23.7000
2489	565	53.0250	9.2500
2490	539	61.8000	9.7500
2490	540	61.7000	7.7750
2491	535	25.2750	25.2500
2492	534	24.8500	23.7000
2493	565	53.4500	8.6250
2494	539	61.8000	9.7500
2494	540	61.7000	7.7750
2495	535	24.6750	25.3250
2496	534	24.5000	23.7000
2497	565	53.8250	8.0750
2498	539	61.8000	9.7500
2498	540	61.6500	7.7750
2499	535	23.9500	25.4500
2500	534	24.0250	23.5750
2501	565	54.1750	7.6250
2502	539	61.8000	9.7500
2502	540	61.6500	7.7750
2503	535	23.4750	25.3250
2504	534	23.6500	23.5750
2505	565	54.6000	6.9000
2506	539	61.8000	9.7500
2506	540	61.6500	7.7750
2507	535	23.0250	25.3250
2508	534	23.3000	23.5750
2509	538	54.4000	32.8000
2510	565	55.0750	6.2000
2511	539	61.8000	9.7500
2511	540	61.6500	7.8250
2512	535	22.6500	25.3250
2513	534	22.8250	23.5750
2514	538	54.5000	32.3500
2515	565	55.5750	5.5000
2516	539	61.8000	9.7500
2516	540	61.6500	7.8250
2517	535	22.2000	25.3250
2518	534	22.3750	23.5750
2519	538	54.7000	32.0000
2520	565	56.0250	4.8000
2521	539	61.8000	9.7500
2521	540	61.6500	7.8250
2522	535	21.8250	25.2000
2523	534	21.8250	23.7000
2524	538	54.8750	31.6750
2525	565	56.7500	4.3500
2526	539	61.8000	9.7500
2526	540	61.6250	7.8250
2527	535	21.5500	25.2000
2528	534	21.1000	23.7000
2529	538	54.9500	31.3250
2530	565	57.2250	3.9000
2531	539	61.8000	9.7500
2531	540	61.6250	7.8250
2532	535	21.1750	25.2000
2533	534	20.3500	23.5750
2534	538	55.1500	31.0000
2535	565	57.5000	3.3500
2536	539	61.8000	9.7500
2536	540	61.6250	7.8250
2537	535	20.0750	25.2000
2538	534	19.6250	23.4750
2539	538	55.3500	30.5500
2540	565	57.7750	2.8000
2541	539	61.7500	9.7500
2541	540	61.6250	7.8250
2542	535	19.2500	25.2000
2543	534	18.9000	23.4750
2544	538	55.4250	30.2000
2545	565	58.0500	2.2000
2546	536	54.0000	33.0250
2547	539	61.7500	9.7500
2547	540	61.6250	7.8250
2548	535	18.4250	25.2000
2549	534	18.2500	23.3500
2550	538	55.6000	29.8750
2551	565	58.4500	1.7500
2552	536	54.2000	32.5750
2553	539	61.7500	9.7500
2553	540	61.5750	7.8250
2554	535	17.6000	25.2000
2555	534	17.5000	23.2500
2556	538	55.8000	29.5250
2557	536	54.3500	32.2250
2558	539	61.7500	9.7500
2558	540	61.5750	7.9000
2559	535	16.7750	25.2000
2560	534	16.8750	23.2500
2561	538	55.9000	29.2000
2562	536	54.5500	31.9000
2563	539	61.7500	9.7500
2563	540	61.5750	7.9000
2564	535	15.9500	25.3250
2565	534	16.1250	23.2500
2566	538	56.0500	28.8500
2567	536	54.7000	31.4500
2568	539	61.7500	9.7500
2568	540	61.5750	7.9000
2569	535	15.1250	25.3250
2570	534	15.5000	23.2500
2571	538	56.3500	28.5250
2572	536	54.8000	31.1000
2573	537	56.8250	31.2750
2574	539	61.7500	9.7500
2574	540	61.5750	7.9000
2575	535	14.2000	25.3250
2576	534	14.7500	23.2500
2577	538	56.6000	28.1750
2578	536	54.9000	30.6500
2579	537	56.8750	30.6000
2580	539	61.8000	9.7500
2580	540	61.5250	7.9000
2581	535	13.3750	25.2000
2582	534	13.7500	23.2500
2583	538	56.9000	27.8500
2584	536	55.0500	30.2000
2585	537	57.0750	30.0250
2586	539	61.8000	9.7500
2586	540	61.5250	7.9000
2587	535	12.5500	25.1000
2588	534	12.5500	23.3000
2589	538	57.1500	27.5250
2590	536	55.4250	29.8000
2591	537	57.2750	29.4750
2592	539	61.8000	9.7500
2592	540	61.5250	7.9000
2593	535	11.7250	25.0000
2594	534	11.6250	23.3500
2595	538	57.4500	27.1750
2596	536	55.8000	29.4000
2597	537	57.4250	28.9250
2598	539	61.8000	9.7500
2598	540	61.5250	7.9000
2599	535	10.9000	25.0000
2600	534	11.2750	23.3500
2601	538	57.7000	26.8250
2602	536	56.1500	28.9500
2603	537	57.6250	28.3500
2604	539	61.8000	9.7500
2604	540	61.5250	7.9500
2605	535	9.9000	25.1000
2606	534	10.9000	23.4500
2607	538	58.0000	26.5000
2608	536	56.3500	28.6500
2609	537	57.9250	28.0250
2610	539	61.8000	9.7500
2610	540	61.4750	7.9500
2611	535	8.8750	25.2000
2612	534	10.6250	23.5250
2613	538	58.3500	26.1750
2614	536	56.6000	28.2000
2615	537	58.2750	27.6750
2616	539	61.8000	9.7500
2616	540	61.4750	7.9500
2617	535	7.9500	25.4500
2618	534	10.2500	23.6000
2619	538	58.6500	25.8250
2620	536	56.8000	27.8500
2621	537	58.6250	27.3250
2622	539	61.7500	9.7500
2622	540	61.4750	7.9500
2623	535	7.9500	26.0000
2624	534	9.9750	23.6500
2625	538	58.9000	25.5000
2626	536	57.0000	27.5000
2627	537	59.0250	27.1250
2628	539	61.7500	9.7500
2628	540	61.4750	7.9500
2629	535	7.8750	26.5500
2630	534	9.6250	23.7500
2631	538	59.3000	25.2750
2632	536	57.3500	27.0500
2633	537	59.3750	26.7750
2634	539	61.7500	9.7500
2634	540	61.4750	7.9500
2635	535	7.7750	27.0000
2636	534	9.2500	23.7500
2637	538	59.6500	24.9250
2638	536	57.7000	26.5500
2639	537	59.8250	26.4250
2640	539	61.7500	9.7500
2640	540	61.4250	7.9500
2641	535	7.7750	27.5500
2642	534	8.9750	23.8500
2643	538	60.0000	24.7000
2644	536	58.2000	26.1000
2645	537	60.3750	26.0000
2646	539	61.7500	9.7500
2646	540	61.4250	7.9500
2647	535	7.7000	28.1250
2648	534	8.6000	23.8500
2649	538	60.4000	24.4750
2650	536	58.6500	25.7250
2651	537	60.9250	25.6000
2652	539	61.7500	9.7500
2652	540	61.4250	8.0000
2653	535	7.6000	28.7000
2654	534	8.2500	23.9750
2655	538	60.7500	24.2500
2656	536	59.1000	25.3750
2657	537	61.3750	25.1500
2658	539	61.7500	9.7500
2658	540	61.4250	8.0000
2659	535	7.6000	29.1500
2660	534	7.9500	24.0250
2661	538	61.1000	23.9250
2662	536	59.4500	25.0500
2663	537	61.8250	24.9250
2664	539	61.7500	9.7500
2664	540	61.4250	8.0000
2665	535	7.0500	27.1000
2666	534	7.6000	24.1000
2667	538	61.5750	23.7000
2668	536	59.9250	24.7000
2669	537	62.1750	24.6000
2670	539	61.7500	9.7500
2670	540	61.4250	8.0000
2671	535	6.8500	26.8000
2672	534	7.3250	24.1500
2673	538	62.1500	23.3500
2674	536	60.3000	24.3750
2675	537	62.5750	24.3750
2676	539	61.7500	9.7500
2676	540	61.3750	8.0000
2677	535	6.7750	26.5500
2678	534	6.9500	24.2500
2679	538	62.7000	23.0250
2680	536	60.7500	24.1500
2681	537	62.9500	24.0250
2682	539	61.7500	9.7500
2682	540	61.3750	8.0000
2683	535	6.5750	26.3500
2684	534	6.5750	24.2500
2685	538	63.1500	22.6750
2686	536	61.1000	23.8000
2687	537	63.6000	23.7000
2688	539	61.7500	9.7500
2688	540	61.3750	8.0000
2689	535	6.4000	26.0000
2690	534	6.1250	24.4750
2691	538	63.6000	22.3500
2692	536	61.5750	23.4750
2693	537	64.2250	23.3500
2694	539	61.7500	9.7500
2694	540	61.3750	8.0000
2695	535	6.1250	26.0000
2696	534	5.4750	24.6000
2697	538	64.0500	22.1250
2698	536	61.9500	23.1250
2699	537	64.5500	22.9000
2700	539	61.7500	9.7500
2700	540	61.3750	8.0000
2701	535	5.8500	26.0000
2702	534	5.1250	24.6000
2703	538	64.2500	21.6000
2704	536	62.4500	23.2500
2705	537	65.2000	22.8000
2706	539	61.8000	9.8250
2706	540	61.4250	8.0000
2707	535	5.6250	25.6000
2708	534	5.4750	24.1500
2709	538	64.9750	21.4000
2710	536	62.6250	22.8500
2711	539	61.8500	9.8750
2711	540	61.5250	8.0000
2712	535	5.2500	25.6000
2713	534	5.2250	24.2500
2714	538	65.2000	21.1500
2715	536	63.1000	22.5250
2716	539	61.9000	9.9250
2716	540	61.5750	7.9500
2717	535	4.8000	25.7250
2718	534	4.4750	24.4750
2719	536	63.5500	22.1750
2720	539	61.9250	9.9750
2720	540	61.6250	7.9500
2721	535	4.5250	25.7250
2722	536	64.3750	21.5750
2723	539	62.0000	9.9750
2723	540	61.6750	7.9500
