0	516	7.2250	0.6000
1	516	6.9750	1.0250
2	516	6.6750	1.6000
3	516	6.4750	2.1750
4	516	6.2250	2.7250
5	516	6.0250	3.2750
6	516	5.7750	3.8500
7	516	5.4750	4.6250
8	516	5.1250	5.3250
9	516	4.8250	6.1000
10	516	4.7500	6.7750
11	516	4.4750	7.4500
12	516	4.1750	8.1250
13	516	3.9250	8.8000
14	516	3.8250	9.5750
15	516	3.6250	10.2750
16	516	3.5750	10.9250
17	516	3.4750	11.7250
18	516	3.4750	12.4000
19	516	3.3250	13.1250
20	516	3.1750	13.8750
21	516	3.1000	14.5750
22	516	2.9500	15.3000
23	516	2.8250	16.0500
24	516	2.7000	16.7750
25	516	2.5500	17.5250
26	516	2.5500	18.1250
27	516	2.3500	18.9250
28	516	2.2500	19.7000
29	516	2.2000	20.4750
30	516	2.1000	21.2750
31	517	52.2500	52.6250
32	516	2.0000	21.8250
33	517	52.8000	52.1750
34	516	1.9000	22.4000
35	517	53.3500	51.7250
36	516	1.8000	23.0750
37	517	54.0000	51.2750
38	516	1.7000	23.6250
39	517	54.5500	50.8250
40	516	1.6500	24.2000
41	517	55.2000	50.3750
42	516	1.1500	25.4250
43	517	55.7500	49.9250
44	516	1.1250	26.1250
45	517	56.4000	49.4750
46	516	1.1250	26.7750
47	517	56.9500	49.0250
48	516	1.0750	27.4750
49	517	57.6000	48.5750
50	516	1.0000	28.0750
51	517	58.1500	48.1250
52	516	0.9500	28.7500
53	517	58.7750	47.6750
54	516	0.9000	29.4250
55	517	59.3250	47.2250
56	516	0.8500	30.1000
57	517	59.9500	46.7750
58	517	60.4500	46.4500
59	517	60.9000	46.0000
60	517	61.4500	45.4250
61	517	61.9000	44.8750
62	517	62.4500	44.3250
63	517	62.9000	43.7500
64	518	10.6750	1.1750
65	517	63.5500	43.5250
66	518	10.2250	1.4750
67	517	64.2000	43.3000
68	518	9.8500	1.9250
69	517	64.8500	43.0750
70	518	9.4750	2.2750
71	517	64.9750	42.6250
72	518	9.0250	2.7250
73	517	65.0250	42.0750
74	518	8.4750	3.2750
75	517	65.0750	41.3750
76	518	7.8250	3.8500
77	517	65.0750	40.7250
78	518	7.1750	4.5250
79	518	6.8250	5.2000
80	518	6.4500	5.8750
81	519	0.2000	4.9750
81	523	2.2250	40.0500
82	518	6.0750	6.2750
83	519	1.8250	5.3750
83	523	2.2250	40.0500
84	518	5.4500	7.3000
85	519	3.6000	4.5750
85	523	2.2250	40.0500
86	518	4.8000	8.1750
87	519	5.3000	3.5000
87	523	2.2250	40.0500
88	518	4.4750	9.0750
89	520	1.4500	4.7500
90	519	7.9250	2.3750
90	523	2.2250	40.0500
91	518	4.2000	9.9750
92	520	3.0000	4.0750
93	519	9.5750	2.3750
93	523	2.2250	40.0500
94	518	3.9250	10.7750
95	520	5.4000	3.7250
96	519	11.1250	2.2750
96	523	2.2250	40.0500
97	518	3.6500	11.6750
98	520	7.7750	3.4000
99	519	12.9750	2.1750
99	523	2.2250	40.0500
100	518	3.4750	12.3500
101	520	9.7000	3.4000
102	519	15.0750	2.1750
102	523	2.2250	40.0500
103	518	3.3250	13.0000
104	520	11.6500	3.4000
105	519	17.0750	2.1750
105	523	2.2250	40.0500
106	518	3.1500	13.7000
107	520	13.5500	3.2750
108	519	19.2250	2.1750
108	523	2.2250	40.0500
109	518	3.0000	14.3500
110	520	15.5000	3.2750
111	519	21.3250	2.1750
111	523	2.2250	40.0500
112	518	2.8250	15.0250
113	520	17.4000	3.1750
114	519	23.4250	2.1750
114	523	2.2250	40.0500
115	518	2.7000	15.7000
116	520	19.3500	3.1750
117	519	25.4500	2.0500
117	523	2.2250	40.0500
118	518	2.5000	16.3750
119	520	21.2750	3.1750
120	519	27.5750	2.0500
120	523	2.2250	40.0500
121	518	2.3500	17.0500
122	520	23.2000	3.0750
123	519	29.6750	2.0500
123	523	2.2250	40.0500
124	518	2.2250	17.8500
125	520	25.1250	3.0750
126	519	31.7750	2.0500
126	523	2.2250	40.0500
127	518	2.1000	18.5250
128	520	27.0500	2.9500
129	519	33.8250	2.0500
129	523	2.2250	40.0500
130	518	1.9000	19.2000
131	520	29.0000	2.9500
132	519	35.9250	2.0500
132	523	2.2250	40.0500
133	518	1.7500	19.8750
134	520	30.9000	2.9500
135	519	38.0250	1.9250
135	523	2.2250	40.0500
136	518	1.6000	20.5500
137	520	32.8500	2.8250
138	519	40.0500	1.9250
138	523	2.2250	40.0500
139	518	1.4500	21.2250
140	520	34.7750	2.8250
141	519	42.1750	1.9250
141	523	2.2250	40.0500
142	518	1.2500	21.9000
143	520	36.7000	2.7250
144	519	44.2750	1.9250
144	523	2.2250	40.0500
145	518	1.1250	22.5750
146	520	38.6250	2.7250
147	519	46.3750	1.9250
147	523	2.2250	40.0500
148	518	0.9500	23.2500
149	520	40.5500	2.7250
149	521	52.9750	5.5250
150	519	48.4250	1.9250
150	523	2.2250	40.0500
151	520	42.4750	2.5000
151	521	52.9750	5.5250
152	519	50.6250	2.2750
152	523	2.2250	40.0500
153	520	44.4000	2.3500
153	521	52.9750	5.5250
154	519	52.7250	2.6250
154	523	2.2250	40.0500
155	520	46.3500	2.2250
155	521	52.9750	5.5250
156	519	54.7250	2.8250
156	523	2.2250	40.0500
157	520	48.4500	2.0750
157	521	52.9750	5.5250
158	519	56.2750	2.7250
158	523	2.2250	40.0500
159	520	50.5500	1.8500
159	521	52.9750	5.5250
160	519	57.7750	2.6250
160	523	2.2250	40.0500
161	521	52.9750	5.5250
162	519	59.7750	3.1750
162	523	2.2250	40.0500
163	521	52.9750	5.5250
164	519	62.5250	4.9750
164	523	2.2250	40.0500
165	521	52.9750	5.5250
166	519	63.3250	5.6500
166	523	2.2250	40.0500
167	521	52.9750	5.5250
168	519	64.1000	6.4250
168	523	2.2250	40.0500
169	521	52.9750	5.5250
170	519	64.7500	7.0000
170	523	2.2250	40.0500
171	521	52.9750	5.5250
172	519	64.9000	7.0000
172	523	2.2250	40.0500
173	521	52.9750	5.5250
174	519	64.9250	7.1250
174	523	2.2250	40.0500
175	521	52.9750	5.5250
176	519	64.9250	7.1250
176	523	2.2250	40.0500
177	521	52.9750	5.5250
178	519	64.9250	7.1250
178	523	2.2250	40.0500
179	521	52.9750	5.5250
180	519	64.9250	7.1250
180	523	2.2250	40.0500
181	521	52.9750	5.5250
182	519	64.9250	7.1250
182	523	2.2250	40.0500
183	521	52.9750	5.5250
184	519	64.9250	7.1250
184	523	2.2250	40.0500
185	521	52.9750	5.5250
186	519	64.9250	7.1250
186	523	2.2250	40.0500
187	521	52.9750	5.5250
188	519	64.9250	7.1250
188	523	2.2250	40.0500
189	521	52.9750	5.5250
190	519	64.9250	7.1250
190	523	2.2250	40.0500
191	474	1.1500	19.3500
192	474	1.1500	19.2500
193	474	1.1500	19.2500
194	474	1.3000	18.9000
195	512	0.8250	18.3500
196	474	1.4000	18.4500
197	512	0.8250	17.9000
198	474	1.6000	18.1250
199	512	0.8750	17.5500
200	474	1.6750	17.6750
201	512	0.8750	17.2250
202	474	1.6750	17.1000
203	512	0.9750	16.7750
204	474	1.8500	16.7750
205	512	1.0750	16.4500
206	474	2.0500	16.4500
207	512	1.1750	16.1000
208	474	2.1500	16.1000
209	512	1.3750	15.7500
210	474	2.2250	15.6500
211	512	1.4250	15.3000
212	474	2.4000	15.2000
213	512	1.6250	14.8500
214	474	2.5000	14.7500
215	512	1.7250	14.4250
216	474	2.6000	14.4250
217	512	1.8250	13.9750
218	474	2.7000	13.9750
219	512	1.9250	13.6250
220	474	2.7750	13.5250
221	512	1.9750	13.1750
222	474	2.8500	13.0750
223	512	2.1750	12.7250
224	474	3.0500	12.7250
225	512	2.2750	12.2750
226	474	3.1500	12.2750
227	512	2.2750	11.8500
228	474	3.2500	12.0500
229	512	2.2750	11.5000
230	474	3.2500	11.7250
231	512	2.2750	11.1500
232	474	3.4000	11.2750
233	512	2.2750	10.7000
234	474	3.5000	10.9500
235	495	1.0000	7.3000
236	512	2.2750	10.3750
237	474	3.7000	10.5000
238	495	1.2500	6.9500
239	512	2.3750	10.0500
240	474	3.7000	10.2500
241	495	1.5500	6.7000
242	512	2.5250	9.8000
243	474	3.8000	9.9250
244	495	1.9000	6.5000
245	512	2.6250	9.4750
246	474	3.8750	9.6000
247	495	2.4500	6.4000
248	512	2.8250	9.1500
249	474	3.8750	9.2500
250	495	2.9000	6.2500
251	512	3.0250	8.8000
252	474	4.0500	9.0250
253	495	3.4500	6.1500
254	512	3.1750	8.5750
255	474	4.3500	8.7000
256	495	4.1000	5.9500
257	512	3.2750	8.2500
258	474	4.6000	8.3500
259	495	4.8500	5.8000
260	512	3.5750	7.8000
261	474	4.8000	8.1250
262	495	5.4750	5.6000
263	512	3.8250	7.4500
264	474	5.0500	7.8000
265	495	6.1250	5.3500
266	512	4.1750	7.0000
267	474	5.4500	7.4500
268	495	6.6750	5.2500
269	512	4.4750	6.5500
270	474	5.8000	7.1000
271	495	7.2250	5.0500
272	512	4.9250	6.1000
273	474	6.1500	6.6500
274	495	7.9500	4.8500
275	512	5.3750	5.9250
276	474	6.5500	6.3250
277	495	8.5500	4.8500
278	512	5.8750	5.7750
279	474	6.7250	6.3250
280	495	9.2000	4.8500
281	514	1.6000	9.4750
282	512	6.4000	5.6500
283	495	9.8500	4.8500
284	514	2.0500	9.0250
285	512	6.8750	5.4750
286	495	10.4750	4.8500
287	514	2.5500	8.5750
288	512	7.3750	5.3250
289	495	11.0750	4.8500
290	514	3.0500	8.2250
291	512	7.9250	5.2000
292	495	11.6750	4.8500
293	514	3.5500	7.7750
294	512	8.4250	5.0250
295	495	12.3250	4.8500
296	514	4.0000	7.4000
297	512	8.8750	4.8500
298	495	12.9750	4.8500
299	514	4.5750	7.0000
300	512	9.4000	4.7500
301	495	13.6000	4.8500
302	514	5.0250	6.6000
303	512	9.8500	4.7500
304	495	14.2000	4.9250
305	514	5.5750	6.3750
306	512	10.3000	4.7500
307	495	14.8500	4.9250
308	514	6.1250	6.1500
309	512	10.7500	4.7500
310	495	15.4750	4.9250
311	514	6.6750	6.0500
312	512	11.1250	4.7500
313	495	16.1250	4.9250
314	514	7.2250	5.9250
315	512	11.6000	4.7500
316	495	16.7250	4.9250
317	514	7.7000	5.7000
318	512	12.0500	4.7500
319	495	17.3750	4.9250
320	500	0.7000	19.6500
321	514	8.2500	5.6000
322	512	12.5000	4.7500
323	495	18.0250	4.9250
324	500	0.8000	19.1000
325	514	8.8000	5.4750
326	512	12.9500	4.7500
327	495	18.6750	4.9250
328	500	0.9000	18.6500
329	514	9.3500	5.2500
330	512	13.3750	4.7500
331	495	19.2750	4.9250
332	500	1.0750	18.0500
333	514	9.9000	5.1500
334	512	13.8500	4.7500
335	495	19.8750	4.9250
336	500	1.1750	17.6000
337	514	10.4500	5.0250
338	512	14.2500	4.7500
339	495	20.5250	4.9250
340	500	1.2500	17.1500
341	514	11.0000	4.8000
342	512	14.7000	4.7500
343	495	21.1750	4.9250
344	500	1.4500	16.6000
345	514	11.5500	4.7000
346	512	15.1500	4.7500
347	495	21.7750	4.9250
348	500	1.5500	16.0500
349	514	12.0000	4.5750
350	512	15.6250	4.7500
351	495	22.4250	4.9250
352	500	1.7250	15.6000
353	514	12.5000	4.5750
354	512	16.0500	4.7500
355	495	23.0750	4.9250
356	500	1.8000	15.0500
357	514	12.9500	4.5750
358	512	16.5000	4.7500
359	495	23.7250	4.9250
360	500	2.0000	14.4750
361	514	13.4250	4.5750
362	496	44.6500	36.1250
363	512	16.9500	4.7500
364	495	24.3500	4.9250
365	498	53.3250	39.1000
366	500	2.1000	13.9000
367	514	13.9000	4.5250
368	496	44.0000	36.1250
369	512	17.3750	4.7500
370	495	24.9500	4.9250
371	498	52.7750	39.1000
372	500	2.2750	13.4500
373	514	14.4000	4.4750
374	496	43.3500	36.1250
375	512	17.8500	4.7500
376	495	25.5750	4.9250
377	498	52.3000	39.2000
378	500	2.3500	12.9000
379	514	14.8500	4.4750
380	496	42.7000	36.1250
381	512	18.2500	4.7500
382	495	26.2250	4.9250
383	498	51.8500	39.3250
384	500	2.5500	12.3500
385	514	15.3500	4.4750
386	496	42.0500	36.1250
387	512	18.7000	4.7500
388	495	26.8750	4.9750
389	498	51.3750	39.3250
390	500	2.7250	11.8000
391	514	15.8000	4.4250
392	496	41.4250	36.1250
393	512	19.1500	4.7500
394	495	27.4750	4.9750
395	498	50.9250	39.4250
396	500	2.8250	11.3500
397	514	16.3250	4.4250
398	496	40.8750	36.1250
399	512	19.6250	4.7500
400	495	28.1000	4.9750
401	498	50.4750	39.4250
402	500	3.1000	10.7500
403	514	16.7750	4.3500
404	496	40.3250	36.0000
405	512	20.0500	4.7500
406	495	28.7500	4.9750
407	498	50.0250	39.4250
408	500	3.3750	10.2000
409	514	17.2250	4.3500
410	496	39.8500	35.8750
411	512	20.5000	4.7500
412	495	29.4000	4.9750
413	498	49.5500	39.4250
414	500	3.6500	9.5500
415	514	17.6750	4.3000
416	496	39.5000	35.8750
417	512	20.9000	4.7500
418	495	30.0000	4.9750
419	498	49.0750	39.3250
420	500	3.8250	8.9500
421	514	18.2000	4.3000
422	496	39.0500	35.7750
423	512	21.3750	4.7500
424	495	30.6500	4.9750
425	498	48.6250	39.3250
426	500	4.1000	8.4000
427	514	18.6750	4.3000
428	496	38.6000	35.6750
429	512	21.8250	4.7500
430	495	31.2750	4.9750
431	498	48.1750	39.2000
432	500	4.3750	7.8500
433	514	19.1750	4.2500
434	496	38.1000	35.6750
435	512	22.2750	4.7500
436	495	31.9250	4.9750
437	498	47.7250	39.2000
438	500	4.7500	7.4000
439	514	19.6250	4.1750
440	496	37.6500	35.5500
441	512	22.7500	4.7500
442	495	32.5500	5.0250
443	498	47.3500	39.2000
444	500	5.0250	6.9500
445	514	20.1250	4.1750
446	496	37.2000	35.5500
447	497	43.0750	36.3000
448	512	23.1000	4.7500
449	495	33.1000	4.9250
450	498	46.8000	39.2000
451	500	5.4000	6.6000
452	514	20.5750	4.1750
453	496	36.6500	35.5500
454	497	42.6250	36.3000
455	512	23.5750	4.7500
456	495	33.6750	4.9250
457	498	46.1500	39.2000
458	500	5.6500	6.1500
459	492	40.3750	1.6000
459	511	24.3500	4.0250
459	513	20.6750	1.0500
459	514	21.1000	4.1750
460	496	36.1000	35.5000
461	497	42.1000	36.4000
462	512	24.0250	4.7000
463	495	34.3000	4.8000
464	498	45.6500	39.2250
465	500	6.0000	5.6000
466	492	42.2250	1.7250
466	511	24.8250	4.0250
466	513	23.1750	1.1500
466	514	21.7750	4.0250
467	496	35.4750	35.3250
468	497	41.7500	36.6250
469	512	24.5750	4.7000
470	495	34.9000	4.8000
471	501	0.5500	19.3500
472	498	45.1750	39.3250
473	500	6.2750	5.0250
474	492	44.0250	1.8250
474	511	25.2750	4.0750
474	513	25.6250	1.2750
474	514	22.4750	3.9000
475	496	34.8250	35.1500
476	497	41.3250	36.8500
477	512	25.1250	4.7000
478	495	35.5000	4.7500
479	501	0.6000	18.8000
480	498	44.6750	39.3750
481	500	6.5750	4.4750
482	492	45.8750	1.9250
482	511	25.7250	4.1250
482	513	28.2250	1.3750
482	514	23.1750	3.8000
483	496	34.3500	35.1750
484	497	40.8750	36.9000
485	512	25.6250	4.7000
486	495	36.1000	4.7000
487	501	0.7000	18.2500
488	498	44.1250	39.2000
489	500	6.9250	3.9750
490	492	47.8250	2.0500
490	511	26.1750	4.1750
490	513	30.6750	1.4750
490	514	23.8250	3.6750
491	496	34.0000	35.1750
492	497	40.3250	36.6750
493	512	26.1500	4.7000
494	495	36.7250	4.6500
495	501	0.9000	17.6750
496	498	43.4750	38.8500
497	500	7.1750	3.3500
498	492	49.7250	1.9250
498	511	26.6750	4.2500
498	513	33.4250	1.5500
498	514	24.5250	3.5750
499	496	33.4500	35.1750
500	497	39.7750	36.4500
501	512	26.6500	4.7000
502	495	37.3750	4.6000
503	501	1.0000	17.1000
504	498	42.8250	38.6500
505	500	7.5250	2.8000
506	492	51.6750	1.8250
506	511	27.1500	4.3000
506	513	36.2250	1.5500
506	514	25.2250	3.4000
507	496	32.9000	35.1750
508	497	39.1250	36.3250
509	512	27.2000	4.7000
510	495	37.9750	4.6000
511	501	1.1000	16.5500
512	498	42.2750	38.4000
513	500	7.7750	2.2750
514	492	53.6750	1.6000
514	511	27.6250	4.3000
514	513	38.9750	1.5500
514	514	25.9000	3.3000
515	496	32.3500	35.1750
516	497	38.5750	36.1250
517	512	27.7000	4.7000
518	495	38.5750	4.5250
519	501	1.2500	16.0000
520	498	41.7250	38.2000
521	500	8.0500	1.6500
522	492	54.9750	1.6000
522	511	28.0750	4.3500
522	513	41.9250	1.6000
522	514	26.6000	3.1750
523	496	31.7000	35.2750
524	497	38.0250	35.8750
525	512	28.2000	4.7000
526	495	39.1750	4.4500
527	501	1.3500	15.4250
528	498	41.3750	37.8500
529	500	8.3750	1.1500
530	492	56.0750	1.9250
530	511	28.5750	4.4000
530	513	45.0500	1.7000
530	514	27.3000	3.0500
531	496	31.1500	35.2750
532	497	37.5750	35.6750
533	512	28.7500	4.7000
534	495	39.7750	4.4000
535	501	1.5500	14.8500
536	498	41.0250	37.5000
537	500	8.6500	0.6000
538	492	58.2750	2.9500
538	511	29.0750	4.4750
538	513	47.8250	1.7000
538	514	27.9750	2.9500
539	496	30.6000	35.2750
540	497	37.1250	35.4250
541	499	0.3500	49.3000
541	512	29.3000	4.7000
542	495	40.4000	4.3500
543	501	1.6500	14.3000
544	498	40.6250	37.3000
545	492	60.4750	4.0750
545	511	29.5250	4.5250
545	513	50.7750	1.8250
545	514	28.6500	2.8500
546	496	30.0500	35.2750
547	497	36.5750	35.2250
548	499	0.4250	49.0000
548	512	29.7750	4.7000
549	495	41.0500	4.3500
550	501	1.7000	13.7500
551	498	40.2750	36.9500
552	492	62.5750	5.0750
552	511	30.0000	4.5750
552	513	53.9250	1.9500
552	514	29.3500	2.8000
553	496	29.4000	35.3750
554	497	36.1000	35.1000
555	499	0.4750	48.7500
555	512	30.3250	4.7000
556	495	41.6000	4.2500
557	501	1.9000	13.2000
558	498	39.6250	36.9500
559	492	62.5750	5.0750
559	511	30.4500	4.5750
559	513	58.5750	2.1500
559	514	30.1000	2.8000
560	496	28.8500	35.3750
561	497	35.6250	35.1000
562	499	0.4500	48.6000
562	512	30.8250	4.7000
563	495	42.1500	4.2500
564	501	2.0000	12.6000
565	498	39.0750	36.8500
566	492	62.5750	5.0750
566	511	30.9250	4.5750
566	513	58.5750	2.1500
566	514	30.9000	2.9000
567	496	28.3000	35.3750
568	497	35.2750	35.1000
569	499	0.7500	48.6000
569	512	31.3250	4.7000
570	495	42.8000	4.2500
571	501	2.1000	12.1750
572	498	38.4250	36.7500
573	492	62.5750	5.0750
573	511	31.3750	4.5750
573	513	58.5750	2.1500
573	514	31.6500	2.9000
574	496	27.7500	35.3750
575	497	34.8250	35.1000
576	499	0.9500	48.7000
576	512	31.8750	4.7000
577	495	43.3500	4.2500
578	501	2.2500	11.6000
579	498	37.8750	36.6000
580	492	62.5750	5.0750
580	511	31.8250	4.5750
580	513	58.5750	2.1500
580	514	32.3750	3.0000
581	496	27.3750	35.4750
582	497	34.3750	35.1000
583	499	0.9500	48.7000
583	512	32.3750	4.7000
584	495	43.9000	4.1250
585	501	2.3500	11.0500
586	498	37.4250	36.6000
587	492	62.5750	5.0750
587	511	32.3750	4.5750
587	513	58.5750	2.1500
587	514	33.2000	3.1000
588	496	27.2000	35.4750
589	497	33.8250	35.1000
590	499	0.9500	48.7000
590	512	32.9250	4.7000
591	495	44.4500	4.1250
592	501	2.5500	10.5000
593	498	36.9750	36.5000
594	492	62.5750	5.0750
594	511	32.8250	4.5750
594	513	58.5750	2.1500
594	514	33.9500	3.1000
595	496	27.0000	35.4750
596	497	33.3500	35.2250
597	499	0.9500	48.7000
597	512	33.3750	4.7000
598	495	45.1000	4.1250
599	501	2.6500	9.9250
600	498	36.6250	36.4000
601	492	62.5750	5.0750
601	511	33.3000	4.5750
601	513	58.5750	2.1500
601	514	34.6750	3.2500
602	496	26.7500	35.4750
603	497	32.8750	35.3250
604	499	0.9500	48.7000
604	512	33.9500	4.7000
605	495	45.6500	4.0250
606	501	2.7500	9.3500
607	498	36.1250	36.4000
608	492	62.5750	5.0750
608	511	33.7750	4.5750
608	513	58.5750	2.1500
608	514	35.5000	3.2500
609	496	26.5500	35.4750
610	497	32.3250	35.3250
611	499	0.9500	48.7000
611	512	34.5000	4.7000
612	495	46.2000	4.0250
613	501	2.9000	8.8000
614	498	35.6750	36.3000
615	492	62.5750	5.0750
615	511	34.2250	4.5750
615	513	58.5750	2.1500
615	514	36.2500	3.3500
616	496	26.3500	35.4750
617	497	31.8750	35.4250
618	499	0.9500	48.7000
618	512	34.9500	4.7000
619	495	46.8500	4.0250
620	501	3.0000	8.2500
621	498	35.2250	36.1500
622	492	62.5750	5.0750
622	511	34.6750	4.5750
622	513	58.5750	2.1500
622	514	36.9750	3.4500
623	496	26.2000	35.4750
624	497	31.4250	35.4250
625	499	0.9500	48.7000
625	512	35.5000	4.7000
626	495	47.4000	4.0250
627	501	3.1000	7.6750
628	498	34.7750	36.1500
629	492	62.5750	5.0750
629	511	35.1250	4.5750
629	513	58.5750	2.1500
629	514	37.7000	3.4500
630	496	25.9000	35.4750
630	510	0.4750	16.6500
631	497	30.8750	35.5500
632	499	0.9500	48.7000
632	512	36.0500	4.7000
633	495	47.9500	3.9000
634	501	3.3000	7.1000
635	498	34.4250	36.0500
636	492	62.5750	5.0750
636	511	35.6750	4.4750
636	513	58.5750	2.1500
636	514	38.4500	3.5500
637	496	25.7250	35.4750
637	510	0.6750	16.0000
638	497	30.4250	35.5500
639	499	0.9500	48.7000
639	512	36.5250	4.7000
640	495	48.6000	3.9000
641	501	3.5500	6.6500
642	498	33.8750	36.0500
643	492	62.5750	5.0750
643	511	36.1500	4.3750
643	513	58.5750	2.1500
643	514	39.0750	3.5500
644	496	24.8000	35.6250
644	510	0.9000	15.4250
645	497	29.4000	35.6750
646	499	0.9500	48.7000
646	512	37.0750	4.7000
647	495	49.3000	3.8000
648	501	3.7500	6.1500
649	498	33.3000	36.0500
650	492	62.5750	5.0750
650	511	36.7000	4.3000
650	513	58.5750	2.1500
650	514	39.7250	3.5500
651	496	23.4500	35.6250
651	510	1.1750	14.8500
652	497	28.1250	35.8750
653	499	0.9500	48.7000
653	512	37.5750	4.7000
654	495	49.9500	3.6750
655	501	3.9000	5.6500
656	498	32.7500	36.1500
657	492	62.5750	5.0750
657	511	37.2000	4.1750
657	513	58.5750	2.1500
657	514	40.4500	3.7000
658	496	22.1500	35.6250
658	510	1.4000	14.3000
659	497	26.9250	36.0000
660	499	0.9500	48.7000
660	512	38.1250	4.7000
661	495	50.6000	3.6750
662	501	4.2000	5.1500
663	498	32.1250	36.1500
664	492	62.5750	5.0750
664	511	37.7250	4.1250
664	513	58.5750	2.1500
664	514	41.1000	3.7000
665	496	20.7500	35.6250
665	510	1.6250	13.7500
666	497	25.7250	36.1250
667	499	0.9500	48.7000
667	512	38.6250	4.7000
668	495	51.2500	3.5750
669	501	4.4000	4.6500
670	498	31.4750	36.3000
671	492	62.5750	5.0750
671	511	38.2250	4.0250
671	513	58.5750	2.1500
671	514	41.7500	3.7000
672	496	20.1250	35.7250
672	510	1.9000	13.2000
673	497	25.2750	36.1250
674	499	0.9500	48.7000
674	512	39.1250	4.7000
675	495	51.9000	3.5750
676	501	4.6500	4.1250
677	498	30.8250	36.3000
678	492	62.5750	5.0750
678	511	38.7250	3.9000
678	513	58.5750	2.1500
678	514	42.4000	3.8000
679	496	19.6500	35.7250
679	510	2.1500	12.6000
680	497	24.9000	36.1250
681	499	0.9500	48.7000
681	512	39.6750	4.7000
682	495	52.5500	3.4500
683	501	4.8500	3.6250
684	498	30.0750	36.3000
685	492	62.5750	5.0750
685	511	39.2250	3.8500
685	513	58.5750	2.1500
685	514	43.1250	3.8000
686	496	19.2000	35.7250
686	510	2.3500	12.0500
687	497	24.6250	36.1250
688	499	0.9500	48.7000
688	512	40.1250	4.7000
689	495	53.2500	3.3500
690	501	5.1000	3.1250
691	498	29.4250	36.3000
692	492	62.5750	5.0750
692	511	39.7750	3.7500
692	513	58.5750	2.1500
692	514	43.7750	3.8000
693	496	18.6500	35.6250
693	510	2.6500	11.5000
694	497	24.3500	36.1250
695	499	0.9500	48.7000
695	512	40.6750	4.7000
696	495	53.9000	3.3500
697	501	5.3000	2.6250
698	498	28.7250	36.3000
699	492	62.5750	5.0750
699	511	40.2250	3.5500
699	513	58.5750	2.1500
699	514	44.4000	3.9000
700	496	18.0000	35.6250
700	510	2.8500	10.9500
701	497	23.9750	36.1250
702	499	0.9500	48.7000
702	512	41.2250	4.7000
703	495	54.5500	3.2250
704	501	5.5750	2.1250
705	498	28.0750	36.3000
706	492	62.5750	5.0750
706	511	40.7750	3.5000
706	513	58.5750	2.1500
706	514	45.0500	3.9000
707	496	17.3750	35.6250
707	510	3.1000	10.3750
708	497	23.7250	36.1250
709	499	0.9500	48.7000
709	512	41.7250	4.7000
710	495	55.2000	3.1250
711	501	5.7500	1.6000
712	498	27.3250	36.3000
713	492	62.5750	5.0750
713	511	41.2250	3.4000
713	513	58.5750	2.1500
713	514	45.8000	3.9000
714	496	17.3000	35.6250
714	510	3.3250	9.8000
715	497	23.3250	36.1250
716	499	0.9500	48.7000
716	512	42.2500	4.7000
717	495	55.8500	3.1250
718	501	5.9500	1.1000
719	498	26.6750	36.3000
720	492	62.5750	5.0750
720	511	41.7750	3.3500
720	513	58.5750	2.1500
720	514	46.4250	3.9000
721	496	17.3000	35.6250
721	510	3.5500	9.2500
722	497	23.0750	36.1250
723	499	0.9500	48.7000
723	512	42.8000	4.7000
724	495	56.3000	3.1250
725	501	6.2000	0.6500
726	498	26.2250	36.3000
727	492	62.5750	5.0750
727	511	42.3250	3.3000
727	513	58.5750	2.1500
727	514	47.0750	4.0000
728	496	17.3000	35.6250
728	510	3.8250	8.7000
729	497	22.8750	36.0000
730	499	0.9500	48.7000
730	512	43.3250	4.7000
731	495	56.3000	3.1250
732	498	26.0250	36.3000
733	492	62.5750	5.0750
733	511	42.8500	3.2250
733	513	58.5750	2.1500
733	514	47.7000	4.0000
734	496	17.3000	35.6250
734	510	4.0500	8.1250
735	497	22.6000	35.8750
736	499	0.9500	48.7000
736	512	43.8250	4.7000
737	495	56.3000	3.1250
738	498	25.8750	36.3000
739	492	62.5750	5.0750
739	511	43.4000	3.2250
739	513	58.5750	2.1500
739	514	48.3500	4.1500
740	496	17.3000	35.6250
740	510	4.2750	7.5500
741	497	22.4250	35.7750
742	499	0.9500	48.7000
742	512	44.3250	4.7000
743	495	56.3000	3.1250
744	498	25.7750	36.3000
745	492	62.5750	5.0750
745	511	43.8750	3.2250
745	513	58.5750	2.1500
745	514	49.0500	4.1500
746	496	17.3000	35.6250
746	510	4.5750	7.0000
747	497	22.2250	35.7750
748	499	0.9500	48.7000
748	512	44.8750	4.7000
749	495	56.3000	3.1250
750	498	25.5750	36.3000
751	492	62.5750	5.0750
751	511	44.3250	3.2250
751	513	58.5750	2.1500
751	514	49.6750	4.1500
752	496	17.3000	35.6250
752	510	4.8000	6.4000
753	497	21.9750	35.6750
754	499	0.9500	48.7000
754	512	45.4250	4.7000
755	495	56.3000	3.1250
756	498	25.4750	36.3000
757	492	62.5750	5.0750
757	511	44.8250	3.3250
757	513	58.5000	1.7000
757	514	50.2750	4.1500
758	496	17.3000	35.6250
758	510	4.9750	5.8750
759	497	21.9750	35.6750
760	499	0.9500	48.7000
760	512	45.8250	4.7500
761	495	56.3000	3.1250
762	498	25.4750	36.3000
763	492	62.5750	5.0750
763	511	45.3750	3.4000
763	513	58.3750	0.9500
763	514	50.9250	4.0750
764	496	17.3000	35.6250
764	510	5.0750	5.3750
765	497	21.9750	35.6750
766	499	0.9500	48.7000
766	512	46.1500	4.7500
767	495	56.3000	3.1250
768	498	25.4750	36.3000
769	492	62.5750	5.0750
769	511	45.8750	3.5250
769	513	58.4750	0.8250
769	514	51.5250	4.0000
770	496	17.3000	35.6250
770	510	5.1500	4.9750
771	497	21.9750	35.6750
772	512	46.5750	4.8000
773	511	46.3750	3.5750
773	514	52.1250	3.9000
774	510	5.2750	4.4750
775	512	46.9000	4.8000
776	511	46.8750	3.6750
776	514	52.7000	3.8500
777	510	5.3750	3.9000
778	512	47.2500	4.8000
779	511	47.4250	3.6750
779	514	53.3500	3.8500
780	510	5.6750	3.2250
781	512	47.7000	4.8000
782	530	10.0250	34.8750
783	511	47.9750	3.6750
783	514	54.0000	3.8500
784	510	5.8500	2.6750
785	512	48.2500	4.8000
786	530	9.8500	35.1000
787	511	48.5500	3.5750
787	514	54.6500	3.8500
788	510	6.0250	2.2250
789	512	48.8000	4.7000
790	530	9.6500	35.3250
791	511	49.0000	3.5750
791	514	55.3000	3.8500
792	510	6.2250	1.8750
793	512	49.3500	4.7000
794	530	9.3750	35.5500
795	511	49.3750	3.4500
795	514	55.7500	3.8500
795	522	19.8000	35.1000
796	510	6.3250	1.6500
797	512	49.9000	4.5750
798	530	8.8250	35.4500
799	511	49.8250	3.4500
799	514	56.1000	3.8500
799	522	19.4250	35.1000
800	512	50.6500	4.4750
801	530	8.2000	35.2000
802	511	50.2750	3.4500
802	514	56.9500	3.8500
802	522	19.0750	35.1000
803	512	51.3000	4.3500
804	530	7.5500	35.0000
805	511	50.8250	3.4500
805	514	57.5750	3.8500
805	522	18.4250	35.2000
806	512	51.9500	4.3500
807	530	6.9000	34.7500
808	511	51.3000	3.4500
808	514	58.3250	3.8500
808	522	17.7000	35.2000
809	512	52.6000	4.3500
810	530	6.4500	34.7500
811	511	51.9250	3.3500
811	514	59.0500	3.8500
811	522	16.9500	35.3250
812	512	53.1500	4.4750
813	530	6.0750	34.8750
814	511	52.6750	3.2250
814	514	59.7000	4.2000
814	522	16.2250	35.3250
815	512	53.7500	4.4750
816	530	5.8000	35.0000
817	511	53.5000	3.2250
817	514	60.4250	4.5250
817	522	15.3000	35.3250
818	512	54.4000	4.4750
819	530	5.4500	35.1000
820	511	53.9500	3.2250
820	514	61.0750	4.8500
820	522	14.3000	35.1000
821	512	54.9500	4.4750
822	530	5.0750	35.2000
823	511	54.3250	3.2250
823	514	61.6250	5.1000
823	522	13.2000	35.0000
824	512	55.5000	4.3500
825	530	4.5250	35.2000
826	511	54.7750	3.2250
826	514	62.0000	5.1000
826	522	12.9250	35.0000
827	512	56.0500	4.2500
828	530	3.9750	35.2000
829	511	55.2500	3.3500
829	514	62.3500	5.1000
829	522	12.7250	35.0000
830	512	56.6000	4.1250
831	515	10.0000	34.4250
832	530	3.3250	35.2000
833	511	55.7000	3.3500
833	514	62.7250	5.2000
833	522	12.4750	35.0000
834	512	56.8000	4.1250
835	515	9.6000	34.3250
836	530	2.6750	35.2000
837	511	56.2500	3.2250
837	514	63.3750	5.5500
837	522	12.2750	35.0000
838	512	57.0000	4.2500
839	515	9.2500	34.2000
840	530	2.3250	35.2000
841	511	56.9000	3.2250
841	514	63.9500	5.7500
841	522	12.1000	35.0000
842	512	57.1500	4.2500
843	515	8.9000	34.2000
844	530	2.0500	35.2000
845	511	57.5250	3.2250
845	522	11.9000	35.0000
846	512	57.7000	4.3500
847	515	8.5000	34.0750
848	530	1.7750	35.2000
849	511	58.0750	3.2250
849	522	11.7250	34.8750
850	512	58.6500	4.4750
851	515	8.0500	34.0750
852	530	1.5750	35.1000
853	511	58.6250	3.2250
853	522	11.4500	34.8750
854	512	59.5500	4.4750
855	515	7.5000	34.2000
856	530	1.2250	35.5500
857	511	59.4750	3.2250
857	522	11.2750	34.8750
858	512	60.4000	4.5750
859	515	6.9500	34.3250
860	511	60.4750	3.4500
860	522	11.0750	34.8750
861	512	61.0250	4.5750
862	515	6.4000	34.3250
863	511	61.2000	3.6750
863	522	10.9000	34.8750
864	512	61.2000	4.4750
865	515	5.8500	34.4250
866	511	61.6750	3.6750
866	522	10.5250	34.7500
867	512	61.4000	4.3500
868	515	5.5000	34.6500
869	511	62.0250	3.6750
869	522	10.0750	34.7500
870	512	61.5750	4.3500
871	515	5.1000	34.8750
872	511	62.4000	3.8000
872	522	9.7000	34.6500
873	512	61.8500	4.3500
874	515	4.6500	34.9750
875	511	62.6750	3.9000
875	522	9.2500	34.6500
876	512	62.0500	4.4750
877	515	4.1000	34.9750
878	511	62.8750	4.0250
878	522	8.8750	34.6500
879	512	62.3000	4.5750
880	515	3.5500	34.9750
881	511	63.1250	4.0250
881	522	8.4250	34.6500
882	512	62.6000	4.7000
883	515	3.1000	35.2250
884	511	63.1750	4.1250
884	522	7.9750	34.5500
885	512	62.9500	4.8000
886	515	2.7500	35.3250
887	511	63.7250	4.2500
887	522	7.4250	34.5500
888	512	63.2500	5.0250
889	515	2.2500	35.4250
890	511	64.7000	4.3500
890	522	6.9500	34.5500
891	512	63.8000	5.2500
892	515	1.8000	35.6750
893	511	64.9000	4.3500
893	522	6.5000	34.5500
894	512	64.4000	5.4750
895	515	1.5500	35.6750
896	511	64.9000	4.3500
896	522	6.0250	34.6500
897	512	64.5000	5.4750
898	515	1.1500	35.4250
899	511	64.9000	4.3500
899	522	5.4750	34.6500
900	476	2.1250	40.0250
900	512	64.6000	5.4750
901	511	64.9000	4.3500
901	522	4.9750	34.7000
902	476	2.1250	40.0250
902	512	64.7500	5.4750
903	511	64.9000	4.3500
903	522	4.5000	34.8000
904	476	2.1250	40.0250
904	512	64.8500	5.4750
905	522	4.1500	35.0000
906	476	2.1250	40.0250
907	522	3.7000	35.1000
908	476	2.1250	40.0250
909	522	3.2750	35.2250
910	476	2.1250	40.0250
911	522	2.8250	35.3250
912	476	2.1250	40.0250
913	522	2.4500	35.4750
914	476	2.1250	40.0250
915	522	2.0000	35.6250
916	476	2.1250	40.0250
917	522	1.6000	35.7750
918	476	2.1250	40.0250
919	522	1.1250	35.8750
920	476	2.1250	40.0250
921	522	0.7250	36.0500
922	476	2.1250	40.0250
923	522	0.3000	36.1000
924	476	2.1250	40.0250
925	476	2.1250	40.0250
926	476	2.1250	40.0250
927	476	2.1250	40.0250
928	476	2.1250	40.0250
929	476	2.1250	40.0250
930	476	2.1250	40.0250
931	476	2.1250	40.0250
932	476	2.1250	40.0250
933	476	2.1250	40.0250
934	476	2.1250	40.0250
935	476	2.1250	40.0250
936	476	2.1250	40.0250
937	476	2.1250	40.0250
938	476	2.1250	40.0250
939	476	2.1250	40.0250
940	476	2.1250	40.0250
941	476	2.1250	40.0250
942	528	3.1250	12.0500
943	476	2.1250	40.0250
944	528	3.4250	11.4000
945	476	2.1250	40.0250
946	528	3.7750	10.7000
947	476	2.1250	40.0250
948	528	4.0750	10.1500
949	476	2.1250	40.0250
950	528	4.4250	9.4750
951	476	2.1250	40.0250
952	528	4.7250	8.8000
953	476	2.1250	40.0250
954	528	5.0750	8.2500
955	476	2.1250	40.0250
956	528	5.3250	7.5500
957	476	2.1250	40.0250
958	528	5.7250	6.9000
959	476	2.1250	40.0250
960	528	6.0750	6.3250
961	476	2.1250	40.0250
962	528	6.3750	5.6500
963	476	2.1250	40.0250
964	528	7.1750	5.4250
965	476	2.1250	40.0250
966	528	7.9750	5.2000
967	476	2.1250	40.0250
968	528	8.5250	5.1000
969	476	2.1250	40.0250
970	528	9.0750	4.9250
971	476	2.1250	40.0250
972	528	9.6250	4.8250
973	528	10.3000	4.6750
974	528	11.0250	4.5750
975	528	11.6750	4.4750
976	528	12.4250	4.4750
977	528	13.1500	4.3750
978	528	13.8750	4.3750
979	528	14.5250	4.3750
980	528	15.2500	4.3750
981	528	16.0000	4.2250
982	528	16.7250	4.2250
983	528	17.4750	4.2250
984	528	18.2000	4.2250
985	528	18.9250	4.2250
986	528	19.5750	4.2250
987	528	20.3000	4.2250
988	527	0.7250	10.4250
989	528	21.0500	4.2250
990	527	1.2750	10.0750
991	528	21.6750	4.2250
992	527	1.9000	9.8750
993	528	22.4250	4.2250
994	527	2.5500	9.4250
995	528	23.1500	4.2250
996	527	3.1750	8.8750
997	528	23.8000	4.2250
998	527	3.8250	8.4250
999	528	24.5250	4.2250
1000	527	4.4750	7.8250
1001	528	25.2750	4.2250
1002	527	5.1250	7.2750
1003	528	25.9000	4.2250
1004	527	5.6750	6.9250
1005	528	26.6500	4.2250
1006	527	6.2250	6.4750
1007	528	27.3750	4.2250
1008	527	6.8750	6.1750
1009	528	28.0250	4.2250
1010	527	7.4250	5.7250
1011	528	28.7500	4.2250
1012	527	8.0500	5.3750
1013	528	29.5000	4.2250
1014	527	8.7750	5.2750
1015	528	30.1250	4.2250
1016	527	9.4250	5.2750
1017	528	30.8750	4.2250
1018	527	10.1750	5.1250
1019	528	31.6000	4.2250
1020	527	10.8000	5.0250
1021	528	32.2500	4.2250
1022	527	11.5500	5.0250
1023	528	32.9750	4.2250
1024	527	12.2750	5.0250
1025	528	33.6250	4.2250
1026	527	13.0250	5.0250
1027	528	34.3500	4.2250
1028	527	13.7500	5.0250
1029	528	35.0000	4.2250
1030	527	14.4750	5.0250
1031	528	35.6500	4.2250
1032	527	15.2250	5.0250
1033	528	36.3750	4.2250
1034	527	15.9500	4.9250
1035	531	7.3500	13.0250
1036	528	37.0500	4.1750
1037	527	16.4500	4.8250
1038	531	7.3500	13.0250
1039	528	37.7500	4.1750
1040	527	17.0000	4.8250
1041	531	7.3500	13.0250
1042	528	38.4500	4.1750
1043	527	17.6250	4.8250
1044	531	7.3500	13.0250
1045	528	39.1500	4.1750
1046	527	18.2000	4.7500
1047	531	7.3500	13.0250
1048	528	39.8250	4.1750
1049	527	18.7500	4.7500
1050	531	7.3500	13.0250
1051	528	40.6000	4.0750
1052	527	19.3500	4.7500
1053	531	7.3500	13.0250
1054	528	41.3250	4.0750
1055	527	19.9000	4.7500
1056	531	7.3500	13.0250
1057	528	42.0750	3.9750
1058	527	20.5000	4.7000
1059	531	7.3500	13.0250
1060	528	42.8000	3.9750
1061	527	21.0500	4.7000
1062	531	7.3500	13.0250
1063	528	43.4500	3.9750
1064	527	21.6500	4.7000
1065	531	7.3500	13.0250
1066	528	44.0000	3.9750
1067	527	22.2000	4.7000
1068	531	7.3500	13.0250
1069	528	44.4500	3.9750
1070	527	22.7500	4.7000
1071	531	7.3500	13.0250
1072	528	45.1000	3.8500
1073	527	23.3000	4.8000
1074	531	7.3500	13.0250
1075	528	45.8250	3.8500
1076	527	23.8500	4.8000
1077	531	7.3500	13.0250
1078	528	46.5750	3.8500
1079	527	24.4000	4.9250
1080	531	7.3500	13.0250
1081	528	47.3000	3.7250
1082	527	24.9500	4.9250
1083	531	7.3500	13.0250
1084	528	48.1250	3.7250
1085	531	7.3500	13.0250
1086	528	48.8500	3.6250
1087	531	7.3500	13.0250
1088	528	49.6000	3.6250
1089	531	7.3500	13.0250
1090	528	50.4250	3.6250
1091	531	7.3500	13.0250
1092	528	51.1500	3.6250
1093	531	7.3500	13.0250
1094	528	51.9000	3.6250
1095	531	7.3500	13.0250
1096	528	52.7250	3.6250
1097	531	7.3500	13.0250
1098	528	53.4500	3.6250
1099	531	7.3500	13.0250
1100	528	53.9000	3.7250
1101	531	7.3500	13.0250
1102	528	54.3750	3.7250
1103	531	7.3500	13.0250
1104	528	54.7500	3.7250
1105	531	7.3500	13.0250
1106	528	55.2000	3.7250
1107	531	7.3500	13.0250
1108	528	55.6500	3.8500
1109	531	7.3500	13.0250
1110	528	55.7500	3.5250
1111	531	7.3500	13.0250
1112	528	55.8500	3.1750
1113	531	7.3500	13.0250
1114	528	56.0250	2.9500
1115	531	7.3500	13.0250
1116	528	56.1000	2.6250
1117	531	7.3500	13.0250
1118	528	56.3000	2.3750
1119	531	7.3500	13.0250
1120	531	7.3500	13.0250
1121	531	7.3500	13.0250
1122	531	7.3500	13.0250
1123	531	7.3500	13.0250
1124	531	7.3500	13.0250
1125	531	7.3500	13.0250
1126	531	7.3500	13.0250
1127	532	24.9500	5.2500
1128	531	7.3500	13.0250
1129	532	24.5000	5.1500
1130	531	7.3500	13.1750
1131	532	24.0250	5.1500
1132	531	7.3500	13.4000
1133	473	1.1250	31.7250
1134	532	23.6500	5.1000
1135	531	7.4000	13.5750
1136	473	1.0500	31.5500
1137	532	23.2000	5.0500
1138	531	7.4000	13.7500
1139	473	1.0000	30.7500
1140	532	22.8500	5.0500
1141	531	7.4000	13.9000
1142	473	1.0000	30.3000
1143	532	22.3750	4.9750
1144	531	7.2250	14.1500
1145	473	1.0000	30.3000
1146	532	22.0000	4.9750
1147	531	7.0500	14.3500
1148	473	1.0750	29.7500
1149	532	21.5500	4.9000
1150	531	6.8500	14.6000
1151	473	1.2500	29.2000
1152	532	21.2000	4.8500
1153	531	6.6750	14.7000
1154	473	1.4500	28.6500
1155	532	20.7250	4.8500
1156	531	6.5000	14.9000
1157	473	1.6250	28.0750
1158	532	20.2500	4.8500
1159	531	6.3000	15.1500
1160	473	1.9000	27.5000
1161	532	19.6250	4.8500
1162	531	6.1250	15.3500
1163	473	2.1000	26.9500
1164	532	18.9750	4.8500
1165	531	5.9500	15.6000
1166	473	2.2750	26.4000
1167	532	18.3500	4.8500
1168	531	5.7500	15.7000
1169	473	2.4500	25.8250
1170	532	17.8000	4.8500
1171	531	5.5750	15.9500
1172	473	2.6500	25.2500
1173	532	17.0500	4.7500
1174	531	5.4000	16.1500
1175	473	2.7250	24.8000
1176	532	16.4000	4.7500
1177	531	5.2000	16.5000
1178	473	2.7250	24.2500
1179	532	15.6750	4.7500
1180	531	5.0250	16.8500
1181	473	2.7250	23.8000
1182	532	15.0250	4.7500
1183	531	4.8500	17.1500
1184	473	2.7250	23.2500
1185	532	14.4000	4.7500
1186	531	4.6500	17.5000
1187	473	2.7250	22.8000
1188	532	13.6500	4.7500
1189	531	4.4750	17.8500
1190	473	2.7250	22.3000
1191	532	13.0000	4.7500
1192	531	4.4000	18.4000
1193	473	2.7250	21.8000
1194	532	12.4500	4.7500
1195	531	4.3000	19.1000
1196	473	2.7250	21.2750
1197	532	11.8000	4.7500
1198	531	4.3000	19.7500
1199	473	2.7250	20.8250
1200	532	11.1000	4.8500
1201	531	4.2000	20.4500
1202	473	2.8250	20.2500
1203	532	10.4500	5.1000
1204	531	4.0000	21.1000
1205	473	2.8750	19.7000
1206	532	9.7000	5.3000
1207	531	3.8250	21.5500
1208	473	2.9500	19.1500
1209	532	9.0500	5.5500
1210	531	3.6500	22.0500
1211	473	3.1500	18.4500
1212	532	8.3250	5.7500
1213	531	3.4500	22.5500
1214	473	3.3250	17.8000
1215	532	7.7000	6.0000
1216	531	3.2000	23.0750
1217	473	3.3250	17.2250
1218	532	7.0500	6.0000
1219	531	3.0000	23.5250
1220	473	3.2250	16.7750
1221	532	6.5000	6.1000
1222	531	2.8250	24.1000
1223	473	3.2250	16.2000
1224	532	5.8500	6.2000
1225	531	2.8250	24.3000
1226	473	3.2250	15.6500
1227	532	5.3000	6.3250
1228	531	2.9000	24.5500
1229	473	3.2250	15.1000
1230	532	4.6500	6.1000
1231	531	3.2000	25.0000
1232	473	3.2250	14.4000
1233	532	4.0000	5.6500
1234	531	3.7500	25.6500
1235	473	3.2250	13.8500
1236	532	3.3750	5.2000
1237	531	4.3000	26.3500
1238	473	3.2250	13.3000
1239	532	2.8250	4.8500
1240	531	4.8500	27.1000
1241	473	3.3250	12.7500
1242	532	2.2750	4.2000
1243	531	5.4000	27.3500
1244	473	3.3250	12.0500
1245	532	1.9000	3.5000
1246	531	5.9500	27.5500
1247	473	3.4250	11.4000
1248	532	1.4500	2.8500
1249	531	6.6750	27.8000
1250	473	3.4250	10.7000
1251	531	7.4000	27.8500
1252	473	3.6750	9.9750
1253	531	8.0500	27.8500
1254	473	3.9750	9.3000
1255	531	8.6000	27.9500
1256	473	4.2250	8.9750
1257	531	9.1500	28.3000
1258	473	4.6250	8.7500
1259	531	9.5250	28.9500
1260	473	4.8750	8.4000
1261	531	9.8750	29.6500
1262	473	5.2500	7.9500
1263	531	10.2750	30.4500
1264	473	5.5250	7.4000
1265	531	10.5250	30.4500
1266	473	5.9000	6.9500
1267	531	10.8250	30.4500
1268	473	6.1750	6.3750
1269	531	11.0750	30.4500
1270	473	6.6250	6.0500
1271	531	11.3750	30.4500
1272	473	7.0000	5.7000
1273	531	11.7250	30.4500
1274	473	7.4750	5.3750
1275	531	12.0000	30.4500
1276	473	7.8250	5.0250
1277	531	12.2750	30.5500
1278	473	8.4750	4.8000
1279	531	12.5500	30.7500
1280	473	9.1250	4.7000
1281	531	12.8250	31.1000
1282	473	9.5750	4.7000
1283	531	13.1000	31.4500
1284	473	9.9250	4.7000
1285	531	13.2000	32.3500
1286	473	10.4000	4.7000
1287	531	13.5750	32.9000
1288	473	10.8500	4.5750
1289	531	14.2000	33.1500
1290	473	11.3250	4.5750
1291	531	14.8500	33.3500
1292	473	11.7750	4.5750
1293	531	15.4750	33.6000
1294	473	12.1250	4.4750
1295	531	16.1250	33.8000
1296	473	12.6750	4.4750
1297	531	16.7750	34.0500
1298	473	13.2250	4.3500
1299	531	17.4250	34.3500
1300	473	13.7750	4.2500
1301	531	18.0750	34.6000
1302	473	14.3250	4.1250
1303	531	18.7000	34.8000
1304	473	14.8750	4.1250
1305	531	19.2500	34.8000
1306	473	15.6250	4.1250
1307	531	19.8000	34.8000
1308	473	16.2750	4.2500
1309	473	16.8250	4.2500
1310	473	17.3750	4.2500
1311	473	17.9250	4.3500
1312	473	18.4750	4.3500
1313	473	19.0250	4.3500
1314	473	19.5750	4.3500
1315	473	20.1250	4.4750
1316	473	20.6750	4.5750
1317	473	21.1250	4.5750
1318	473	21.6000	4.4750
1319	473	22.1500	4.5750
1320	473	22.9750	3.8000
1321	473	23.4750	3.9000
1322	473	23.9750	3.9750
1323	473	24.5000	4.0750
1324	473	25.0250	4.1250
1325	533	32.4750	35.3750
1326	473	25.5500	4.2500
1327	533	32.8500	35.4750
1328	473	26.0500	4.3000
1329	533	33.3000	35.6250
1330	473	26.6500	4.3000
1331	533	33.7500	35.7250
1332	473	27.2000	4.3000
1333	533	34.4000	35.7250
1334	473	27.7500	4.3000
1335	533	35.2250	35.7250
1336	473	28.3000	4.2000
1337	533	35.9500	35.7250
1338	473	28.8500	4.2000
1339	533	36.8000	35.7250
1340	473	29.3000	4.2000
1341	533	37.6250	35.7250
1342	473	29.5750	4.2000
1343	533	38.4500	35.7250
1344	470	1.0500	8.5250
1345	473	30.1250	4.2000
1346	533	39.1750	35.7250
1347	470	2.2250	7.8500
1348	473	30.6750	4.2000
1349	533	39.8250	35.7250
1350	470	3.5000	7.4000
1351	473	31.2500	4.2000
1352	533	40.4500	35.7250
1353	470	4.7000	6.8250
1354	473	31.8000	4.2000
1355	533	41.1000	35.7250
1356	470	6.0000	6.2750
1357	477	64.7000	3.5500
1358	473	32.4250	4.3000
1359	533	41.7500	35.7250
1360	470	7.2000	5.8250
1361	477	64.5250	3.2500
1362	473	33.1000	4.3000
1363	533	42.3000	35.7250
1364	470	8.3750	5.4750
1365	477	64.4250	3.0000
1366	473	33.4000	4.4000
1367	533	42.8500	35.7250
1368	470	9.6500	5.2500
1369	477	64.2250	2.6500
1370	473	34.0500	4.4000
1371	533	43.5000	35.8250
1372	470	10.9500	5.0250
1373	477	63.8750	2.3500
1374	473	34.8500	4.4000
1375	533	44.1250	35.8250
1376	470	12.2500	4.8000
1377	477	62.8750	1.9000
1378	473	35.6000	4.4000
1379	533	44.8750	35.8250
1380	470	13.6000	4.7000
1381	477	61.9500	1.4500
1382	473	36.0500	4.4000
1383	533	45.6000	35.7250
1384	470	15.0750	4.5750
1385	477	61.4750	1.3250
1386	473	36.5000	4.4000
1387	533	46.3500	35.7250
1388	470	16.4500	4.4750
1389	477	61.0250	1.2250
1390	473	36.9750	4.3000
1391	533	47.0750	35.6250
1392	470	17.9250	4.4750
1393	477	60.3750	1.1750
1394	473	37.6000	4.3000
1395	533	47.9000	35.4750
1396	470	19.3000	4.4750
1397	477	59.6500	1.1000
1398	473	38.2500	4.2000
1399	533	48.6250	35.4750
1400	470	20.6000	4.4750
1401	477	59.0000	1.0500
1402	473	38.9000	4.0750
1403	533	49.3750	35.4750
1404	470	21.9500	4.4750
1405	477	57.6250	1.0000
1406	473	39.5500	4.0750
1407	533	50.1000	35.6250
1408	470	23.3500	4.3500
1409	477	56.2500	1.0000
1410	473	39.9000	4.2000
1411	533	50.8250	35.7250
1412	470	24.7000	4.2500
1413	477	54.7750	1.0000
1414	473	40.2750	4.3000
1415	533	51.4750	35.7250
1416	470	26.1000	4.1250
1417	477	53.5750	0.9500
1418	473	40.8250	4.4000
1419	533	51.9500	35.6250
1420	470	27.6500	4.0250
1421	477	52.8500	0.8250
1422	473	41.3750	4.5250
1423	533	52.3000	35.6250
1424	470	29.6000	4.0250
1425	477	52.1250	0.7750
1426	473	41.9250	4.6500
1427	533	52.6750	35.6250
1428	470	31.5000	4.0250
1429	477	51.3000	0.6500
1430	473	42.5000	4.7500
1431	533	53.1250	35.6250
1432	470	33.3500	3.9000
1433	477	50.4750	0.6500
1434	473	43.0500	4.7500
1435	533	53.5000	35.6250
1436	470	35.0000	3.6750
1437	477	49.5500	0.6500
1438	473	43.5000	4.7500
1439	533	53.6750	35.6250
1440	470	36.6500	3.6750
1441	477	48.7250	0.6500
1442	473	44.0500	4.7500
1443	533	53.9500	35.6250
1444	470	38.3000	3.6750
1445	473	44.5000	4.7500
1446	533	54.2250	35.6250
1447	470	39.9500	3.6750
1448	473	45.1500	4.7500
1449	533	54.3250	35.7250
1450	470	41.7000	3.5750
1451	473	45.8750	4.7500
1452	533	54.3250	35.7250
1453	486	8.8750	17.6250
1454	470	43.4500	3.2250
1455	473	46.6000	4.6000
1456	533	54.3250	35.7250
1457	486	8.8000	17.5000
1458	470	45.1000	3.0000
1459	473	47.3750	4.4000
1460	533	54.3250	35.7250
1461	486	8.8000	17.5000
1462	470	46.8500	2.7750
1463	473	48.2000	4.3000
1464	533	54.3250	35.7250
1465	486	8.8000	17.5000
1466	473	48.6000	4.3000
1467	486	8.7000	17.5000
1468	473	48.9500	4.4250
1469	486	8.7000	17.5000
1470	473	49.3000	4.5250
1471	486	8.7000	17.5000
1472	473	49.7000	4.6250
1473	486	8.7000	17.5000
1474	473	50.1500	4.7500
1475	486	8.6000	17.5000
1476	473	50.9000	4.6250
1477	486	8.6000	17.5000
1478	473	51.6000	4.6250
1479	486	8.6000	17.4000
1480	473	52.3500	4.5250
1481	486	8.6000	17.4000
1482	473	53.1000	4.3000
1483	486	8.5000	17.4000
1484	473	53.9000	4.1750
1485	486	8.5000	17.4000
1486	473	54.3500	4.0750
1487	486	8.5000	17.4000
1488	473	54.9000	4.0750
1489	486	8.5000	17.4000
1490	473	55.4000	4.0750
1491	486	8.4250	17.4000
1492	473	55.7500	4.0750
1493	486	8.4250	17.4000
1494	473	56.2000	4.0750
1495	486	8.4250	17.4000
1496	473	56.7500	3.9750
1497	486	8.4250	17.4000
1498	473	57.3000	3.9750
1499	486	8.3250	17.4000
1500	473	57.8500	3.8500
1501	486	8.2500	17.4000
1502	473	58.6000	3.8500
1503	486	8.2500	17.4000
1504	473	59.3250	3.8500
1505	486	8.2500	17.4000
1506	473	60.0500	3.8500
1507	486	8.2500	17.5000
1508	473	60.7000	3.8500
1509	486	8.1500	17.5000
1510	473	61.4500	3.8500
1511	486	8.1500	17.2750
1512	473	61.9000	3.9750
1513	486	8.0500	17.0500
1514	473	62.2500	4.3000
1515	486	8.0500	16.8250
1516	473	63.2750	4.4250
1517	486	8.0500	16.6000
1518	473	64.1000	4.5250
1519	486	7.6000	16.3750
1520	473	64.3750	4.5250
1521	486	7.1500	16.1500
1522	473	64.7000	4.3000
1523	486	6.6750	15.9250
1524	473	65.1250	4.1750
1525	486	6.1250	15.8250
1526	473	65.3000	4.1750
1527	486	5.5750	15.9250
1528	486	5.0250	16.1500
1529	486	4.7500	16.7250
1530	486	4.5500	17.4000
1531	486	4.3750	17.9500
1532	486	4.2000	18.5250
1533	486	4.0000	19.2000
1534	486	3.7500	19.7500
1535	485	3.1000	20.2000
1536	486	3.5500	20.4250
1537	485	2.9000	21.0000
1538	486	3.5000	21.2750
1539	485	2.7500	21.7750
1540	486	3.5000	22.1000
1541	485	2.6500	22.4500
1542	486	3.5000	22.8000
1543	485	2.6500	23.1250
1544	486	3.5000	23.4500
1545	485	2.6500	23.7000
1546	486	3.5000	24.1500
1547	485	2.6500	24.2500
1548	486	3.5000	24.5000
1549	485	2.8000	24.3750
1550	486	3.8000	24.7000
1551	485	3.3500	24.9250
1552	486	4.2500	25.0500
1553	485	4.0000	25.6000
1554	486	4.6000	25.4000
1555	485	4.5500	26.1750
1556	486	5.0500	25.7000
1557	485	5.2000	26.7250
1558	486	5.5500	26.0500
1559	485	5.7500	27.2750
1560	486	6.0000	26.4000
1561	485	6.5000	27.5250
1562	486	6.5500	26.5000
1563	485	7.2500	27.5250
1564	486	7.2000	26.5000
1565	485	7.9500	27.5250
1566	486	7.8250	26.5000
1567	485	8.7000	27.5250
1568	486	8.3750	26.5000
1569	487	3.4500	5.6500
1570	485	9.4500	27.5250
1571	486	9.0000	26.6000
1572	487	5.4000	4.8500
1573	485	10.0000	27.5250
1574	486	9.7500	26.6000
1575	487	7.3000	4.0750
1576	485	10.5500	27.6250
1577	486	10.4000	26.6000
1578	487	9.3500	3.3000
1579	485	11.1000	27.6250
1580	486	11.1000	26.6000
1581	487	11.2500	2.6000
1582	485	11.6500	27.6250
1583	486	11.4500	26.5000
1584	487	13.3000	2.2750
1585	485	12.0000	27.2750
1586	486	11.6500	26.4000
1587	487	15.2000	2.1500
1588	485	12.3500	26.9500
1589	486	11.8250	26.2750
1590	487	17.2500	2.0000
1591	485	12.7500	26.6250
1592	486	11.9000	26.0500
1593	487	19.2500	1.8250
1594	485	13.1000	26.3750
1595	486	12.1000	25.8500
1596	487	21.2750	1.6500
1597	485	13.1000	25.7250
1598	486	12.1000	25.4500
1599	487	23.2000	1.5500
1600	485	13.2000	25.0500
1601	486	12.1500	25.0500
1602	487	25.3000	1.4500
1603	485	13.2000	24.3750
1604	486	12.2000	24.6500
1605	487	27.5000	1.5500
1606	485	13.4500	24.0250
1607	486	12.8500	23.9250
1608	487	29.8000	1.6500
1609	485	13.8500	23.9250
1610	486	13.5500	23.3000
1611	487	32.0000	1.7750
1612	485	14.2000	23.7000
1613	486	14.2000	22.6250
1614	487	34.2000	2.0000
1615	485	14.5500	23.4750
1616	486	14.6500	22.3500
1617	487	36.3500	2.1000
1618	485	15.1000	23.4750
1619	486	14.9500	22.2500
1620	487	38.5500	2.2250
1621	487	40.7500	2.2250
1622	487	42.9500	2.2250
1623	487	45.1500	2.3250
1624	487	47.3500	1.8750
1625	487	49.6500	1.5500
1626	487	51.6500	1.3250
1627	487	53.4000	1.1000
1628	491	1.3750	18.8000
1628	502	55.4250	1.2250
1628	503	2.2750	39.8250
1629	491	1.4250	18.0000
1629	502	56.6250	1.2250
1629	503	2.1750	39.7250
1630	491	1.6250	17.3500
1630	502	57.8500	1.2250
1630	503	2.1750	39.7250
1631	491	1.7250	16.5500
1631	502	59.0500	1.2250
1631	503	2.1750	39.5750
1632	491	1.9250	15.8750
1632	502	60.6000	1.9000
1632	503	2.1750	39.5750
1633	491	2.0750	15.1500
1633	502	62.4000	2.9500
1633	503	2.1250	39.4750
1634	491	2.1750	14.4000
1634	502	62.4000	2.8500
1634	503	2.1250	39.4750
1635	491	2.3750	13.7000
1635	502	62.4000	2.8500
1635	503	2.1250	39.3750
1636	491	2.5250	13.0000
1636	502	62.4000	2.8500
1636	503	2.1250	39.3750
1637	491	2.6250	12.2250
1637	502	62.4000	2.8500
1637	503	2.0500	39.3750
1638	491	2.8250	11.5500
1638	502	62.4000	2.8500
1638	503	2.0500	39.3750
1639	491	3.0250	10.9000
1639	502	62.4000	2.8500
1639	503	1.9500	39.3750
1640	491	3.0750	10.4500
1640	502	62.4000	2.8500
1640	503	1.9500	39.3750
1641	491	3.2750	10.1000
1641	502	62.4000	2.8500
1641	503	1.9500	39.3750
1642	491	3.3750	9.6500
1642	502	62.4000	2.8500
1642	503	1.9500	39.3750
1643	491	3.8250	8.9500
1643	502	62.4000	2.8500
1643	503	1.9500	39.3750
1644	491	4.2750	8.0500
1644	502	62.4000	2.8500
1644	503	1.9500	39.3750
1645	491	4.7500	7.3000
1645	502	62.4000	2.8500
1645	503	1.9500	39.3750
1646	491	5.2250	6.5000
1646	502	62.4000	2.8500
1646	503	1.9500	39.3750
1647	491	5.5750	5.8000
1647	502	62.4000	2.8500
1647	503	1.9500	39.3750
1648	491	5.9250	5.2000
1648	502	62.4000	2.8500
1648	503	1.9500	39.3750
1649	491	6.2250	4.5250
1649	502	62.4000	2.8500
1649	503	1.9500	39.3750
1650	491	6.5750	3.9000
1650	502	62.4000	2.8500
1650	503	1.9500	39.3750
1651	491	6.8750	3.2750
1651	502	62.4000	2.8500
1651	503	1.9500	39.3750
1652	491	7.2250	2.6250
1652	502	62.4000	2.8500
1652	503	1.9500	39.3750
1653	491	7.5750	1.9750
1653	502	62.4000	2.8500
1653	503	1.9500	39.3750
1654	491	7.9750	1.4000
1654	502	62.4000	2.8500
1654	503	1.9500	39.3750
1655	502	62.4000	2.8500
1655	503	1.9500	39.3750
1656	502	62.4000	2.8500
1656	503	1.9500	39.3750
1657	502	62.4000	2.8500
1657	503	1.9500	39.3750
1658	502	62.4000	2.8500
1658	503	1.9500	39.3750
1659	502	62.4000	2.8500
1659	503	1.9500	39.3750
1660	502	62.4000	2.8500
1660	503	1.9500	39.3750
1661	502	62.4000	2.8500
1661	503	1.9500	39.3750
1662	502	62.4000	2.8500
1662	503	1.9500	39.3750
1663	502	62.4000	2.8500
1663	503	1.9500	39.3750
1664	502	62.4000	2.8500
1664	503	1.9500	39.3750
1665	502	62.4000	2.8500
1665	503	1.9500	39.3750
1666	502	62.4000	2.8500
1666	503	1.9500	39.3750
1667	502	62.4000	2.8500
1667	503	1.9500	39.3750
1668	502	62.4000	2.8500
1668	503	1.9500	39.3750
1669	502	62.4000	2.8500
1669	503	1.9500	39.3750
1670	502	62.4000	2.8500
1670	503	1.9500	39.3750
1671	502	62.4000	2.8500
1671	503	1.9500	39.3750
1672	502	62.4000	2.8500
1672	503	1.9500	39.3750
1673	471	60.5250	7.1250
1674	471	60.2500	6.6750
1675	471	60.0750	6.3250
1676	471	59.8750	5.8750
1677	471	59.7000	5.5250
1678	471	59.4500	5.1500
1679	471	59.2750	4.7500
1680	471	59.1000	4.3500
1681	471	58.3500	4.3500
1682	471	57.4500	4.3500
1683	472	2.5000	23.8000
1684	471	56.6250	4.3500
1685	472	2.5000	23.1250
1686	471	55.8000	4.3500
1687	472	2.5750	22.4500
1688	471	54.9750	4.3500
1689	472	2.6750	21.9000
1690	471	54.0500	4.3500
1691	472	2.7750	21.2250
1692	471	53.2250	4.3500
1693	472	2.8750	20.5500
1694	471	52.4000	4.3500
1695	472	2.9750	19.9750
1696	471	51.4750	4.3500
1697	472	3.0500	19.3000
1698	471	50.6500	4.3500
1699	472	3.1250	18.7500
1700	471	49.8250	4.3500
1701	472	3.2250	18.0750
1702	471	49.0000	4.3500
1703	472	3.3250	17.4000
1704	471	48.0750	4.3500
1705	472	3.4250	16.8250
1706	471	47.2500	4.3500
1707	472	3.5250	16.2750
1708	471	46.4250	4.3500
1709	472	3.6000	15.7000
1710	471	45.8000	4.3500
1711	472	3.6750	15.2500
1712	471	45.0500	4.3500
1713	472	3.7750	14.7000
1714	471	44.3250	4.4750
1715	472	3.8750	14.1250
1716	471	43.6750	4.4750
1717	472	3.9750	13.6750
1718	471	42.9500	4.5750
1719	472	3.9750	13.1250
1720	471	42.2000	4.5750
1721	472	4.0750	12.6750
1722	471	41.4750	4.5750
1723	472	4.1500	12.1250
1724	471	40.8250	4.7000
1725	472	4.2500	11.6750
1726	471	40.1000	4.7000
1727	472	4.3250	11.1000
1728	471	39.3500	4.7000
1729	472	4.4250	10.5500
1730	471	38.7250	4.8000
1731	472	4.5250	10.1000
1732	471	37.9750	4.8000
1733	472	4.6250	9.5250
1734	471	37.2500	4.8000
1735	472	4.7000	9.0750
1736	471	36.6000	4.9250
1737	472	4.8000	8.5250
1738	471	35.8750	4.9250
1739	472	4.8750	8.0750
1739	504	1.9500	40.1000
1740	471	35.2000	4.9750
1741	472	5.2000	7.7500
1741	504	2.0500	39.9750
1742	471	34.7750	5.0250
1743	472	5.5750	7.4000
1743	504	2.1250	39.9750
1744	471	34.3000	5.0750
1745	472	5.9500	7.1750
1745	504	2.1250	39.9750
1746	471	33.5750	5.1500
1747	472	6.3500	6.8250
1747	504	2.1250	39.9750
1748	471	32.6500	5.1500
1749	472	6.7250	6.6000
1749	504	2.2250	39.9750
1750	471	31.7500	5.1500
1751	472	7.1750	6.2750
1751	504	2.2250	39.9750
1752	471	31.1000	5.1500
1753	472	7.8250	5.8250
1753	504	2.3250	39.9750
1754	471	30.4500	5.1500
1755	472	8.5000	5.4750
1755	504	2.3250	39.9750
1756	471	29.8000	5.1500
1757	472	9.1500	5.1500
1757	504	2.3250	39.9750
1758	471	29.1500	5.1500
1759	472	9.9000	5.0250
1759	504	2.4000	39.9750
1760	471	28.4500	5.1500
1761	472	10.5500	4.8000
1761	504	2.4000	39.9750
1762	471	27.7000	5.1500
1763	472	11.2500	4.7000
1763	504	2.4000	39.8750
1764	471	26.9500	5.0250
1765	472	11.6500	4.5750
1765	504	2.1250	39.6750
1766	471	26.2500	5.0250
1767	472	11.7250	4.4750
1767	504	2.1250	39.6750
1768	471	25.5000	5.0250
1769	472	11.8000	4.3500
1769	504	2.2750	39.6750
1770	471	24.7500	4.9250
1771	472	12.5500	4.2500
1771	504	2.3500	39.6750
1772	471	24.0250	4.9250
1773	472	13.3000	4.1250
1773	504	2.3500	39.6750
1774	471	23.3000	4.8000
1775	472	13.9250	4.0250
1775	504	2.3500	39.6750
1776	471	22.5500	4.8000
1777	472	14.6500	3.8000
1777	504	2.3500	39.6750
1778	471	21.9000	4.8000
1779	472	15.4000	3.6750
1779	504	2.3500	39.6750
1780	471	21.0000	4.8000
1781	472	16.1500	3.5750
1781	504	2.3500	39.6750
1782	471	20.1750	4.9250
1783	472	16.8500	3.3500
1783	504	2.3500	39.6750
1784	471	19.3500	5.0250
1785	472	17.4000	3.3500
1785	504	2.3500	39.6750
1786	471	18.6000	5.0250
1787	472	17.9750	3.4500
1787	504	2.3500	39.6750
1788	471	17.9500	4.9250
1789	472	18.5250	3.4500
1789	504	2.3500	39.6750
1790	471	17.2500	4.8000
1791	472	19.0750	3.5750
1791	504	2.4500	39.6750
1792	471	16.6000	4.8000
1793	472	19.6250	3.6750
1793	504	2.4500	39.6750
1794	471	15.7500	4.8000
1795	472	20.1750	3.6750
1795	504	2.4500	39.6750
1796	471	14.9500	4.8000
1797	472	20.7250	3.8000
1797	504	2.4500	39.6750
1798	471	14.3000	4.8000
1799	472	21.2750	3.8000
1799	504	2.4500	39.6750
1800	471	13.6500	4.8000
1801	472	21.8250	3.6750
1801	504	2.4500	39.6750
1802	471	13.1000	4.8000
1803	472	22.3750	3.6750
1803	504	2.4500	39.6750
1804	471	12.4500	4.8000
1805	472	23.0000	3.6750
1805	504	2.4500	39.6750
1806	471	11.8000	4.8000
1807	472	23.5750	3.6750
1807	504	2.4500	39.6750
1808	471	11.1750	4.9250
1809	472	24.2000	3.6750
1809	504	2.5500	39.6750
1810	471	10.5500	5.0250
1811	472	24.7500	3.6750
1811	504	2.5500	39.6750
1812	471	10.1500	5.0250
1813	472	25.3000	3.8000
1813	504	2.5500	39.6750
1814	471	9.8000	5.0250
1815	472	25.8500	3.9000
1815	504	2.5500	39.6750
1816	471	9.5250	5.1500
1817	472	26.4000	3.9000
1817	504	2.5500	39.6750
1818	471	9.1500	5.1500
1819	472	27.0500	4.0250
1819	504	2.5500	39.6750
1820	471	8.8000	5.1500
1821	472	27.6000	4.0250
1821	504	2.5500	39.6750
1822	471	8.3250	5.2500
1823	472	28.2000	4.1250
1823	504	2.5500	39.6750
1824	471	7.7500	5.2500
1825	472	28.7250	4.3000
1825	504	2.5500	39.6750
1826	471	7.2500	5.2500
1827	472	29.2750	4.4000
1827	504	2.5500	39.6750
1828	471	6.7750	5.2000
1829	472	29.8000	4.6000
1830	471	6.2750	5.2000
1831	472	30.3500	4.7500
1832	471	5.6750	4.9750
1833	525	64.3750	4.4000
1834	472	30.9000	4.7500
1835	471	5.1250	4.6250
1836	525	63.9250	4.4000
1837	472	31.5500	4.8500
1838	471	4.5250	4.1750
1839	525	63.4750	4.4000
1840	472	32.1000	4.9750
1841	471	3.9250	3.8500
1842	525	63.0750	4.4000
1843	472	32.7500	5.1000
1844	471	3.2750	3.4000
1845	525	62.6250	4.4000
1846	472	33.1000	4.8500
1847	471	2.4500	2.9500
1848	525	62.2750	4.5250
1849	472	33.5000	4.6500
1850	471	1.6250	2.5000
1851	525	61.8250	4.5250
1852	472	34.0500	4.6000
1853	525	61.3250	4.5250
1854	472	34.6750	4.6000
1855	525	60.9750	4.5250
1856	472	35.4000	4.7000
1857	525	60.5250	4.5250
1858	472	36.0500	4.7000
1859	525	60.0750	4.5250
1860	472	36.6000	4.7000
1861	525	59.6250	4.4000
1862	472	36.9500	4.4500
1863	525	59.0500	4.3000
1864	472	37.3000	4.2500
1865	525	58.5750	4.3000
1866	472	37.7000	4.1500
1867	525	58.0250	4.2000
1868	472	38.3500	3.9000
1869	525	57.5750	4.0750
1870	472	39.0500	3.7000
1871	525	57.1250	4.0250
1872	472	39.7750	3.4500
1873	525	56.8500	4.0250
1874	472	40.4000	3.2500
1875	525	56.4750	4.0250
1876	472	40.9500	3.0000
1877	525	56.2250	4.0250
1878	472	41.4250	2.6500
1879	525	55.9250	4.0250
1880	472	41.9000	2.4500
1881	525	55.3750	4.0250
1882	472	42.3500	2.1000
1883	525	54.8250	4.0250
1884	472	42.8000	1.7500
1885	525	54.2750	4.1250
1886	472	43.2500	1.5500
1887	525	53.7250	4.1250
1888	472	43.6250	1.2750
1889	525	53.2750	4.2500
1890	472	44.1000	1.2250
1891	525	52.8250	4.2500
1892	472	44.5500	1.1000
1893	525	52.3500	4.2500
1894	525	51.8750	4.2500
1895	525	51.3250	4.2500
1896	525	50.7750	4.2500
1897	525	50.2250	4.2500
1898	525	49.6750	4.2500
1899	525	49.4250	4.2500
1900	525	49.0250	4.2500
1901	475	1.0500	11.2250
1902	525	48.7750	4.2500
1903	475	1.1000	10.6500
1904	525	48.4250	4.2500
1905	475	1.1500	10.2000
1906	525	48.0250	4.2000
1907	475	1.4000	9.9250
1908	525	47.6250	4.3500
1909	475	1.6750	9.7000
1910	525	47.1500	4.4250
1911	475	2.0000	9.5250
1912	480	57.0000	4.5250
1912	525	46.7500	4.6000
1913	475	2.3000	9.2500
1914	480	55.9750	4.5250
1914	525	46.0250	4.6000
1915	475	2.7000	8.8500
1916	480	55.2500	4.5250
1916	525	45.5500	4.6000
1917	475	3.0500	8.3500
1918	480	54.8000	4.4000
1918	525	45.5500	4.6000
1919	475	3.4000	8.0250
1920	480	54.2500	4.4000
1920	525	45.3250	4.7000
1921	475	3.6000	7.6750
1922	480	53.6000	4.4000
1922	525	45.0000	4.7000
1923	475	3.8000	7.4500
1924	480	53.0500	4.4000
1924	525	44.7000	4.7000
1925	475	4.2500	7.2250
1926	480	52.5000	4.4000
1926	525	44.3500	4.7000
1927	475	4.7000	7.0000
1928	480	51.9500	4.4000
1928	525	44.1000	4.7000
1929	475	5.1500	6.7750
1930	480	51.3000	4.4000
1930	525	44.0000	4.7000
1931	475	5.4500	6.3250
1932	480	50.4500	4.4000
1932	525	44.1000	4.7000
1933	475	5.8000	5.9750
1934	480	49.6500	4.4000
1934	525	44.1000	4.7000
1935	475	6.2500	5.7750
1936	480	49.0000	4.4000
1936	525	44.1750	4.7000
1937	475	6.5500	5.6000
1938	480	48.4500	4.4000
1938	525	44.1750	4.7000
1939	475	6.8000	5.5500
1940	480	48.1000	4.2000
1940	525	44.1750	4.7000
1941	475	7.3500	5.2000
1942	480	47.8000	3.9500
1942	525	44.1000	4.7000
1943	475	7.9000	4.9750
1944	480	47.3500	3.7000
1944	525	44.1000	4.7000
1945	475	8.4500	4.7500
1946	480	46.6500	3.5500
1946	525	44.0000	4.7000
1947	475	8.8500	4.6000
1948	480	45.9000	3.4500
1948	525	43.9000	4.7000
1949	475	9.3000	4.4500
1950	480	45.2000	3.3500
1950	525	43.9000	4.7000
1951	475	9.7500	4.3500
1952	480	44.3500	3.3500
1952	525	43.8000	4.7000
1953	475	10.2000	4.3500
1954	480	43.6250	3.4500
1954	525	43.7250	4.7000
1955	475	10.6500	4.4500
1956	480	42.8000	3.4500
1956	525	43.7250	4.7000
1957	475	11.1500	4.6000
1958	480	42.0500	3.5500
1958	525	43.4500	4.6000
1959	475	11.7500	4.7000
1960	480	41.4250	3.7000
1960	525	43.0750	4.6000
1961	475	12.3250	4.7000
1962	480	40.8000	3.7000
1962	525	42.7000	4.6000
1963	475	12.9500	4.7000
1964	480	40.0500	3.8000
1964	525	42.2500	4.6000
1965	475	13.6000	4.7000
1966	480	39.4000	3.9000
1966	525	41.9000	4.6000
1967	475	14.1500	4.6000
1968	480	38.7500	3.9000
1968	525	41.4250	4.6000
1969	475	14.6000	4.6000
1970	480	38.0250	3.9000
1970	525	41.0500	4.7000
1971	475	15.1500	4.6000
1972	480	37.4000	3.9000
1972	525	40.6000	4.7000
1973	475	15.6500	4.6000
1974	480	36.7500	3.8000
1974	525	40.2500	4.8000
1975	475	16.2000	4.6000
1976	481	3.1500	12.9000
1977	480	36.2000	3.8000
1977	525	39.6750	4.8000
1978	475	16.7500	4.7000
1979	481	2.9500	12.4500
1980	480	35.7500	3.7000
1980	525	39.1250	4.9000
1981	475	17.3500	4.8000
1982	481	2.8500	12.0000
1983	480	35.2000	3.7000
1983	525	38.5750	4.9000
1984	475	17.9250	4.8000
1985	481	2.9500	11.3250
1986	480	34.5500	3.8000
1986	525	38.1250	5.0500
1987	475	18.4000	4.7000
1988	481	3.3250	10.6500
1989	480	33.9000	3.9000
1989	525	37.7500	5.0500
1990	475	18.8500	4.6000
1991	481	3.5000	9.9750
1992	480	33.1500	4.0000
1992	525	37.4000	5.0500
1993	475	19.2000	4.4500
1994	481	3.7000	9.4250
1995	480	32.4250	4.1500
1995	525	37.0250	5.0500
1996	475	19.7500	4.4500
1997	481	3.7500	8.9250
1998	489	32.2000	4.4250
1999	480	32.7250	4.9750
1999	525	36.7000	5.1000
2000	475	20.3000	4.4500
2001	481	4.0250	8.6500
2002	489	31.5000	4.3500
2003	480	31.6750	4.9750
2003	525	36.1500	5.1250
2004	475	20.8500	4.4500
2005	481	4.3750	8.2000
2006	489	30.8750	4.3500
2007	480	30.7750	5.0750
2007	525	35.5500	5.1250
2008	481	4.6750	7.8500
2009	489	30.2250	4.3500
2010	480	29.8750	5.2000
2010	525	35.0000	5.1250
2011	481	5.0250	7.5000
2012	489	29.6750	4.3500
2013	480	29.3250	5.2000
2013	525	34.5500	5.1250
2014	481	5.0250	6.9500
2015	489	29.1250	4.3500
2016	480	28.7750	5.2000
2016	525	34.0000	5.1250
2017	481	5.0250	6.5000
2018	489	28.4750	4.4750
2019	480	28.2250	5.3250
2019	525	33.5500	5.1250
2020	481	5.0250	5.9500
2021	489	27.9250	4.4750
2022	480	27.6750	5.3250
2022	525	33.0750	5.1250
2023	481	5.0250	5.5000
2024	489	27.3750	4.5750
2025	480	27.0250	5.3250
2025	525	32.6000	5.1250
2026	481	5.3750	5.1500
2027	489	26.6250	4.5750
2028	480	26.2750	5.3250
2028	525	32.1500	5.1250
2029	481	5.7750	4.7000
2030	489	25.9250	4.5750
2031	480	25.6250	5.3250
2031	525	31.6000	5.1250
2032	481	6.1250	4.3500
2033	489	25.1750	4.5750
2034	480	24.9000	5.3250
2034	525	31.1500	5.1250
2035	481	6.5000	4.0000
2036	489	24.4250	4.5750
2037	480	24.1750	5.3250
2037	525	30.7000	5.1250
2038	481	6.9500	3.8000
2039	489	23.7250	4.5750
2040	480	23.4250	5.3250
2040	525	30.2250	5.2750
2041	481	7.5000	3.5500
2042	489	23.0750	4.5750
2043	480	22.7750	5.3250
2043	525	29.7500	5.2750
2044	481	8.0500	3.4500
2045	489	22.3250	4.5750
2046	480	22.0750	5.3250
2046	525	29.2000	5.2750
2047	481	8.6000	3.2500
2048	489	21.6000	4.5750
2049	480	21.3250	5.3250
2049	525	28.7500	5.2750
2050	481	9.1500	3.1000
2051	489	20.9500	4.6250
2052	480	20.6750	5.3250
2052	525	29.3000	4.9250
2053	481	9.5250	3.1000
2054	489	20.3250	4.6250
2055	480	20.0250	5.3250
2055	525	28.9500	4.9250
2056	481	9.8750	3.2500
2057	489	19.6750	4.6250
2058	480	19.3750	5.3250
2058	525	28.5750	4.9250
2059	481	10.2750	3.3500
2060	489	19.0250	4.6250
2061	480	18.7500	5.3250
2061	525	28.1000	4.9250
2062	481	10.7250	3.4500
2063	489	18.3750	4.6250
2064	480	18.1250	5.3250
2064	525	27.7500	4.9250
2065	481	11.0750	3.4500
2066	489	17.7000	4.6500
2067	480	17.4750	5.4250
2067	525	27.3750	4.9250
2068	481	11.4500	3.4500
2069	489	17.0500	4.6500
2070	480	16.8250	5.4250
2070	525	27.0000	4.9250
2071	481	11.9250	3.4500
2072	489	16.4000	4.6500
2073	480	16.1750	5.4250
2073	525	26.5500	4.9250
2074	481	12.2750	3.4500
2075	489	15.7750	4.6500
2076	480	15.5250	5.4250
2076	525	26.2000	4.9250
2077	481	13.3750	3.1000
2078	489	15.1250	4.6500
2079	480	14.8750	5.4250
2079	525	25.8000	4.9250
2080	481	14.1250	3.0000
2081	489	14.4750	4.7000
2082	480	14.2500	5.5250
2082	525	25.3500	4.9250
2083	481	14.5750	3.2500
2084	489	13.8250	4.7000
2085	480	13.5250	5.6500
2085	525	24.9000	4.9250
2086	481	14.9250	3.4500
2087	489	13.1000	4.8000
2088	480	12.8750	5.7750
2088	525	24.4500	4.9250
2089	481	15.4000	3.8000
2090	489	12.4750	4.8000
2091	480	12.2250	5.8750
2091	525	24.0750	4.9250
2092	481	15.8750	3.7000
2093	489	11.7250	4.9250
2094	480	11.4750	5.9750
2094	525	23.6000	4.9250
2095	481	16.4250	3.5500
2096	489	11.0750	4.9250
2097	480	10.8750	5.9750
2097	525	23.1500	5.0250
2098	481	16.9750	3.4500
2099	489	10.3500	5.0250
2100	480	10.2250	6.1000
2100	525	22.7000	5.0250
2101	481	17.4250	3.3500
2102	489	9.7000	5.0250
2103	480	9.5750	6.2250
2103	525	22.2500	5.0250
2104	481	17.9750	3.2500
2105	489	8.9750	5.1500
2106	480	8.8250	6.3250
2106	525	21.7750	5.0250
2107	481	18.5250	3.1000
2108	489	8.3250	5.1500
2109	480	8.1750	6.4250
2109	525	21.3000	5.0250
2110	481	19.0750	3.1000
2111	489	7.6000	5.2500
2112	480	7.5500	6.5500
2112	525	20.8500	5.1250
2113	481	19.7250	2.8000
2114	489	6.6750	5.8250
2115	480	7.0750	6.7750
2115	525	20.4000	5.1250
2116	481	20.3500	2.5500
2117	489	5.7500	6.3750
2118	480	6.7250	7.1250
2118	525	19.9500	5.2750
2119	529	2.7000	24.0250
2120	481	20.7250	2.4500
2121	489	5.3000	6.9500
2122	480	6.2750	7.3250
2122	525	19.4000	5.1250
2123	529	2.7750	23.4750
2124	481	21.0750	2.3500
2125	489	4.9250	7.4000
2126	480	5.8750	7.6250
2126	482	42.1000	4.1250
2126	483	42.5250	2.1500
2126	525	18.9500	5.1250
2127	529	2.8250	22.9000
2128	481	21.4500	2.2750
2129	489	4.5250	7.7750
2130	480	5.4750	7.9000
2130	482	42.5750	4.1250
2130	483	43.2000	2.1500
2130	525	18.4500	5.0750
2131	529	2.8750	22.3000
2132	481	21.8500	2.2750
2133	489	4.1250	8.1250
2134	480	5.1250	8.1750
2134	482	43.1250	4.2250
2134	483	43.9500	2.1500
2134	525	18.0000	5.0250
2135	529	2.8750	21.6000
2136	481	22.2000	2.2750
2137	489	3.6500	8.5250
2138	482	43.6750	4.2250
2138	483	44.7250	2.2750
2138	525	17.6000	4.9750
2139	529	2.9000	21.0000
2140	481	22.6250	2.2750
2141	489	3.2250	8.8500
2142	482	44.2250	4.3750
2142	483	45.4750	2.2750
2142	525	17.1500	4.9000
2143	529	2.9500	20.3250
2144	481	23.0250	2.0000
2145	489	2.8250	9.2000
2146	482	44.7750	4.4750
2146	483	46.2500	2.4000
2146	525	16.7250	4.9000
2147	529	3.0500	19.6500
2148	481	23.4750	1.6500
2149	489	2.3500	9.5500
2150	482	45.2500	4.3750
2150	483	46.8000	2.4000
2150	525	16.2750	4.8500
2151	529	3.1500	18.9750
2152	481	23.5750	1.1500
2153	489	1.9000	9.8500
2154	482	45.8000	4.3750
2154	483	47.4500	2.4000
2154	525	15.8750	4.8000
2155	529	3.2500	18.3000
2156	481	23.6750	0.7750
2157	489	1.5500	10.1000
2158	482	46.2500	4.3750
2158	483	48.0750	2.4000
2158	525	15.3750	4.7000
2159	529	3.2500	17.7250
2160	481	24.0250	0.4250
2161	489	0.8750	10.5500
2162	482	46.8000	4.3750
2162	483	48.8250	2.4000
2162	525	15.0250	4.5750
2163	529	3.2500	17.0500
2164	489	0.3500	10.7500
2165	482	47.2500	4.3750
2165	483	49.4500	2.4000
2165	525	14.5750	4.4750
2166	529	3.2500	16.5000
2167	482	47.8000	4.3750
2167	483	50.2000	2.5000
2167	525	14.2250	4.3500
2168	529	3.2500	15.8250
2169	482	48.3500	4.3750
2169	483	51.1000	2.5000
2169	525	13.7250	4.3500
2170	529	3.3250	15.1500
2171	482	49.2000	4.3750
2171	483	51.9500	2.5000
2171	525	13.2750	4.4750
2172	529	3.4000	14.4750
2173	482	50.0000	4.3750
2173	483	52.5750	2.5000
2173	525	12.8250	4.5750
2174	529	3.5000	13.9250
2175	482	50.6500	4.5750
2175	483	53.1250	2.5000
2175	525	12.3750	4.8000
2176	529	3.6000	13.2250
2177	482	51.2000	4.6750
2177	483	53.6750	2.5000
2177	525	12.0250	4.8000
2178	529	3.6000	12.5750
2179	482	51.7500	4.6750
2179	483	54.2250	2.5000
2179	525	11.7250	4.8000
2180	529	3.7500	11.7750
2181	482	52.3000	4.3750
2181	483	54.7750	2.5000
2181	525	11.4500	4.9250
2182	529	3.8250	11.0000
2183	482	52.8500	4.1250
2183	483	55.1500	2.5000
2183	525	11.1750	4.9250
2184	529	3.9250	10.2000
2185	482	53.3000	4.2250
2185	483	55.6000	2.5000
2185	525	10.7250	5.0250
2186	529	4.1000	9.5250
2187	482	53.7750	4.3750
2187	483	55.9750	2.5000
2187	525	10.2750	5.1500
2188	529	4.3000	8.9750
2189	482	54.2500	4.3750
2189	483	55.9750	2.5000
2189	525	9.7750	5.2500
2190	529	4.4000	8.3000
2191	482	54.8750	4.2250
2191	483	55.9750	2.5000
2191	525	9.4250	5.3750
2192	529	4.5500	7.7250
2193	482	55.4250	4.2250
2193	483	55.9750	2.5000
2193	525	9.2250	5.4750
2194	529	4.7500	7.0500
2195	482	55.9750	4.2250
2195	483	55.9750	2.5000
2195	525	9.0750	5.6000
2196	529	5.0250	6.5000
2197	482	56.4500	4.2250
2197	483	55.9750	2.5000
2197	525	8.6250	5.7000
2198	529	5.4000	6.0500
2199	482	56.8000	4.2250
2199	483	55.9750	2.5000
2199	525	8.1250	5.8250
2200	529	5.8500	5.6000
2201	482	56.8000	4.2250
2201	483	55.9750	2.5000
2201	525	7.6750	6.0500
2202	529	6.6750	5.3750
2203	482	56.8000	4.2250
2203	483	55.9750	2.5000
2203	525	7.2250	6.1500
2204	529	7.6000	5.1500
2205	482	56.8000	4.2250
2205	483	55.9750	2.5000
2205	525	6.8750	6.3750
2206	529	8.4250	5.1500
2207	482	56.8000	4.2250
2207	483	55.9750	2.5000
2207	525	6.6750	6.5000
2208	529	9.3500	5.1500
2209	482	56.8000	4.2250
2209	483	55.9750	2.5000
2209	525	6.4750	6.7250
2210	529	10.1500	5.0250
2211	482	56.8000	4.2250
2211	483	55.9750	2.5000
2211	525	6.3250	6.9500
2212	529	10.8000	5.0250
2213	482	56.8000	4.2250
2213	483	55.9750	2.5000
2213	525	6.0250	7.1750
2214	529	11.4500	5.0250
2215	482	56.8000	4.2250
2215	483	55.9750	2.5000
2215	525	5.7750	7.5000
2216	529	12.0000	4.9250
2217	482	56.8000	4.2250
2217	483	55.9750	2.5000
2217	525	5.3750	7.8500
2218	529	12.6500	4.9250
2219	482	56.8000	4.2250
2219	483	55.9750	2.5000
2219	525	5.0250	8.0750
2220	529	13.3000	4.9250
2221	482	56.8000	4.2250
2221	483	55.9750	2.5000
2221	525	4.7500	8.4000
2222	529	13.9250	4.9250
2223	482	56.8000	4.2250
2223	483	55.9750	2.5000
2223	525	4.3750	8.6250
2224	529	14.4750	4.9250
2225	482	56.8000	4.2250
2225	483	55.9750	2.5000
2225	525	4.1250	8.9750
2226	529	14.9500	4.9250
2227	482	56.8000	4.2250
2227	483	55.9750	2.5000
2227	525	3.7250	9.3000
2228	529	15.5000	4.9250
2229	484	2.1250	39.4750
2230	482	56.8000	4.2250
2230	483	55.9750	2.5000
2230	525	3.4250	9.5250
2231	529	16.1500	4.9250
2232	484	2.1250	39.4750
2233	482	56.8000	4.2250
2233	483	55.9750	2.5000
2233	525	3.1250	9.8750
2234	529	16.8000	4.9750
2235	484	2.1250	39.4750
2236	482	56.8000	4.2250
2236	483	55.9750	2.5000
2236	525	2.8750	10.1000
2237	529	17.4500	4.9750
2238	484	2.1250	39.4750
2239	525	2.5750	10.4250
2240	529	18.1000	5.0750
2241	484	2.1250	39.4750
2242	525	2.3250	10.7250
2243	529	18.8000	5.1250
2244	484	2.1250	39.4750
2245	525	2.0250	10.9250
2246	529	19.4500	5.1250
2247	484	2.2250	39.4750
2248	525	1.7750	11.2750
2249	529	20.1000	5.2000
2250	484	2.2250	39.4750
2251	525	1.4750	11.5000
2252	529	20.7000	5.2000
2253	484	2.2250	39.4750
2254	525	1.1750	11.7250
2255	529	21.3500	5.2000
2256	484	2.2250	39.4750
2257	525	0.8500	11.9500
2258	529	22.0000	5.2000
2259	484	2.2250	39.4750
2260	525	0.6250	12.4000
2261	529	22.6500	5.2000
2262	484	2.2250	39.4750
2263	529	23.3000	5.0750
2264	484	2.3250	39.4750
2265	529	23.9500	5.0750
2266	484	2.3250	39.4750
2267	529	24.6000	4.9750
2268	484	2.3250	39.4750
2269	489	0.9000	8.4750
2270	488	0.4500	7.4500
2271	529	25.2000	4.9750
2272	484	2.3250	39.4750
2273	489	1.2500	7.9000
2274	488	0.9000	7.1250
2275	529	25.8500	4.8750
2276	484	2.3250	39.4750
2277	489	1.8000	7.4500
2278	488	1.3500	6.7750
2279	529	26.6000	4.8750
2280	484	2.3250	39.4750
2281	489	2.3500	7.1000
2282	488	1.8000	6.4250
2283	529	27.2500	4.7500
2284	484	2.4000	39.4750
2285	489	2.9000	6.7750
2286	488	2.3500	6.1000
2287	529	27.9000	4.7500
2288	484	2.4000	39.4750
2289	489	3.4500	6.4500
2290	488	2.9000	5.8750
2291	529	28.6000	4.6250
2292	484	2.4000	39.4750
2293	489	4.0000	6.1000
2294	488	3.4500	5.5250
2295	529	29.2500	4.5250
2296	484	2.4000	39.4750
2297	489	4.6500	5.7500
2298	488	4.0000	5.3250
2299	529	30.0000	4.5250
2300	484	2.4000	39.4750
2301	489	5.2000	5.4250
2302	488	4.6500	4.9750
2303	529	30.6500	4.4250
2304	484	2.4000	39.4750
2305	489	5.8500	5.2000
2306	488	5.2000	4.7500
2307	529	31.3500	4.4250
2308	484	2.4000	39.4750
2309	489	6.4000	4.8500
2310	488	5.7500	4.5250
2311	529	32.0000	4.4250
2312	484	2.4000	39.4750
2313	489	7.2500	4.7500
2314	488	6.3000	4.1750
2315	529	32.6500	4.4250
2316	484	2.4000	39.4750
2317	489	7.8000	4.4000
2318	488	6.9500	4.0750
2319	529	33.3000	4.4250
2320	484	2.4000	39.4750
2321	489	8.3500	4.3000
2322	488	7.6000	4.1750
2323	529	33.9500	4.4250
2324	484	2.4000	39.4750
2325	489	8.9500	4.2000
2326	488	8.2500	4.1750
2327	529	34.6000	4.4250
2328	484	2.4000	39.4750
2329	489	9.6000	4.0750
2330	488	8.8750	4.3000
2331	529	35.2500	4.4250
2332	484	2.4000	39.4750
2333	489	10.2500	3.9500
2334	488	9.4250	4.4250
2335	529	35.8500	4.4250
2336	484	2.4000	39.4750
2337	489	10.9000	3.9500
2338	488	10.0750	4.5250
2339	529	36.5000	4.4250
2340	484	2.4000	39.4750
2341	489	11.5500	3.8500
2342	488	10.7250	4.5250
2343	529	37.1500	4.4250
2344	484	2.4000	39.4750
2345	489	12.3000	3.7500
2346	488	11.4500	4.5750
2347	529	37.8000	4.4250
2348	484	2.4000	39.4750
2349	489	12.9000	3.6250
2350	488	12.1000	4.5750
2351	529	38.4500	4.4250
2352	484	2.4000	39.4750
2353	489	13.5500	3.5000
2354	488	12.8250	4.5750
2355	529	39.1000	4.4250
2356	484	2.4000	39.4750
2357	489	14.2000	3.4000
2358	488	13.5000	4.5250
2359	529	39.8000	4.4250
2360	484	2.4000	39.4750
2361	489	14.8500	3.4000
2362	488	14.2000	4.6000
2363	529	40.4500	4.4250
2364	484	2.4000	39.4750
2365	489	15.5000	3.3000
2366	488	14.9000	4.6000
2367	529	41.1000	4.5250
2368	484	2.4000	39.4750
2369	489	16.2250	3.1750
2370	488	15.6250	4.5250
2371	529	41.8500	4.5250
2372	484	2.4000	39.4750
2373	489	16.8500	3.1750
2374	488	16.3250	4.5250
2375	529	42.5500	4.5250
2376	484	2.4000	39.4750
2377	489	17.6000	3.1750
2378	488	17.0000	4.5750
2379	529	43.3000	4.4250
2380	484	2.4000	39.4750
2381	489	18.3000	3.0500
2382	488	17.7750	4.6500
2383	529	44.1750	4.3500
2384	484	2.4000	39.4750
2385	489	18.9750	3.0000
2386	488	18.5000	4.7000
2387	529	45.0500	4.2500
2388	484	2.4000	39.4750
2389	489	19.7500	3.0000
2390	488	19.2000	4.7500
2391	529	45.4750	4.2500
2392	489	20.3000	3.0000
2393	488	19.8500	4.7500
2394	529	45.7250	4.2500
2395	489	20.8500	3.0000
2396	488	20.5750	4.6500
2397	529	46.3750	4.2500
2398	489	21.7000	3.0000
2399	488	21.4000	4.5250
2400	529	47.1250	4.2500
2401	489	22.4000	3.0000
2402	488	22.1500	4.4000
2403	529	47.7750	4.2500
2404	489	23.1500	2.9000
2405	488	22.8000	4.4000
2406	529	48.4250	4.2500
2407	489	23.9000	2.9000
2408	488	23.4250	4.4000
2409	529	49.0250	4.2500
2410	489	24.5500	2.9000
2411	488	24.0750	4.3000
2412	529	49.6750	4.2500
2413	489	25.2500	2.9000
2414	488	24.7250	4.3000
2415	529	50.4250	4.2500
2416	489	25.9000	2.9000
2417	490	43.9000	10.6000
2418	488	25.4500	4.3000
2419	529	51.0750	4.2500
2420	489	26.6500	2.9000
2421	490	44.2750	10.6000
2422	488	26.1000	4.3000
2423	529	51.7250	4.2500
2424	489	27.4000	2.9000
2425	490	44.7250	10.6000
2426	488	26.8250	4.2000
2427	529	52.5250	4.1250
2428	489	28.0000	2.9000
2429	490	45.2000	10.6000
2430	488	27.5500	4.2000
2431	529	53.3750	4.0250
2432	489	28.6500	2.9000
2433	490	45.6500	10.6000
2434	488	28.3000	4.2000
2435	529	54.2750	4.0250
2436	489	29.3000	2.9000
2437	490	46.0000	10.5000
2438	488	29.0250	4.0750
2439	529	54.8250	4.0250
2440	478	43.6250	11.2250
2440	489	29.9500	2.8000
2441	490	46.4750	10.3750
2442	488	29.6750	4.0750
2443	529	55.2750	4.0250
2444	478	43.9000	11.2250
2444	489	30.6000	2.8000
2445	490	46.8500	10.3750
2446	488	30.3250	3.9500
2447	529	55.7250	4.0250
2448	478	44.1750	11.2250
2448	489	31.1500	2.8000
2449	490	47.1000	10.3750
2450	488	30.9500	3.9500
2451	529	56.3750	3.9000
2452	478	44.5500	11.1250
2452	489	31.9000	2.8000
2453	490	47.5000	10.3750
2454	488	31.8000	3.9500
2455	478	44.9250	11.1250
2455	489	32.5000	2.6500
2456	490	47.7500	10.3750
2457	488	32.5250	3.9500
2458	478	45.2750	11.1250
2458	489	33.1500	2.6500
2459	490	47.9500	10.3750
2460	488	33.2500	3.9500
2461	478	45.3750	10.9750
2461	489	33.9000	2.6500
2462	490	48.2000	10.3750
2463	488	33.9000	3.9500
2464	478	45.4750	10.9750
2464	489	34.6500	2.6500
2465	490	48.5000	10.3750
2466	488	34.6250	3.9500
2467	478	45.5500	10.9750
2467	489	35.2750	2.6500
2468	490	48.7750	10.3750
2469	488	35.3750	3.9500
2470	478	46.0250	10.7750
2470	489	36.0000	2.6500
2471	490	49.0500	10.3750
2472	488	36.1000	4.0750
2473	478	46.6500	10.5250
2473	489	36.7500	2.6500
2474	490	49.3250	10.3750
2475	488	36.7500	4.0750
2476	478	46.8500	10.4250
2476	489	37.5000	2.5500
2477	490	49.6000	10.3750
2478	488	37.4750	4.0750
2479	478	47.0250	10.3250
2479	489	38.1000	2.4500
2480	490	49.9500	10.3750
2481	488	38.1250	4.0750
2482	478	47.3000	10.2250
2482	489	38.8500	2.2000
2483	490	50.2500	10.2500
2484	488	38.8500	4.0750
2485	478	47.4750	10.0750
2485	489	39.5000	2.1000
2486	490	50.5000	10.2500
2487	488	39.5000	4.0750
2488	478	47.7500	9.9750
2488	489	40.2500	2.0000
2489	490	50.8000	10.2500
2490	488	40.2250	4.0750
2491	478	47.9500	9.9750
2491	489	40.9500	2.0000
2492	490	51.0500	10.2500
2493	488	40.9750	4.0750
2494	478	48.0250	9.9750
2494	489	41.6000	2.0000
2495	490	51.1500	10.2500
2496	488	41.7000	4.0750
2497	478	48.1250	9.9750
2497	489	42.3500	2.0000
2498	490	51.1500	10.2500
2499	488	42.4250	4.0750
2500	478	48.2250	9.9750
2500	489	43.1000	2.0000
2501	490	51.2500	10.2500
2502	488	43.1750	4.0750
2503	478	48.4000	9.9750
2503	489	43.7000	2.0000
2504	490	51.3500	10.2500
2505	488	43.9000	4.0750
2506	478	48.5000	9.9750
2506	489	44.4500	1.9000
2507	490	51.4500	10.2500
2508	488	44.6500	4.0750
2509	478	48.5750	9.9750
2509	489	45.0500	1.8250
2510	490	51.4500	10.2500
2511	488	45.2750	4.0750
2512	478	48.6750	9.9750
2512	489	45.6000	1.7750
2513	490	51.6000	10.2500
2514	488	45.9250	4.0750
2515	478	48.7750	9.9750
2515	489	46.2000	1.7250
2516	490	51.9000	10.2500
2517	488	46.4750	3.9500
2518	478	48.9000	9.9250
2518	489	46.8000	1.6500
2519	490	52.3000	10.2750
2520	488	47.0250	3.8500
2521	478	48.9500	9.8750
2521	489	47.3000	1.6500
2522	490	52.6750	10.3750
2523	488	47.5750	3.7250
2524	478	49.0750	9.9250
2524	489	47.8500	1.6500
2525	490	52.7750	10.3750
2526	488	48.1250	3.6750
2527	478	49.1250	9.8500
2527	489	48.5000	1.5500
2528	490	52.8500	10.3750
2529	488	48.7750	3.6250
2530	478	49.2750	9.9250
2530	489	49.4000	1.3250
2531	490	52.9500	10.3750
2532	488	49.7750	3.6250
2533	478	49.5500	9.9250
2533	489	50.3250	1.2000
2534	490	53.0250	10.3750
2535	488	50.6750	3.6250
2536	478	49.8250	9.9250
2536	489	51.1500	1.1000
2537	490	53.1250	10.3750
2538	488	51.3250	3.6250
2539	478	50.0000	9.9250
2539	489	52.0000	0.9500
2540	490	53.4000	10.2750
2541	488	51.9750	3.6250
2542	478	50.2000	9.9250
2542	489	52.5500	0.7750
2543	490	53.7750	10.1500
2544	488	52.5250	3.6250
2545	478	50.4500	9.9250
2545	489	53.2500	0.5500
2546	490	54.1500	10.1500
2547	488	53.1750	3.6250
2548	478	50.6500	9.9250
2548	489	54.0000	0.4250
2549	490	54.1500	10.1500
2550	488	53.8250	3.6250
2551	478	50.8500	9.8000
2552	490	54.2250	10.1500
2553	488	54.4750	3.5250
2554	478	51.1000	9.8000
2555	490	54.4250	10.1500
2556	488	55.1250	3.4000
2557	478	51.3000	9.8000
2558	490	54.7000	10.1500
2559	488	55.2750	3.4000
2560	478	51.5500	9.8000
2561	490	55.0500	10.2750
2562	488	55.8250	3.1750
2563	478	51.7500	9.8000
2564	490	55.3250	9.9250
2565	488	56.8500	2.6250
2566	478	51.9500	9.8000
2567	490	55.6000	9.8250
2568	488	57.9500	2.0500
2569	478	52.2000	9.7000
2570	490	55.7000	9.8250
2571	488	58.3250	1.7250
2572	478	52.4000	9.7000
2573	490	55.8000	9.8250
2574	488	58.6750	1.3750
2575	478	52.6000	9.7000
2576	490	55.8750	9.8250
2577	479	44.6000	35.2000
2578	488	59.3250	1.0000
2579	478	52.8500	9.7000
2580	490	55.9750	9.8250
2581	479	44.5000	36.0000
2582	488	59.7750	0.6500
2583	478	53.0500	9.7000
2584	490	56.0750	9.8250
2585	479	44.5000	36.4500
2586	478	53.3000	9.7000
2587	490	56.1500	9.8250
2588	479	44.5000	36.8000
2589	478	53.5000	9.6000
2590	490	56.2500	9.8250
2591	479	44.5000	36.9000
2592	478	53.7000	9.6000
2593	490	56.4250	9.8250
2594	479	44.5000	36.9000
2595	478	53.9500	9.6000
2596	490	56.5250	9.9250
2597	479	44.5000	36.9000
2598	478	54.1500	9.6000
2599	490	56.7250	10.0250
2600	479	44.6000	36.8000
2601	478	54.3250	9.6000
2602	490	57.0750	10.0250
2603	479	44.6000	36.8000
2604	478	54.6000	9.6000
2605	490	57.3500	10.1500
2606	479	44.6750	36.8000
2607	478	54.7000	9.6000
2608	490	57.6250	10.2750
2609	479	44.6750	36.6750
2610	478	54.8750	9.6000
2611	490	57.9000	10.2750
2612	479	44.6750	36.6750
2613	478	54.9500	9.6000
2614	490	58.2750	10.3750
2615	479	44.7750	36.6750
2616	478	55.1500	9.6000
2617	490	59.1000	10.7250
2618	479	44.7750	36.6750
2619	478	55.3500	9.6000
2620	490	59.3750	10.8250
2621	479	44.7750	36.5500
2622	478	55.4250	9.6000
2623	490	59.5500	10.9250
2624	524	16.8750	1.5500
2625	479	44.8750	36.5500
2626	478	55.6000	9.6000
2627	490	59.6500	11.0500
2628	524	19.1750	1.6750
2629	479	44.8750	36.5500
2630	478	55.8000	9.6000
2631	490	59.5500	11.2750
2632	524	21.4750	1.7750
2633	479	44.8750	36.4500
2634	478	55.9000	9.6000
2635	490	59.1750	11.8250
2636	524	23.9250	1.8750
2637	479	44.9500	36.4500
2638	478	55.9750	9.7000
2639	490	58.7250	12.3750
2640	524	26.6000	1.8750
2641	479	44.9500	36.4500
2642	478	55.7000	9.8000
2643	524	29.2750	1.8750
2644	479	45.1500	36.3500
2645	478	55.4250	9.9250
2646	524	31.8250	1.8750
2647	479	46.2500	36.4500
2648	493	18.4250	3.3000
2649	478	55.0500	10.0500
2650	524	34.3750	1.9250
2651	479	47.2500	36.4500
2652	493	20.2750	3.3000
2653	478	54.2000	10.1000
2654	524	37.0250	1.9500
2655	479	47.6750	36.2750
2656	493	22.1000	3.3000
2657	478	53.3500	10.1500
2658	524	39.6750	1.9750
2659	479	48.0750	36.1750
2660	493	23.9750	3.3000
2661	478	52.5500	10.2750
2662	524	42.3000	1.9500
2663	479	48.4750	36.0500
2664	493	25.8250	3.3000
2665	478	51.6500	10.3750
2666	524	44.9000	2.0500
2667	479	48.9750	35.9500
2668	493	27.6750	3.2250
2669	478	50.8250	10.4250
2670	524	47.4750	2.0500
2671	479	49.3250	35.7250
2672	493	29.4750	3.1250
2673	478	49.9750	10.5500
2674	524	49.9500	2.0500
2675	479	49.7250	35.6000
2676	493	31.4250	3.0000
2677	478	49.1250	10.6000
2678	524	52.5250	2.0500
2679	479	50.1500	35.5000
2680	493	33.2750	3.0000
2681	478	48.3750	10.6000
2682	524	55.0000	2.0500
2683	479	50.5500	35.3250
2684	493	35.1750	2.7750
2685	478	47.7250	10.6000
2686	524	56.7500	2.0500
2687	479	50.9250	35.3250
2688	493	37.1250	2.6750
2688	494	0.8250	17.9500
2689	478	46.9750	10.5000
2690	524	58.0500	2.5000
2691	479	51.2000	35.3250
2692	493	39.0250	2.4500
2692	494	1.2750	15.9500
2693	478	46.3250	10.5000
2694	524	59.3250	2.9500
2695	479	51.5750	35.3250
2696	493	41.0750	2.2250
2696	494	1.7250	14.1500
2697	478	45.6000	10.5000
2698	524	60.6000	3.6250
2699	479	51.8500	35.3250
2700	493	42.9750	2.1000
2700	494	2.2750	12.8000
2701	478	44.8750	10.3750
2702	524	62.0000	4.2000
2703	479	52.1250	35.3250
2704	493	45.0250	1.8750
2704	494	2.8250	11.3500
2705	478	44.2250	10.3750
2706	524	63.6000	4.6500
2707	479	52.4750	35.3250
2708	493	46.9250	1.6500
2708	494	3.3750	10.0000
2709	478	43.4750	10.2500
2710	524	64.8000	5.1000
2711	479	52.7750	35.3250
2712	493	48.8750	1.5500
2712	494	3.9250	8.3000
2713	478	42.9250	10.2500
2714	479	53.1250	35.3250
2715	493	50.6750	1.3250
2715	494	4.4750	6.6000
2716	478	42.3750	10.2500
2717	479	53.4000	35.3250
2718	493	52.3500	1.2000
2718	494	5.3750	5.3500
2719	478	41.4750	10.5000
2720	479	53.6750	35.4250
2721	493	53.9250	1.1000
2721	494	6.7750	4.4500
2722	478	40.4750	11.0500
2723	479	53.6750	35.4250
2724	493	55.4750	0.9750
2724	494	8.1250	3.5500
2725	478	40.4750	11.0500
2726	479	53.6750	35.4250
2727	493	57.1250	0.8750
2727	494	9.6250	2.8000
2728	478	40.4750	11.0500
2729	479	53.6750	35.4250
2730	493	58.6750	0.7750
2730	494	11.2750	2.8000
2731	478	40.4750	11.0500
2732	479	53.6750	35.4250
2733	493	60.0750	0.7750
2733	494	12.9250	2.6500
2734	478	40.4750	11.0500
2735	479	53.6750	35.4250
2736	493	61.1750	0.7750
2736	494	14.7750	2.5500
2737	478	40.4750	11.0500
2738	479	53.6750	35.4250
2739	493	62.3750	0.7750
2739	494	16.6750	2.4500
2740	478	40.4750	11.0500
2741	479	53.6750	35.4250
2742	493	62.3750	0.7750
2742	494	18.6250	2.2000
2743	478	40.4750	11.0500
2744	479	53.6750	35.4250
2745	493	62.3750	0.7750
2745	494	20.6250	2.1000
2746	478	40.4750	11.0500
2747	479	53.6750	35.4250
2748	493	62.3750	0.7750
2748	494	22.4750	2.0000
2749	478	40.4750	11.0500
2750	479	53.6750	35.4250
2751	493	62.3750	0.7750
2751	494	24.3250	1.7500
2752	478	40.4750	11.0500
2753	479	53.6750	35.4250
2754	493	62.3750	0.7750
2754	494	26.1250	1.6500
2755	478	40.4750	11.0500
2756	479	53.6750	35.4250
2757	493	62.3750	0.7750
2757	494	27.9750	1.4500
2758	478	40.4750	11.0500
2759	479	53.6750	35.4250
2760	493	62.3750	0.7750
2760	494	29.9250	1.3250
2761	478	40.4750	11.0500
2762	479	53.6750	35.4250
2763	493	62.3750	0.7750
2763	494	31.9250	1.3250
2764	478	40.4750	11.0500
2765	479	53.6750	35.4250
2766	493	62.3750	0.7750
2766	494	33.8750	1.3250
2767	478	40.4750	11.0500
2768	479	53.6750	35.4250
2769	493	62.3750	0.7750
2769	494	35.8750	1.3250
2770	478	40.4750	11.0500
2771	479	53.6750	35.4250
2772	493	62.3750	0.7750
2772	494	37.8750	1.3250
2773	478	40.4750	11.0500
2774	479	53.6750	35.4250
2775	493	62.3750	0.7750
2775	494	39.9250	1.2750
2776	478	40.4750	11.0500
2777	479	53.6750	35.4250
2778	493	62.3750	0.7750
2778	494	41.9250	1.2750
2779	478	40.4750	11.0500
2780	479	53.6750	35.4250
2781	493	62.3750	0.7750
2781	494	44.0250	1.2250
2782	478	40.4750	11.0500
2783	479	53.6750	35.4250
2784	493	62.3750	0.7750
2784	494	46.0750	1.1750
2785	478	40.4750	11.0500
2786	479	53.6750	35.4250
2787	493	62.3750	0.7750
2787	494	48.1750	1.1000
2788	478	40.4750	11.0500
2789	479	53.6750	35.4250
2790	493	62.3750	0.7750
2790	494	50.5250	0.8250
2791	478	40.4750	11.0500
2792	479	53.6750	35.4250
2793	493	62.3750	0.7750
2794	478	40.4750	11.0500
2795	479	53.6750	35.4250
2796	493	62.3750	0.7750
2797	478	40.4750	11.0500
2798	509	53.1500	40.4250
2799	509	52.6000	40.3750
2800	509	52.0750	40.4500
2801	509	51.5750	40.5000
2802	509	51.0750	40.5500
2803	505	53.0000	38.3250
2804	509	50.6500	40.7250
2805	505	52.5750	38.4250
2806	509	50.3750	40.8250
2807	526	53.8000	40.9000
2808	505	52.1500	38.6250
2809	509	50.0000	40.9500
2810	526	53.1750	41.1000
2811	505	51.6000	38.8750
2812	509	49.4500	41.0500
2813	526	52.6250	41.3500
2814	505	51.0500	39.0250
2815	509	48.8500	41.2750
2816	526	52.0000	41.5500
2817	505	50.5000	39.2000
2818	509	48.2500	41.4000
2819	526	51.3500	41.6750
2820	505	50.0500	39.2500
2821	509	47.6250	41.5000
2822	526	50.7000	41.8000
2823	505	49.6000	39.2000
2824	509	47.0750	41.6250
2825	526	50.0500	41.9000
2826	505	49.1500	39.1000
2827	509	46.4250	41.8250
2828	526	49.4000	42.0000
2829	505	48.4000	39.1000
2830	509	45.8750	42.0750
2831	526	48.8500	42.1000
2832	505	47.7500	39.0000
2833	509	45.4250	42.2750
2834	526	48.2000	42.3500
2835	505	47.0250	38.8500
2836	509	44.9500	42.5250
2837	526	47.6500	42.4500
2838	505	46.5500	38.5500
2839	509	44.5000	42.7250
2840	508	2.5250	39.7000
2841	526	47.0500	42.5500
2842	505	46.1500	38.4250
2843	509	43.9000	42.8500
2844	508	2.5250	39.7000
2845	526	46.5500	42.9500
2846	505	45.7500	38.3250
2847	509	43.2500	42.8500
2848	508	2.5250	39.7000
2849	526	46.1000	43.2500
2850	506	64.2750	41.7250
2851	505	45.3250	38.1250
2852	508	2.5250	39.7000
2853	526	45.6000	43.6250
2854	506	63.3750	42.0750
2855	505	44.8750	38.1250
2856	508	2.5250	39.7000
2857	526	45.0500	43.8750
2858	506	62.8250	42.7250
2859	505	44.4000	38.1250
2860	508	2.5250	39.7000
2861	526	44.5000	43.9250
2862	506	62.3750	43.1750
2863	505	43.9500	38.0250
2864	508	2.5250	39.7000
2865	526	44.0500	43.9250
2866	506	61.9750	43.6250
2867	505	43.5750	38.0250
2868	508	2.5250	39.7000
2869	526	43.5000	44.0250
2870	506	61.1750	43.9750
2871	505	43.1250	38.0250
2872	508	2.5250	39.7000
2873	526	43.0250	44.0250
2874	506	60.2250	44.4250
2875	505	42.8500	38.4750
2876	508	2.5250	39.7000
2877	507	56.5250	52.5250
2877	526	42.6500	44.2000
2878	506	59.9750	44.9750
2879	505	42.4750	38.8250
2880	508	2.5250	39.7000
2881	507	56.5250	52.5250
2881	526	42.3000	44.4250
2882	506	59.4750	45.5500
2883	505	42.2000	39.2750
2884	508	2.5250	39.7000
2885	507	56.6250	52.1750
2885	526	42.3000	44.4250
2886	506	59.2750	46.2250
2887	505	41.8250	39.7250
2888	508	2.5250	39.7000
2889	507	57.0000	51.4000
2890	506	58.7250	46.9000
2891	505	41.5750	40.0250
2892	508	2.5250	39.7000
2893	507	58.1000	50.2750
2894	506	57.7250	47.6750
2895	505	41.2750	40.3750
2896	508	2.5250	39.7000
2897	507	58.4500	50.0500
2898	506	55.1500	48.7750
2899	505	41.0250	40.7250
2900	508	2.5250	39.7000
2901	507	58.2750	49.2750
2902	506	54.2250	49.6000
2903	505	40.7250	40.9250
2904	508	2.5250	39.7000
2905	507	58.4500	48.5750
2906	506	53.3750	50.3250
2907	505	40.5500	41.2750
2908	508	2.5250	39.7000
2909	507	58.6500	48.0250
2910	506	53.0250	50.7750
2911	505	40.2750	41.6250
2912	508	2.5250	39.7000
2913	507	59.4750	47.3500
2914	506	52.7750	51.0250
2915	505	40.1000	41.9750
2916	508	2.5250	39.7000
2917	507	59.7500	46.5750
2918	506	52.6750	51.1250
2919	505	39.9250	42.4000
2920	508	2.5250	39.7000
2921	507	59.7500	45.8750
2922	506	52.4750	51.2750
2923	505	39.8250	42.8500
2924	508	2.5250	39.7000
2925	507	59.8250	45.2250
2926	506	52.3250	51.4000
2927	508	2.5250	39.7000
2928	507	60.2000	44.7750
2929	506	52.2250	51.5750
2930	508	2.5250	39.7000
2931	507	60.5750	44.2000
2932	506	51.9250	51.6250
2933	508	2.5250	39.7000
2934	507	61.0250	43.6250
2935	506	51.2250	51.6250
2936	508	2.5250	39.7000
2937	507	61.4000	42.9750
2938	506	50.3750	52.0250
2939	508	2.5250	39.7000
2940	507	61.8500	42.2750
2941	506	50.1750	52.3500
2942	508	2.5250	39.7000
2943	507	62.3000	41.7250
2944	508	2.5250	39.7000
2945	507	62.8500	41.0750
2946	508	2.5250	39.7000
2947	507	63.2250	40.6250
2948	508	2.5250	39.7000
2949	507	63.6000	40.0250
2950	508	2.5250	39.7000
2951	507	64.0500	39.4750
2952	508	2.5250	39.7000
2953	508	2.5250	39.7000
2954	508	2.5250	39.7000
2955	508	2.5250	39.7000
2956	508	2.5250	39.7000
2957	508	2.5250	39.7000
2958	508	2.5250	39.7000
2959	508	2.5250	39.7000
2960	508	2.5250	39.7000
2961	508	2.5250	39.7000
2962	508	2.5250	39.7000
2963	508	2.5250	39.7000
2964	508	2.5250	39.7000
