0	1124	14.8750	45.9000
0	1128	28.5500	46.9500
1	1124	14.5250	45.3000
1	1128	29.2000	46.9500
2	1124	14.2500	44.6750
2	1128	29.9250	46.9500
3	1124	13.9500	44.1500
3	1128	30.5750	47.1500
4	1124	13.6250	43.5500
4	1128	31.3000	47.1500
5	1097	64.2000	37.8000
6	1124	13.3750	43.1500
6	1128	32.0000	47.3500
7	1097	63.4750	37.6000
8	1124	13.0750	42.5000
8	1128	32.7000	47.3500
9	1097	62.8250	37.6000
10	1124	12.7750	42.0000
10	1128	33.3750	47.4500
11	1097	62.1750	37.6000
12	1124	12.4750	41.4000
12	1128	34.0500	47.5500
13	1097	61.5250	37.6000
14	1124	12.2250	40.8750
14	1128	34.8000	47.6500
15	1097	60.8750	37.6000
16	1124	11.8750	40.3500
16	1128	35.5000	47.7500
17	1097	60.1500	37.6000
18	1124	11.6250	39.8500
18	1128	36.1750	47.8500
19	1097	59.5250	37.6000
20	1124	11.3250	39.2250
20	1128	36.8750	47.9500
21	1097	58.8750	37.3750
22	1125	60.9250	58.5500
23	1124	11.0250	38.7000
23	1128	37.6000	48.0500
24	1097	58.2250	37.3750
25	1125	61.0250	57.7500
26	1124	10.7250	38.1000
26	1128	38.2500	48.0500
27	1097	57.5750	37.3750
28	1125	61.2250	57.1000
29	1124	10.4750	37.7000
29	1128	39.0000	48.2750
30	1097	56.8250	37.3750
31	1125	61.3250	56.5000
32	1124	10.4750	37.2750
32	1128	39.6750	48.2750
33	1097	56.1750	37.3750
34	1125	61.4750	55.9000
35	1124	10.5250	36.8500
35	1128	40.3750	48.3750
36	1097	55.5500	37.3750
37	1125	61.6750	55.2500
38	1124	10.5250	36.2500
38	1128	41.1000	48.4750
39	1097	54.9250	37.3750
40	1125	61.7750	54.6500
41	1124	10.5250	36.0250
41	1128	41.7500	48.4750
42	1097	54.2750	37.3750
43	1125	61.9250	54.0500
44	1124	10.5250	36.0250
44	1128	42.4750	48.7000
45	1097	53.5250	37.1750
46	1125	62.0250	53.4000
47	1124	10.5250	36.0250
47	1128	43.2250	48.7000
48	1097	52.8750	37.1750
49	1125	62.2250	52.8000
50	1127	1.0250	39.5500
51	1124	10.5250	36.0250
51	1128	43.9500	48.9000
52	1097	52.1500	37.1750
53	1125	62.4250	52.2000
54	1127	1.6750	39.5500
55	1124	10.5250	36.0250
55	1128	44.7000	48.9000
56	1097	51.5000	37.1750
57	1125	62.4750	51.5500
58	1127	2.3250	39.5500
59	1124	10.5250	36.0250
59	1128	45.3500	48.9000
60	1097	50.7750	37.1750
61	1125	62.6750	50.9500
62	1127	2.9750	39.5500
63	1124	10.5250	36.0250
63	1128	46.0750	49.1000
64	1097	50.0250	37.1750
65	1125	62.7750	50.3500
66	1127	3.7000	39.7500
67	1094	64.7500	38.0000
68	1124	10.5250	36.0250
68	1128	46.8000	49.1000
69	1097	49.3750	37.1750
70	1125	62.9750	49.7000
71	1127	4.3500	39.7500
72	1094	64.0250	37.8000
73	1124	10.5250	36.0250
73	1128	47.5500	49.1000
74	1097	48.6500	37.1750
75	1125	63.1250	49.1000
76	1127	5.0000	39.7500
77	1094	63.2750	37.8000
78	1124	10.5250	36.0250
78	1128	48.2750	49.3000
79	1097	48.0250	37.1750
80	1125	63.5250	48.2500
81	1127	5.7250	39.9500
82	1094	62.5500	37.8000
83	1124	10.5250	36.0250
83	1128	49.0250	49.3000
84	1097	47.2750	37.1750
85	1125	63.9750	47.6500
86	1127	6.3750	39.9500
87	1094	61.8000	37.8000
88	1124	10.5250	36.0250
88	1128	49.6500	49.3000
89	1097	46.5250	37.1750
90	1125	64.4250	47.0500
91	1127	7.0000	39.9500
92	1094	61.1750	37.8000
93	1124	10.5250	36.0250
93	1128	50.4000	49.5000
94	1097	45.8750	37.1750
95	1125	64.8750	46.4000
96	1127	7.7500	40.1500
97	1094	60.4250	37.8000
98	1124	10.5250	36.0250
98	1128	51.1250	49.5000
99	1097	45.1750	37.1750
100	1127	8.4000	40.1500
101	1094	59.7000	37.6000
102	1124	10.5250	36.0250
102	1128	51.8750	49.7000
103	1097	44.5250	37.1750
104	1127	9.0500	40.1500
105	1094	58.9500	37.6000
106	1124	10.5250	36.0250
106	1128	52.6000	49.7000
107	1097	43.7750	37.1750
108	1127	9.7750	40.1500
109	1094	58.3250	37.6000
110	1124	10.5250	36.0250
110	1128	53.3500	49.7000
111	1097	43.1250	37.1750
112	1127	10.4250	40.3500
113	1094	57.5750	37.6000
114	1124	10.5250	36.0250
114	1128	54.0750	49.9000
115	1097	42.3750	36.9500
116	1127	11.0500	40.3500
117	1094	56.8500	37.6000
118	1124	10.5250	36.0250
118	1128	54.7250	49.9000
119	1097	41.6750	36.9500
120	1127	11.8000	40.3500
121	1094	56.1000	37.6000
122	1124	10.5250	36.0250
122	1128	55.4500	49.9000
123	1097	40.9250	36.9500
124	1127	12.4500	40.3500
125	1094	55.4500	37.6000
126	1124	10.5250	36.0250
126	1128	56.1000	49.9000
127	1097	40.1750	36.9500
128	1127	13.1000	40.3500
129	1094	54.7250	37.6000
130	1124	10.5250	36.0250
130	1128	56.6500	49.5000
131	1097	39.4500	36.9500
132	1127	13.6500	40.1500
133	1094	53.9750	37.6000
134	1124	10.5250	36.0250
134	1128	57.2000	49.3000
135	1097	38.7250	36.9500
136	1127	14.2750	39.9500
137	1094	53.1500	37.6000
138	1124	10.5250	36.0250
138	1128	57.8500	48.9000
139	1097	38.0250	36.9500
140	1127	14.8500	39.8500
141	1094	52.4250	37.6000
142	1124	10.5250	36.0250
142	1128	58.5750	48.5750
143	1097	37.2750	37.0500
144	1129	64.8500	50.1250
145	1127	15.4250	39.6500
146	1094	51.6750	37.6000
147	1124	10.5250	36.0250
147	1128	59.3250	48.2750
148	1097	36.5500	37.2750
149	1129	63.1000	49.9250
150	1127	15.9750	39.5250
151	1094	50.9000	37.6000
152	1128	60.1000	47.9750
153	1097	35.8250	37.2750
154	1129	61.3500	49.9250
155	1127	16.6250	39.3250
156	1094	50.1750	37.6000
157	1128	60.8000	47.6500
158	1097	35.0750	37.4000
159	1129	59.6000	49.9250
160	1127	17.1750	39.2250
161	1094	49.4250	37.6000
162	1128	61.5500	47.3500
163	1097	34.3250	37.6000
164	1129	57.8500	49.9250
165	1127	17.7250	39.0250
166	1094	48.7000	37.7000
167	1128	62.2000	47.1250
168	1097	33.6250	37.7000
169	1129	56.1000	49.9250
170	1127	18.3250	38.9250
171	1094	47.8750	37.7000
172	1128	62.8500	46.7250
173	1097	32.8750	37.9000
174	1129	54.3500	49.9250
175	1127	18.8750	38.7250
176	1094	47.1250	37.7000
177	1128	63.5000	46.3250
178	1097	32.1250	37.9000
179	1129	52.7000	49.9250
180	1127	19.4750	38.5250
181	1094	46.4000	37.7000
182	1128	64.1500	46.1250
183	1097	31.3750	38.0000
184	1129	50.9500	49.9250
185	1127	20.0750	38.4250
186	1094	45.6000	37.7000
187	1128	64.7000	45.7000
188	1097	30.6750	38.2000
189	1129	49.2000	49.9250
190	1127	20.6250	38.2000
191	1094	44.8750	37.7000
192	1128	65.0500	45.7000
193	1097	29.9250	38.3000
194	1129	47.4500	49.9250
195	1127	21.2250	38.0750
196	1094	44.1500	37.7000
197	1128	65.3500	45.7000
198	1097	29.1750	38.5000
199	1129	45.7000	49.9250
200	1127	21.7750	37.6750
201	1094	43.4000	37.7000
202	1097	28.4750	38.5000
203	1129	43.8750	49.7000
204	1127	22.4250	37.2750
205	1094	42.6750	37.7000
206	1097	27.7250	38.7000
207	1129	41.8500	49.7000
208	1127	23.0750	36.8750
209	1094	41.9500	37.7000
210	1097	27.0750	38.7000
211	1129	39.8250	49.7000
212	1127	23.7250	36.6750
213	1094	41.2000	37.5000
214	1097	26.3250	38.9250
215	1129	37.8000	49.7000
216	1127	24.2750	36.2250
217	1094	40.4500	37.5000
218	1097	25.6250	39.1250
219	1129	35.7750	49.5000
220	1127	24.9250	35.8250
221	1094	39.7250	37.5000
222	1095	0.9000	39.6500
223	1097	24.9750	39.1250
224	1129	33.7500	49.5000
225	1127	25.5750	35.4250
226	1094	39.0000	37.5000
227	1095	1.4500	40.0500
228	1097	24.2250	39.3250
229	1129	31.7250	49.5000
230	1127	26.1250	35.0250
231	1094	38.2500	37.5000
232	1095	2.0000	40.4500
233	1097	23.5750	39.3250
234	1129	29.7000	49.5000
235	1127	26.6750	34.6250
236	1094	37.5000	37.5000
237	1095	2.5500	40.8750
238	1097	22.8250	39.3250
239	1129	27.6750	49.5000
240	1127	27.3250	34.1750
241	1094	36.7750	37.5000
242	1095	3.1000	41.3000
243	1097	22.1750	39.3250
244	1129	25.5500	49.5000
245	1127	27.8750	33.7750
246	1094	36.1500	37.5000
247	1095	3.6500	41.7000
248	1097	21.4750	39.3250
249	1129	23.5250	49.5000
250	1127	28.4250	33.5750
251	1094	35.4000	37.5000
251	1096	0.6250	41.5000
252	1095	4.2000	42.1000
253	1097	20.8250	39.5500
254	1129	21.5000	49.5000
255	1094	34.6500	37.5000
255	1096	1.1750	41.5000
256	1095	4.7500	42.1000
257	1097	20.0750	39.5500
258	1129	19.4750	49.5000
259	1094	33.9250	37.5000
259	1096	1.8250	41.5000
260	1095	5.4000	42.1000
261	1097	19.3250	39.5500
262	1129	17.4500	49.5000
263	1094	33.3000	37.5000
263	1096	2.3750	41.7000
264	1095	6.0500	42.3000
265	1097	18.7000	39.7500
266	1129	15.3500	49.5000
267	1094	32.5500	37.5000
267	1096	3.0000	41.7000
268	1095	6.6000	42.3000
269	1097	17.9750	39.7500
270	1129	13.3250	49.5000
271	1094	31.8000	37.5000
271	1096	3.5500	41.9000
272	1095	7.2500	42.3000
273	1097	17.2250	39.9500
274	1129	11.3000	49.5000
275	1094	31.0750	37.5000
275	1096	4.2000	41.9000
276	1095	7.9000	42.5000
277	1097	16.4750	39.9500
278	1129	9.2750	49.5000
279	1094	30.3500	37.5000
279	1096	4.7500	42.1000
280	1095	8.5500	42.5000
281	1097	15.8250	39.9500
282	1129	7.2500	49.5000
283	1094	29.7000	37.5000
283	1096	5.4000	42.1000
284	1095	9.1000	42.5000
285	1097	15.1250	40.1500
286	1129	5.1250	49.5000
287	1094	28.9500	37.5000
287	1096	5.9500	42.3000
288	1095	9.7250	42.7250
289	1097	14.3750	40.1500
290	1129	3.4250	49.3000
291	1094	28.2250	37.5000
291	1096	6.6000	42.3000
292	1095	10.3750	42.7250
293	1097	13.6250	40.3500
294	1129	2.3000	49.1000
295	1094	27.5000	37.5000
295	1096	7.2500	42.5000
296	1095	11.0000	42.7250
297	1097	12.9250	40.3500
298	1129	1.2000	49.1000
299	1094	26.8500	37.5000
299	1096	7.8000	42.5000
300	1095	11.5500	42.9250
301	1097	12.2750	40.3500
302	1094	26.1000	37.5000
302	1096	8.4500	42.5000
303	1095	12.2000	42.9250
304	1097	11.5250	40.5500
305	1094	25.3750	37.5000
305	1096	9.0000	42.7250
306	1095	12.8500	42.9250
307	1097	10.7750	40.5500
308	1094	24.6500	37.5000
308	1096	9.6500	42.7250
309	1095	13.4000	43.1500
310	1097	10.0500	40.7750
311	1094	24.0000	37.5000
311	1096	10.2000	42.9250
312	1095	14.0500	43.1500
313	1097	9.4250	40.7750
314	1094	23.2500	37.5000
314	1096	10.8250	42.9250
315	1095	14.7000	43.1500
316	1097	8.6750	40.7750
317	1098	27.0250	57.7250
317	1099	24.5250	59.3750
318	1094	22.4750	37.6000
318	1096	11.4250	43.1500
319	1095	15.3500	43.2500
320	1097	7.8750	40.9750
321	1098	26.4750	57.7250
321	1099	25.1750	59.3750
322	1094	21.7000	37.7000
322	1096	12.0500	43.2500
323	1095	16.0750	43.0250
324	1097	7.1500	41.0750
325	1098	25.9250	57.7250
325	1099	25.8250	59.3750
326	1094	21.0000	38.0000
326	1096	12.6500	43.2500
327	1095	16.7250	42.9250
328	1097	6.3750	41.1750
329	1098	25.4500	57.7250
329	1099	26.5750	59.3750
330	1094	20.2250	38.3000
330	1096	13.1750	43.3500
331	1095	17.4500	42.8250
332	1097	5.6250	41.4750
333	1098	24.9000	57.7250
333	1099	27.2250	59.3750
334	1094	19.4250	38.5250
334	1096	13.7750	43.4500
335	1095	18.1000	42.7250
336	1097	4.8500	41.5750
337	1098	24.4500	57.9250
337	1099	27.9500	59.3750
338	1094	18.7000	38.8250
338	1096	14.3750	43.5500
339	1095	18.8500	42.6250
340	1097	4.1000	41.6750
341	1098	23.5250	57.9250
341	1099	28.5750	59.3750
342	1094	17.9250	38.9250
342	1096	14.9750	43.5500
343	1095	19.5000	42.5250
344	1097	3.3500	41.9000
345	1098	22.7000	57.9250
345	1099	29.3250	59.3750
346	1094	17.2750	39.1250
346	1096	15.6250	43.6500
347	1095	20.1250	42.5250
348	1097	2.7000	41.9000
349	1098	21.8000	57.9250
349	1099	29.9750	59.1750
350	1094	16.6250	39.5250
350	1096	16.2750	43.6500
351	1095	20.7750	42.7250
352	1097	2.0500	41.9000
353	1098	20.9500	57.9250
353	1099	30.5250	59.1750
354	1121	51.8250	24.0250
355	1094	15.9750	39.7250
355	1096	16.8250	43.6500
356	1095	21.4000	42.7250
357	1097	1.4000	41.9000
358	1098	20.0500	57.9250
358	1099	31.0750	58.9750
359	1121	51.4750	24.4250
360	1094	15.3000	39.9250
360	1096	17.4750	43.6500
361	1095	21.9500	42.7250
362	1098	19.2000	57.9250
362	1099	31.7250	58.7750
363	1121	51.1750	24.8250
364	1094	14.6500	40.1750
364	1096	18.1000	43.6500
365	1095	22.6000	42.9250
366	1098	18.3750	57.9250
366	1099	32.6250	58.5500
367	1121	50.9250	25.2750
368	1094	14.0000	40.3750
368	1096	18.7250	43.6500
369	1095	23.2500	42.9250
370	1098	17.4500	57.9250
370	1099	33.4750	58.1250
371	1121	50.6250	25.6750
372	1094	13.3750	40.5750
372	1096	19.3750	43.6500
373	1095	23.9000	43.1250
374	1098	16.6250	58.1250
374	1099	34.3750	57.9250
375	1121	50.3750	26.2750
376	1094	12.6750	40.7750
376	1096	20.0250	43.6500
377	1095	24.5500	43.1250
378	1098	15.7000	58.1250
378	1099	35.0250	57.9250
379	1121	49.9750	26.6750
380	1094	11.9750	40.9750
380	1096	20.6750	43.6500
381	1095	25.1000	43.3250
382	1098	14.9000	58.1250
382	1099	35.6750	57.9250
383	1121	49.2250	26.6750
384	1094	11.1500	40.9750
384	1096	21.2250	43.6500
385	1095	25.7500	43.3250
386	1098	13.9500	58.1250
386	1099	36.4250	57.9250
387	1121	48.5250	26.6750
388	1094	10.4250	41.1750
388	1096	21.8750	43.6500
389	1095	26.3000	43.3250
390	1098	13.1500	58.1250
390	1099	37.0750	57.9250
391	1121	47.7750	26.9000
392	1094	9.6750	41.1750
392	1096	22.5250	43.6500
393	1095	26.8500	43.3250
394	1098	12.3000	58.1250
394	1099	37.7000	57.9250
395	1121	47.0250	26.9000
396	1094	8.8500	41.1750
396	1096	23.1750	43.6500
397	1095	27.5000	43.3250
398	1098	11.4000	58.1250
398	1099	38.3250	57.9250
399	1121	46.3250	27.1250
400	1094	8.1250	41.3750
400	1096	23.8250	43.6500
401	1095	28.0500	43.3250
402	1098	10.5500	58.1250
402	1099	38.9750	57.9250
403	1121	45.6750	27.1250
404	1094	7.3750	41.3750
404	1096	24.4500	43.6500
405	1095	28.6000	43.3250
406	1098	9.6500	58.1250
406	1099	39.6250	57.9250
407	1121	44.8250	27.1250
408	1094	6.5500	41.5750
408	1096	25.0750	43.6500
409	1095	29.2500	43.3250
410	1098	8.9000	58.1250
410	1099	40.2750	57.9250
411	1121	44.0250	26.9000
412	1094	5.8250	41.5750
412	1096	25.7250	43.6500
413	1095	29.8000	43.3250
414	1098	8.1500	58.1250
414	1099	40.9250	57.9250
415	1121	43.1750	26.6750
416	1094	5.0750	41.7750
416	1096	26.3750	43.6500
417	1095	30.3500	43.3250
418	1098	7.5250	58.1250
418	1099	41.5750	57.9250
419	1121	42.3250	26.6750
420	1094	4.3500	41.7750
420	1096	27.0250	43.6500
421	1095	31.0000	43.3250
422	1098	6.8000	58.1250
422	1099	42.2250	57.9250
423	1121	41.6250	26.6750
424	1094	3.5250	41.7750
424	1096	27.6750	43.6500
425	1095	31.5500	43.3250
426	1098	6.1500	58.1250
426	1099	42.8750	57.9250
427	1121	40.8750	26.6750
428	1094	2.8250	41.5750
428	1096	28.3250	43.6500
429	1095	32.3500	43.3250
430	1098	5.5000	58.1250
430	1099	43.5750	57.9250
431	1121	40.2250	26.6750
432	1094	2.1250	41.1750
432	1096	28.9750	43.6500
433	1095	33.1000	43.1250
434	1098	4.7500	58.1250
434	1099	44.2250	57.9250
435	1121	39.5750	26.6750
436	1094	1.4500	40.7750
436	1096	29.6250	43.6500
437	1095	33.9250	42.9250
438	1098	4.1000	58.1250
438	1099	44.8750	57.9250
439	1121	39.0250	26.6750
440	1094	0.7500	40.3750
440	1096	30.2500	43.6500
441	1095	34.6500	42.7250
442	1098	3.3750	58.1250
442	1099	45.5250	57.9250
443	1121	39.0250	26.6750
444	1096	30.8750	43.6500
445	1095	35.4000	42.7250
446	1098	2.7500	58.1250
446	1099	46.1750	58.1250
447	1121	39.0250	26.6750
448	1096	31.6250	43.6500
449	1095	36.2250	42.5250
450	1098	2.0000	58.1250
450	1099	46.9000	58.1250
451	1121	39.0250	26.6750
452	1096	32.1750	43.6500
453	1098	1.3500	58.1250
453	1099	47.5250	58.1250
454	1121	39.0250	26.6750
455	1096	32.7250	43.8500
456	1099	48.2750	58.1250
457	1121	39.0250	26.6750
458	1096	33.1750	44.0750
459	1099	49.0250	58.1250
460	1121	39.0250	26.6750
461	1096	33.6500	44.2750
462	1099	49.6750	58.1250
463	1121	39.0250	26.6750
464	1096	34.3750	43.8500
465	1099	50.4000	58.1250
466	1121	39.0250	26.6750
467	1096	34.8000	43.6500
468	1099	51.1250	58.1250
469	1121	39.0250	26.6750
470	1096	35.4500	43.6500
471	1099	51.7750	58.1250
472	1121	39.0250	26.6750
473	1096	36.0750	43.6500
474	1099	52.5250	58.1250
475	1121	39.0250	26.6750
476	1096	36.7250	43.8500
477	1099	53.2500	58.1250
478	1121	39.0250	26.6750
479	1096	37.4250	43.8500
480	1099	53.6250	58.3250
481	1121	39.0250	26.6750
482	1096	37.7000	44.0750
483	1099	53.6250	58.3250
484	1121	39.0250	26.6750
485	1103	29.1000	32.8750
486	1103	28.3750	33.0750
487	1103	27.7250	33.4750
488	1103	27.0750	33.8750
489	1119	41.9500	44.2750
490	1103	26.4250	34.2750
491	1119	42.4000	43.8500
492	1103	25.7750	34.7250
493	1119	42.9500	43.6500
494	1103	25.1250	35.1250
495	1119	43.5000	43.4250
496	1103	24.5000	35.5250
497	1119	44.0500	43.2250
498	1103	23.9500	35.5250
499	1119	44.6000	43.0250
500	1103	23.4750	35.3250
501	1119	45.1500	42.6250
502	1103	23.0250	35.1250
503	1119	45.7000	42.4250
504	1103	22.5750	34.9250
505	1119	46.2500	42.2250
506	1103	22.1000	34.7250
507	1119	46.7000	42.0000
508	1103	21.6500	34.5000
509	1119	47.2750	41.8000
510	1103	21.1750	34.2750
511	1119	47.8250	41.3750
512	1119	48.3750	41.1750
513	1119	48.9250	40.9750
514	1119	49.4750	40.7750
515	1119	50.1250	40.5750
516	1119	50.6750	40.5750
517	1119	51.3000	40.3750
518	1119	51.8750	40.1500
519	1119	52.5000	40.1500
520	1119	53.0500	39.9500
521	1119	53.7000	39.7250
522	1119	54.2500	39.7250
523	1119	54.9000	39.5250
524	1119	55.5500	39.5250
525	1119	56.1000	39.3250
526	1119	56.6500	39.2250
527	1119	57.2500	39.1250
528	1119	57.8500	39.0250
529	1119	58.4000	38.9250
530	1119	59.0000	38.8250
531	1119	59.5500	38.7250
532	1119	60.2000	38.7250
533	1105	8.2750	42.2250
533	1119	60.8500	38.7250
534	1105	8.9000	42.0250
534	1119	61.7000	38.8250
535	1101	20.4000	57.5250
536	1105	9.5750	41.7750
536	1119	62.6750	38.9250
537	1101	20.4750	57.9250
538	1105	10.2250	41.7750
538	1119	63.6500	39.0250
539	1100	1.0250	56.9000
540	1101	20.6750	58.5500
541	1105	10.9250	41.5750
542	1100	1.7750	56.9000
543	1101	20.8750	59.1750
544	1105	11.5750	41.4750
545	1100	2.6000	56.9000
546	1101	21.0250	59.5750
547	1105	12.2500	41.3750
548	1100	3.3250	56.9000
549	1101	21.2250	60.2000
550	1105	12.9500	41.2750
551	1100	4.1750	57.1000
552	1101	21.4250	60.8000
553	1105	13.6000	41.0750
554	1100	4.9000	57.1000
555	1101	21.6000	61.2250
556	1105	14.3000	41.0750
557	1100	5.7250	57.1000
558	1101	21.7750	61.8500
559	1105	14.9750	40.8750
560	1100	6.4750	57.1000
561	1101	21.9750	62.4500
562	1105	15.6500	40.7750
563	1100	7.2750	57.3000
564	1101	22.1500	62.8750
565	1105	16.3000	40.6750
566	1100	8.1250	57.3000
567	1101	22.3250	63.4750
568	1105	17.0000	40.5750
569	1100	8.8500	57.3000
570	1101	22.5250	63.9000
571	1105	17.7000	40.5750
572	1100	9.5750	57.5250
573	1101	22.5250	63.9000
574	1105	18.3750	40.5750
575	1100	10.2250	57.5250
576	1101	22.5250	63.9000
577	1105	19.0750	40.4750
578	1100	10.8750	57.7250
579	1101	22.5250	63.9000
580	1105	19.7500	40.4750
581	1100	11.5250	57.9500
582	1101	22.5250	63.9000
583	1105	20.5000	40.4750
584	1100	12.1750	58.1500
585	1101	22.5250	63.9000
586	1105	21.2250	40.3750
587	1100	12.8250	58.1500
588	1101	22.5250	63.9000
589	1105	21.9250	40.3750
590	1100	13.4500	58.3500
591	1101	22.5250	63.9000
592	1105	22.6250	40.2500
593	1100	14.0000	58.5500
594	1101	22.5250	63.9000
595	1105	23.3000	40.2500
596	1100	14.6500	58.7500
597	1101	22.5250	63.9000
598	1105	24.0000	40.2500
599	1100	15.3000	58.7500
600	1101	22.5250	63.9000
601	1105	24.7250	40.0500
602	1100	15.9250	58.9500
603	1101	22.5250	63.9000
604	1105	25.4750	40.0500
605	1100	16.7750	58.9500
606	1101	22.5250	63.9000
607	1105	26.1000	39.8500
608	1100	17.6750	58.7500
609	1101	22.5250	63.9000
610	1105	26.8500	39.8500
611	1100	18.7000	58.7500
612	1101	22.5250	63.9000
613	1105	27.5750	39.6250
614	1100	19.7250	58.5500
615	1101	22.5250	63.9000
616	1105	28.3250	39.6250
617	1100	20.6250	58.3500
618	1101	22.5250	63.9000
619	1105	28.9500	39.4250
620	1100	21.6500	58.1500
621	1101	22.5250	63.9000
622	1105	29.7000	39.4250
623	1100	22.5750	57.9500
624	1101	22.5250	63.9000
625	1105	30.4250	39.4250
626	1100	23.2000	57.9500
627	1103	20.0750	34.2000
628	1101	22.5250	63.9000
629	1105	31.0750	39.2250
630	1100	23.8500	57.9500
631	1103	20.5250	34.4000
632	1101	22.5250	63.9000
633	1105	31.7250	39.0250
634	1100	24.5750	57.7250
635	1103	21.1000	34.6000
636	1101	22.5250	63.9000
637	1105	32.3750	38.8250
638	1100	25.2250	57.7250
639	1103	21.6500	34.8000
640	1101	22.5250	63.9000
641	1105	33.0000	38.6250
642	1100	25.9750	57.5250
643	1103	22.2000	35.0000
644	1101	22.5250	63.9000
645	1105	33.6500	38.4000
646	1100	26.6250	57.5250
647	1103	22.7500	35.2250
648	1101	22.5250	63.9000
649	1105	34.3000	38.2000
650	1100	27.2500	57.5250
651	1103	23.3000	35.4250
652	1101	22.5250	63.9000
653	1105	34.9500	38.2000
654	1100	28.0750	57.5250
655	1103	23.8500	35.6250
656	1101	22.5250	63.9000
657	1105	35.6750	38.2000
658	1100	29.0000	57.7250
659	1103	24.6750	36.0500
660	1101	22.5250	63.9000
661	1105	36.3250	38.2000
662	1100	29.8250	57.9500
663	1103	25.5250	36.2500
664	1104	20.7250	56.0750
665	1101	22.5250	63.9000
666	1105	37.0500	38.2000
667	1100	30.6750	57.9500
668	1103	26.2750	36.4500
669	1104	20.4250	54.8500
670	1101	22.5250	63.9000
671	1105	37.8000	38.2000
672	1100	31.5750	58.1500
673	1103	27.0750	36.5500
674	1104	20.1750	53.6250
675	1101	22.5250	63.9000
676	1105	38.4750	38.3000
677	1100	32.3250	58.3500
678	1103	27.8250	36.7500
679	1104	19.9750	52.6000
680	1105	39.2250	38.4000
681	1103	28.5750	36.8750
682	1104	19.7250	51.3500
683	1105	39.9250	38.4000
684	1103	29.3750	36.9750
685	1104	19.5250	50.3250
686	1105	40.6500	38.5000
687	1103	30.2000	37.1750
688	1104	19.2750	49.1000
689	1105	41.3250	38.5000
690	1103	31.1250	37.1750
691	1104	19.0750	48.0750
692	1105	42.0750	38.6000
693	1103	31.9500	37.3750
694	1104	18.7000	47.0500
695	1105	42.7750	38.7000
696	1103	32.7750	37.5750
697	1104	18.1250	46.4250
698	1105	43.5000	38.7000
699	1103	33.7000	37.5750
700	1104	17.5250	45.8000
701	1105	44.1250	38.8000
702	1103	34.5250	37.5750
703	1104	16.9750	44.9750
704	1105	44.7750	38.8000
705	1103	35.2750	37.3750
706	1104	16.3250	44.3750
707	1105	45.4250	38.8000
708	1103	36.0750	37.3750
709	1104	15.7750	43.7500
710	1105	46.0750	38.8000
711	1103	36.8250	37.1750
712	1104	15.2250	42.9250
713	1105	46.7250	38.8000
714	1103	37.6500	36.9750
715	1104	14.5750	42.3000
716	1105	47.3750	38.8000
717	1103	38.3000	36.7750
718	1104	14.0250	41.7000
719	1105	48.1000	38.8000
720	1103	38.5750	36.3500
721	1104	13.6250	40.6750
722	1105	48.7250	38.8000
723	1103	38.8500	35.9250
724	1104	13.2750	39.8500
725	1105	49.3750	38.8000
726	1103	39.0250	35.5250
727	1104	12.9250	38.8250
728	1105	50.0250	38.8000
729	1103	39.3250	35.1250
730	1104	12.5250	38.0000
731	1105	50.6750	38.8000
732	1103	39.5750	34.7250
733	1104	12.1750	36.9750
734	1105	51.3250	38.8000
735	1103	39.8750	34.5000
736	1104	11.7750	36.1500
737	1105	51.9750	38.8000
738	1103	39.8750	34.5000
739	1106	54.4000	64.8250
740	1104	11.4250	34.7000
741	1105	52.7000	38.8000
742	1103	39.8750	34.5000
743	1106	54.3250	65.2250
744	1104	10.8750	32.8500
745	1105	53.3250	38.8000
746	1103	39.8750	34.5000
747	1106	54.3250	65.6250
748	1104	10.8750	32.8500
749	1105	53.9750	38.8000
750	1103	39.8750	34.5000
751	1106	54.3250	66.0500
752	1104	10.8750	32.8500
753	1105	54.7250	38.8000
754	1103	39.8750	34.5000
755	1106	54.2250	66.4750
756	1104	10.8750	32.8500
757	1105	55.3750	38.8000
758	1103	39.8750	34.5000
759	1106	54.2250	67.0750
760	1104	10.8750	32.8500
761	1105	56.0250	38.8000
762	1103	39.8750	34.5000
763	1106	54.2250	67.4750
764	1104	10.8750	32.8500
765	1105	56.7500	38.8000
766	1103	39.8750	34.5000
767	1106	54.2250	67.9000
768	1104	10.8750	32.8500
769	1105	57.3750	38.8000
770	1103	39.8750	34.5000
771	1106	54.1250	68.3000
772	1104	10.8750	32.8500
773	1105	58.0250	38.8000
774	1103	39.8750	34.5000
775	1106	54.1250	68.9250
776	1104	10.8750	32.8500
777	1105	58.7750	38.8000
778	1103	39.8750	34.5000
779	1106	54.1250	69.3250
780	1104	10.8750	32.8500
781	1105	59.4250	38.8000
782	1103	39.8750	34.5000
783	1106	54.0250	69.7500
784	1104	10.8750	32.8500
785	1105	60.0750	38.8000
786	1103	39.8750	34.5000
787	1106	54.0250	70.1500
788	1104	10.8750	32.8500
789	1105	60.7750	39.0000
790	1103	39.8750	34.5000
790	1119	64.9750	38.0000
791	1106	54.0250	70.7750
792	1104	10.8750	32.8500
793	1105	61.4000	39.0000
794	1103	39.8750	34.5000
794	1119	64.3250	38.0000
795	1106	54.0250	71.1750
796	1104	10.8750	32.8500
797	1105	62.0500	39.0000
798	1103	39.8750	34.5000
798	1119	63.6250	38.0000
799	1106	53.9250	71.6000
800	1104	10.8750	32.8500
801	1105	62.6750	39.0000
802	1103	39.8750	34.5000
802	1119	62.8750	38.0000
803	1106	53.9250	72.0000
804	1104	10.8750	32.8500
805	1105	63.3250	39.0000
806	1103	39.8750	34.5000
806	1119	62.2250	38.0000
807	1106	53.9250	72.4250
808	1104	10.8750	32.8500
809	1105	63.9250	39.0000
810	1103	39.8750	34.5000
810	1119	61.4750	38.0000
811	1106	53.8500	73.0250
812	1104	10.8750	32.8500
813	1105	64.6000	39.0000
814	1103	39.8750	34.5000
814	1119	60.8250	37.7750
815	1106	53.8500	73.2500
816	1104	10.8750	32.8500
817	1105	65.2000	39.0000
818	1103	39.8750	34.5000
818	1119	60.1750	37.7750
819	1106	53.8500	73.6500
820	1104	10.8750	32.8500
821	1103	39.8750	34.5000
821	1119	59.6250	37.7750
822	1106	53.8500	74.0750
823	1104	10.8750	32.8500
824	1119	59.0250	37.7750
825	1119	58.4250	37.7750
826	1119	57.8250	37.9000
827	1119	57.1750	37.9000
828	1119	56.6250	37.9000
829	1119	55.9750	37.9000
830	1120	64.6250	39.1250
831	1119	55.3750	38.0000
832	1120	63.8750	38.9250
833	1119	54.7750	38.0000
834	1120	63.2250	38.9250
835	1119	54.1750	38.0000
836	1120	62.4750	38.9250
837	1119	53.5250	38.0000
838	1120	61.8750	38.9250
839	1119	52.9250	38.1000
840	1120	61.2250	38.9250
841	1119	52.3250	38.1000
841	1122	1.3000	40.9750
842	1120	60.4750	38.9250
843	1119	51.7250	38.1000
843	1122	1.8500	40.9750
844	1120	59.8250	38.9250
845	1119	51.1250	38.1000
845	1122	2.5000	40.9750
846	1120	59.0750	38.9250
847	1119	50.4750	38.2000
847	1122	3.1500	40.9750
848	1120	58.4500	38.9250
849	1119	49.9250	38.2000
849	1122	3.8000	41.1750
850	1120	57.8250	38.9250
851	1119	49.2750	38.2000
851	1122	4.4500	41.1750
852	1120	57.0750	38.9250
853	1119	48.6500	38.2000
853	1122	5.0750	41.1750
854	1120	56.4250	38.9250
855	1119	48.1000	38.1000
855	1122	5.7250	41.3750
856	1120	55.7750	38.9250
857	1119	47.3750	38.1000
857	1122	6.2750	41.3750
858	1120	55.0250	38.9250
859	1119	46.7250	38.1000
859	1122	6.9250	41.3750
860	1120	54.4250	38.9250
861	1119	46.0750	38.1000
861	1122	7.5500	41.3750
862	1120	53.6750	38.9250
863	1119	45.4250	37.9000
863	1122	8.2000	41.6000
864	1120	53.0250	38.7000
865	1119	44.6750	37.9000
865	1122	8.8500	41.6000
866	1120	52.3750	38.7000
867	1119	44.0500	37.9000
867	1122	9.5000	41.6000
868	1120	51.6250	38.5000
869	1119	43.4250	37.7000
869	1122	10.1500	41.8000
870	1120	50.9750	38.5000
871	1119	42.7750	37.7000
871	1122	10.7000	41.8000
872	1120	50.3750	38.5000
873	1119	42.0250	37.7000
873	1122	11.3500	41.8000
874	1120	49.6250	38.3000
875	1119	41.3750	37.7000
875	1122	11.9750	42.0000
876	1120	48.9750	38.3000
877	1119	40.7250	37.5000
877	1122	12.6250	42.0000
878	1120	48.3250	38.1000
879	1119	40.0750	37.5000
879	1122	13.2750	42.0000
880	1120	47.5750	38.1000
881	1119	39.3750	37.5000
881	1122	13.9000	42.0000
882	1120	46.9250	37.9000
883	1119	38.7250	37.2750
883	1122	14.5500	42.2000
884	1120	46.3250	37.9000
885	1119	38.0750	37.2750
885	1122	15.2000	42.2000
886	1120	45.5750	37.9000
887	1119	37.4250	37.2750
887	1122	15.8500	42.2000
888	1120	44.9250	37.7000
889	1119	36.6750	37.2750
889	1122	16.5000	42.2000
890	1120	44.2750	37.7000
891	1119	36.1250	37.2750
891	1122	17.1500	42.2000
892	1120	43.5250	37.4750
893	1119	35.6750	37.5000
893	1122	17.7000	42.2000
894	1120	42.9000	37.4750
895	1119	35.1250	37.5000
895	1122	18.3250	42.2000
896	1120	42.2750	37.4750
897	1119	34.5750	37.7000
897	1122	19.0250	42.2000
898	1120	41.5250	37.4750
899	1119	33.9250	37.8000
899	1122	19.6750	42.2000
900	1120	40.8250	37.4750
901	1119	33.3750	37.9000
901	1122	20.3500	42.3000
902	1120	40.1250	37.4750
903	1119	32.7750	38.0000
903	1122	21.0500	42.4000
904	1120	39.4500	37.4750
905	1119	32.1750	38.2000
905	1122	21.7000	42.4000
906	1120	38.8250	37.4750
907	1119	31.5750	38.2000
907	1122	22.3750	42.5000
908	1120	38.0750	37.4750
909	1119	31.0250	38.4000
909	1122	23.0250	42.5000
910	1120	37.3750	37.4750
911	1119	30.3750	38.5000
911	1122	23.6750	42.6000
912	1120	36.6750	37.6000
913	1119	29.8250	38.6000
913	1122	24.3750	42.6000
914	1120	36.0000	37.6000
915	1119	29.2250	38.7000
915	1122	25.0000	42.7000
916	1112	64.2250	37.7000
917	1120	35.3000	37.6000
918	1119	28.6250	38.8000
918	1122	25.6500	42.8250
919	1112	63.6250	37.4750
920	1120	34.6250	37.6000
921	1119	28.0250	39.0250
921	1122	26.3250	42.8250
922	1112	62.9750	37.4750
923	1120	33.9250	37.7000
924	1119	27.4250	39.1250
924	1122	26.9750	42.9250
925	1112	62.3250	37.4750
926	1120	33.2250	37.7000
927	1119	26.8250	39.2250
927	1122	27.6250	42.9250
928	1112	61.7750	37.4750
929	1120	32.5500	37.7000
930	1119	26.2500	39.3250
930	1122	28.3750	42.9250
931	1112	61.1250	37.4750
932	1120	31.8500	37.7000
933	1119	25.6500	39.5500
933	1122	29.0250	43.1500
934	1112	60.4750	37.4750
935	1120	31.1750	37.8000
936	1119	25.0500	39.5500
936	1122	29.6500	43.1500
937	1112	59.8250	37.4750
938	1120	30.4750	37.8000
939	1119	24.5000	39.7500
939	1122	30.3750	43.3500
940	1112	59.2750	37.4750
941	1120	29.8000	37.8000
942	1119	23.8500	39.8500
942	1122	31.0250	43.3500
943	1112	58.6250	37.2750
944	1120	29.1000	37.8000
945	1119	23.3000	40.0500
945	1122	31.6750	43.3500
946	1112	57.9750	37.2750
947	1120	28.4000	37.8000
948	1119	22.6500	40.0500
948	1122	32.3250	43.5500
949	1112	57.4250	37.2750
950	1120	27.7250	37.8000
951	1119	22.1000	40.0500
951	1122	33.0750	43.5500
952	1112	56.7750	37.2750
953	1120	27.0250	37.8000
954	1119	21.4750	40.0500
954	1122	33.6750	43.5500
955	1112	56.1500	37.2750
956	1120	26.3000	37.8000
957	1119	20.8250	40.0500
957	1122	34.3250	43.7500
958	1112	55.5250	37.2750
959	1120	25.6500	37.8000
960	1119	20.2750	40.0500
960	1122	34.9750	43.7500
961	1112	54.9750	37.2750
962	1120	25.0000	37.8000
963	1119	19.6250	40.0500
963	1122	35.6250	43.7500
964	1112	54.3250	37.2750
965	1120	24.3500	37.8000
966	1119	19.0750	40.0500
966	1122	36.3750	43.7500
967	1112	53.6750	37.0750
968	1120	23.7000	38.0000
969	1119	18.4250	40.0500
969	1122	37.0250	43.7500
970	1112	53.0250	37.0750
971	1120	23.0500	38.2000
972	1119	17.7750	40.2500
972	1122	37.6750	43.7500
973	1112	52.3750	37.0750
974	1120	22.4250	38.2000
975	1119	17.2250	40.2500
975	1122	38.2750	43.7500
976	1112	51.7250	37.0750
977	1120	21.7000	38.4000
978	1119	16.5750	40.2500
978	1122	38.9250	43.7500
979	1112	50.9750	37.0750
980	1120	21.0500	38.6000
981	1119	16.0250	40.2500
981	1122	39.5750	43.7500
982	1112	50.3750	36.8500
983	1120	20.4000	38.8000
984	1119	15.3750	40.2500
984	1122	40.2250	43.5500
985	1112	49.7250	36.8500
986	1120	19.7500	39.0250
987	1119	14.7500	40.2500
987	1122	40.7750	43.3500
988	1112	49.0750	36.8500
989	1120	19.1000	39.2250
990	1119	14.2000	40.2500
990	1122	41.3250	43.3500
991	1112	48.4250	36.8500
992	1120	18.4500	39.4500
993	1119	13.5500	40.2500
993	1122	41.9750	43.1500
994	1112	47.7750	36.8500
995	1120	17.7500	39.6500
996	1119	13.0000	40.2500
996	1122	42.5250	42.9250
997	1112	47.0250	36.6500
998	1120	17.1000	39.8500
999	1119	12.3500	40.2500
999	1122	43.1750	42.7250
1000	1112	46.3750	36.6500
1001	1120	16.4500	39.8500
1002	1119	11.8000	40.4500
1002	1122	43.7250	42.5000
1003	1112	45.7750	36.6500
1004	1120	15.7500	40.0500
1005	1119	11.2500	40.4500
1005	1122	44.3750	42.3000
1006	1112	45.1250	36.6500
1007	1120	15.0750	40.0500
1008	1119	10.7000	40.4500
1008	1122	45.1250	42.3000
1009	1112	44.4750	36.6500
1010	1120	14.3250	40.0500
1011	1119	10.1500	40.4500
1011	1122	45.7750	42.3000
1012	1112	43.8250	36.5500
1013	1120	13.6250	40.0500
1014	1119	9.5750	40.4500
1014	1122	46.3250	42.1000
1015	1112	43.3750	36.5500
1016	1120	12.9500	40.0500
1017	1119	9.0250	40.4500
1017	1122	46.9000	41.9000
1018	1112	42.8250	36.5500
1019	1120	12.3250	40.1500
1020	1122	47.5000	41.6000
1021	1112	42.2750	36.2500
1022	1122	48.1000	41.5000
1023	1112	41.7250	36.0500
1024	1122	48.6500	41.3000
1025	1112	41.0750	35.8250
1026	1122	49.2750	41.1000
1027	1112	40.3250	35.8250
1028	1122	49.9250	40.8500
1029	1112	39.4750	36.0500
1030	1122	50.5750	40.6500
1031	1112	38.7750	36.0500
1032	1122	51.3250	40.4500
1033	1112	38.0250	36.2500
1033	1113	64.9750	37.8000
1034	1122	51.8750	40.4500
1035	1112	37.5750	35.8250
1035	1113	64.0750	37.3750
1036	1122	52.3250	40.4500
1037	1112	36.9250	35.4250
1037	1113	63.2250	36.9500
1038	1122	52.9750	40.0500
1039	1112	35.9250	34.4000
1039	1113	62.4250	36.9500
1040	1122	53.7250	39.6500
1041	1112	35.3750	34.8000
1041	1113	61.4750	36.7500
1042	1122	54.2750	39.6500
1043	1112	35.0750	36.0500
1043	1113	60.3750	36.7500
1044	1122	54.8250	39.6500
1045	1112	34.4250	36.2500
1045	1113	59.5750	36.3500
1046	1122	55.4750	39.4500
1047	1112	33.7750	36.6500
1047	1113	58.8250	36.1500
1048	1122	56.1250	39.0000
1049	1112	33.1250	37.0750
1049	1113	58.0750	35.9500
1050	1122	56.8250	38.8000
1051	1112	32.5750	37.0750
1051	1113	57.0750	35.9500
1052	1122	57.4750	38.6000
1053	1112	32.0250	36.8750
1053	1113	55.8750	36.1500
1054	1122	57.8500	38.6000
1055	1112	31.3750	37.0750
1055	1113	55.1250	36.1500
1056	1122	57.7750	39.0000
1057	1112	30.7750	37.4750
1057	1113	54.4750	36.3500
1058	1122	57.6750	39.4500
1059	1112	30.1250	37.6750
1059	1113	53.6750	36.5500
1060	1122	59.6750	38.2000
1061	1112	29.5750	37.9000
1061	1113	52.6750	36.5500
1062	1122	60.3250	38.2000
1063	1112	29.0250	38.1000
1063	1113	51.7250	36.5500
1064	1122	61.0750	38.2000
1065	1112	28.3750	38.5000
1065	1113	50.7250	36.5500
1066	1122	61.7250	38.2000
1067	1112	27.8250	38.7250
1067	1113	49.7250	36.5500
1068	1122	62.3750	38.2000
1069	1112	27.1750	38.9250
1069	1113	48.7750	36.7500
1070	1122	62.9250	38.0000
1071	1112	26.4250	39.1250
1071	1113	47.8750	36.7500
1072	1122	63.3750	38.0000
1073	1112	25.6750	39.3250
1073	1113	47.0250	36.7500
1074	1122	64.1250	38.2000
1075	1112	24.9750	39.3250
1075	1113	46.2250	36.5500
1076	1122	64.8250	38.4000
1077	1112	24.3250	39.5250
1077	1113	45.3750	36.5500
1078	1112	23.6750	39.5250
1078	1113	44.3750	36.5500
1079	1112	22.9250	39.7500
1079	1113	43.4750	36.5500
1080	1112	22.2750	39.9500
1080	1113	42.5250	36.5500
1081	1112	21.5750	40.1500
1081	1113	41.6250	36.5500
1082	1123	65.0250	37.2750
1083	1112	20.9250	40.1500
1083	1113	40.6000	36.5500
1084	1123	64.3000	37.0750
1085	1112	20.1750	40.3500
1085	1113	39.6750	36.7500
1086	1123	63.6500	36.8500
1087	1112	19.5250	40.5750
1087	1113	38.7750	36.7500
1088	1123	62.9000	36.6500
1089	1112	18.7750	40.7750
1089	1113	37.8250	36.7500
1090	1123	62.2750	36.4500
1091	1112	18.1250	40.9750
1091	1113	36.8250	36.7500
1092	1123	61.5250	36.2500
1093	1112	17.4250	40.9750
1093	1113	35.9250	36.7500
1094	1123	60.8000	36.3500
1095	1112	16.8750	41.6000
1095	1113	35.0250	36.9500
1096	1123	60.0000	36.6500
1097	1112	16.3000	42.1250
1097	1113	34.1750	37.1750
1098	1123	59.2750	36.7750
1099	1112	15.6500	42.1250
1099	1113	33.2750	37.5000
1100	1123	58.5500	36.7750
1101	1112	15.0250	42.1250
1101	1113	32.4750	37.6000
1102	1123	57.8000	36.7750
1103	1112	14.3750	42.1250
1103	1113	31.5750	37.8000
1104	1123	57.1500	36.7750
1105	1112	13.7250	42.1250
1105	1113	30.6750	38.0000
1106	1123	56.4250	36.7750
1107	1112	13.1000	42.1250
1107	1113	29.8250	38.2000
1108	1123	55.7000	36.7750
1109	1112	12.4500	42.1250
1109	1113	28.9500	38.3000
1110	1123	54.9500	36.7750
1111	1112	11.8000	42.1250
1111	1113	28.1250	38.5000
1112	1123	54.2250	36.7750
1113	1112	11.1500	42.1250
1113	1113	27.2500	38.7000
1114	1123	53.5750	36.7750
1115	1112	10.5000	42.1250
1115	1113	26.3500	39.0250
1116	1123	52.8500	36.7750
1117	1112	9.8500	42.1250
1117	1113	25.5000	39.1250
1118	1123	52.1000	36.7750
1119	1112	9.3000	42.1250
1119	1113	24.6500	39.3250
1120	1123	51.3500	36.7750
1121	1112	8.6750	41.9000
1121	1113	23.7000	39.5500
1122	1123	50.7250	36.7750
1123	1112	8.0750	41.9000
1123	1113	22.9000	39.5500
1124	1123	50.0750	36.7750
1125	1112	7.5250	41.9000
1125	1113	21.9500	39.5500
1126	1123	49.4250	36.7750
1127	1112	6.9250	41.9000
1127	1113	21.0500	39.7500
1128	1123	48.8000	36.7750
1129	1112	6.3750	41.7750
1129	1113	20.1250	39.7500
1130	1123	48.0500	36.7750
1131	1112	5.7750	41.6750
1131	1113	19.2000	39.7500
1132	1123	47.4000	36.7750
1133	1112	5.1750	41.6750
1133	1113	18.3750	39.9500
1134	1123	46.7500	36.7750
1135	1112	4.5750	41.5750
1135	1113	17.4500	39.9500
1136	1123	46.1250	36.7750
1137	1112	3.9750	41.5750
1137	1113	16.5500	39.9500
1138	1123	45.4750	36.9750
1139	1112	3.4250	41.5750
1139	1113	15.6000	40.1500
1140	1123	44.8250	36.7750
1141	1112	2.8250	41.4750
1141	1113	14.7000	40.1500
1142	1123	44.2000	36.5500
1143	1112	2.2750	41.3750
1143	1113	13.7750	40.3500
1144	1123	43.6500	36.3500
1145	1112	1.6750	41.3750
1145	1113	12.9500	40.3500
1146	1123	42.7250	36.3500
1147	1112	1.0750	41.3750
1147	1113	12.0250	40.3500
1148	1123	41.6000	36.7750
1149	1113	11.1000	40.5500
1150	1123	41.0500	36.7750
1151	1113	10.0000	40.5500
1152	1123	40.5000	36.7750
1153	1113	8.9000	40.7750
1154	1123	39.9500	36.7750
1155	1113	7.8000	40.9750
1156	1123	39.4000	36.7750
1157	1113	6.8000	41.1750
1158	1123	38.9500	36.7750
1159	1113	5.9000	41.1750
1160	1123	38.1000	36.5500
1161	1113	5.1000	41.1750
1162	1123	37.3750	36.5500
1163	1113	4.2000	41.4000
1164	1123	36.6500	36.5500
1165	1113	3.3500	41.4000
1166	1123	35.9000	36.5500
1167	1113	2.4500	41.6000
1168	1123	35.1750	36.5500
1169	1113	1.6500	41.6000
1170	1123	34.4250	36.5500
1171	1113	0.7500	41.6000
1172	1123	33.7000	36.5500
1173	1123	32.9500	36.5500
1174	1123	32.3250	36.5500
1175	1123	31.6750	36.7750
1176	1123	31.0750	36.9750
1177	1123	30.4750	37.1750
1178	1123	29.8750	37.4750
1179	1123	29.2750	37.6750
1180	1123	28.6750	38.0000
1181	1123	28.0500	38.3000
1182	1123	27.4750	38.5250
1183	1123	26.8500	38.7250
1184	1123	26.1000	38.7250
1185	1123	25.3750	38.9250
1186	1123	24.7250	38.9250
1187	1123	24.0000	39.1250
1188	1123	23.2500	39.1250
1189	1123	22.6000	39.3250
1190	1123	21.8750	39.3250
1191	1123	21.1250	39.5250
1192	1123	20.4000	39.5250
1193	1123	19.6750	39.7250
1194	1123	18.9250	39.7250
1195	1123	18.2000	39.9500
1196	1123	17.4500	39.9500
1197	1123	16.7250	40.1500
1198	1123	15.9750	40.1500
1199	1123	15.2500	40.3750
1200	1123	14.5250	40.3750
1201	1123	13.6750	40.3750
1202	1123	12.9500	40.3750
1203	1123	12.2250	40.3750
1204	1123	11.4750	40.3750
1205	1123	10.6500	40.3750
1206	1123	9.9250	40.3750
1207	1123	9.2750	40.3750
1208	1123	8.6250	40.3750
1209	1123	7.9750	40.3750
1210	1123	7.3250	40.3750
1211	1123	6.6000	40.3750
1212	1123	5.9500	40.3750
1213	1123	5.2250	40.1500
1214	1123	4.4000	40.1500
1215	1123	3.5750	39.9500
1216	1123	2.7250	39.9500
1217	1123	1.9000	39.7250
1218	1123	1.0750	39.7250
1219	1126	1.0000	59.0750
1220	1126	1.8250	58.8750
1221	1126	2.7500	58.8750
1222	1126	3.6500	58.8750
1223	1126	4.5750	58.8750
1224	1126	5.5000	58.6750
1225	1126	6.4250	58.6750
1226	1126	7.3500	58.6750
1227	1126	8.2500	58.6750
1228	1126	9.1750	58.6750
1229	1126	10.1000	58.6750
1230	1126	11.0250	58.6750
1231	1126	11.9500	58.6750
1232	1126	12.8500	58.6750
1233	1126	13.7750	58.6750
1234	1126	14.7000	58.6750
1235	1126	15.5250	58.6750
1236	1126	16.4500	58.6750
1237	1126	17.3750	58.6750
1238	1126	18.3000	58.6750
1239	1126	19.2000	58.6750
1240	1126	20.1250	58.6750
1241	1126	21.0500	58.6750
1242	1126	21.9750	58.6750
1243	1111	19.7000	34.2750
1244	1126	22.9000	58.6750
1245	1111	20.0000	34.5000
1246	1126	23.8000	58.6750
1247	1111	20.3500	34.9250
1248	1126	24.7250	58.6750
1249	1111	20.7250	35.1250
1250	1126	25.5500	58.6750
1251	1111	21.0000	35.5250
1252	1126	26.2000	58.6750
1253	1111	21.3750	35.9250
1254	1126	26.9500	58.6750
1255	1111	21.7500	36.1250
1256	1126	27.5750	58.6750
1257	1111	22.1000	36.5750
1258	1126	28.3250	58.6750
1259	1111	22.3750	36.7750
1260	1126	28.9500	58.6750
1261	1111	22.7500	37.1750
1262	1126	29.6000	58.6750
1263	1111	23.1250	37.5750
1264	1126	30.3500	58.4250
1265	1111	23.4000	37.7750
1266	1126	30.9750	58.4250
1267	1111	23.7500	38.2000
1268	1126	31.7250	58.4250
1269	1111	24.1250	38.4250
1270	1126	32.3500	58.4250
1271	1111	24.5000	38.8250
1272	1126	33.1000	58.4250
1273	1111	24.7750	39.2250
1274	1126	33.7500	58.4250
1275	1111	25.1500	39.4250
1276	1126	34.4000	58.4250
1277	1111	25.5000	39.8250
1278	1126	35.1250	58.4250
1279	1111	25.8750	40.0500
1280	1126	35.8500	58.4250
1281	1111	26.3500	40.4750
1282	1126	36.5000	58.4250
1283	1111	26.8000	40.6750
1284	1111	27.3000	40.9750
1285	1111	27.7750	41.2750
1286	1111	28.2250	41.5750
1287	1111	28.6750	41.8000
1288	1111	29.1500	42.2250
1289	1111	29.6000	42.4250
1290	1111	30.1250	42.7250
1291	1111	30.5250	43.0250
1292	1111	30.9750	43.3250
1293	1111	31.4250	43.5500
1294	1111	31.9250	43.7500
1295	1111	32.2750	43.5500
1296	1111	32.6250	43.3250
1297	1111	33.1000	43.1250
1298	1111	33.4750	42.9250
1299	1111	33.8250	42.5250
1300	1111	34.1250	42.3250
1301	1111	34.1250	42.1000
1302	1111	34.1250	41.9000
1303	1111	34.1250	41.7000
1304	1111	34.2250	41.4750
1305	1111	34.2250	41.2750
1306	1111	34.2250	40.8750
1307	1111	34.2250	40.6750
1308	1111	34.2750	40.4750
1309	1111	34.2750	40.2500
1310	1111	34.2750	40.0500
1311	1111	34.2750	39.8500
1312	1111	34.2250	39.6250
1313	1111	33.9250	39.2250
1314	1111	33.7250	39.0250
1315	1111	33.4750	38.8250
1316	1111	33.1750	38.4000
1317	1111	33.0250	38.2000
1318	1111	32.7250	38.0000
1319	1111	32.5500	37.7750
1320	1111	32.2750	37.3750
1321	1111	31.9750	37.1750
1322	1111	31.5250	37.1750
1323	1111	31.0250	36.8750
1324	1111	30.5250	36.7500
1325	1111	30.0750	36.5500
1326	1111	29.6000	36.2500
1327	1111	29.1000	36.1500
1328	1111	28.6500	35.9500
1329	1111	28.2000	35.7250
1330	1111	27.6500	35.5250
1331	1111	27.0500	35.3250
1332	1107	64.5750	37.6750
1333	1111	26.5000	34.9000
1334	1107	63.6500	37.4750
1335	1111	26.0500	34.9000
1336	1107	62.8250	37.2750
1337	1111	25.6000	34.9000
1338	1107	62.0000	37.2750
1339	1111	25.2500	34.9000
1340	1107	61.1750	37.2750
1341	1111	24.9500	34.9000
1342	1107	60.3250	37.2750
1343	1111	24.7000	34.9000
1344	1107	59.5000	37.2750
1345	1111	24.4000	34.7000
1346	1107	58.6000	37.2750
1347	1111	24.3000	34.7000
1348	1109	64.7500	48.6750
1349	1107	57.7500	37.2750
1350	1111	24.2000	34.7000
1351	1109	63.9250	48.4750
1352	1107	56.9250	37.2750
1353	1111	24.0500	34.7000
1354	1109	63.2000	48.2750
1355	1107	56.1000	37.2750
1356	1111	23.9500	34.7000
1357	1109	62.5500	48.2750
1358	1107	55.2750	37.2750
1359	1111	23.8500	34.7000
1360	1109	61.8000	48.2750
1361	1107	54.4500	37.2750
1362	1111	23.7500	34.7000
1363	1109	61.1750	48.2750
1364	1114	51.0750	52.0750
1365	1107	53.6250	37.2750
1366	1111	23.3000	34.5000
1367	1109	60.4250	48.2750
1368	1114	50.2750	51.4500
1369	1107	52.8000	37.2750
1370	1111	22.9500	34.5000
1371	1109	59.7750	48.2750
1372	1114	49.5250	51.0500
1373	1107	51.9500	37.2750
1374	1111	22.4500	34.5000
1375	1109	59.1500	48.2750
1376	1114	48.7000	50.4250
1377	1107	51.1250	37.2750
1378	1111	22.0000	34.5000
1379	1109	58.6750	48.2750
1380	1114	47.9750	50.0250
1381	1107	50.3000	37.2750
1382	1111	21.5500	34.5000
1383	1109	58.2250	48.2750
1384	1114	47.1250	49.4000
1385	1107	49.4750	37.2750
1386	1111	21.2000	34.5000
1387	1109	57.8500	48.2750
1388	1114	46.4000	49.0000
1389	1110	53.5250	57.1000
1390	1107	48.6500	37.2750
1391	1111	20.8000	34.5000
1392	1109	57.4000	48.2750
1393	1114	45.7500	48.3750
1394	1110	52.8000	56.9000
1395	1107	47.8250	37.2750
1396	1111	20.4500	34.5000
1397	1109	57.2000	48.4750
1398	1114	45.1000	47.9750
1399	1110	52.1500	56.7000
1400	1107	46.9000	37.0750
1401	1111	20.1000	34.5000
1402	1109	57.1250	48.6750
1403	1114	44.4750	47.3500
1404	1110	51.0500	56.7000
1405	1107	45.9750	37.0750
1406	1111	19.7000	34.3000
1407	1109	56.9250	48.8750
1408	1114	43.8250	46.7250
1409	1110	50.0250	56.9000
1410	1107	45.0500	36.8750
1411	1111	19.3500	34.1000
1412	1109	56.8500	49.1000
1413	1114	43.1750	46.3250
1414	1110	49.0250	56.9000
1415	1107	44.1500	36.8750
1416	1111	19.0000	34.1000
1417	1109	56.8500	49.1000
1418	1114	42.2500	45.9000
1419	1110	48.1000	56.7000
1420	1107	43.1250	37.0750
1421	1111	18.5000	34.1000
1422	1109	56.8500	49.1000
1423	1114	41.4250	45.7000
1424	1110	47.1750	56.5000
1425	1107	42.2000	37.4750
1426	1111	18.0500	34.3000
1427	1109	56.8500	49.1000
1428	1114	40.5000	45.5000
1429	1110	46.3500	56.3000
1430	1107	41.4750	37.4750
1431	1111	17.6000	34.3000
1432	1109	56.8500	49.1000
1433	1114	39.6750	45.3000
1434	1110	45.5250	55.8750
1435	1107	40.7500	37.2750
1436	1111	17.1500	34.5000
1437	1109	56.8500	49.1000
1438	1114	38.7500	45.0750
1439	1110	44.7000	55.6750
1440	1107	39.9000	36.8750
1441	1111	16.7000	34.7000
1442	1109	56.8500	49.1000
1443	1114	37.9250	44.8750
1444	1110	43.9500	55.2500
1445	1107	39.1750	36.6500
1446	1111	16.1000	34.7000
1447	1109	56.8500	49.1000
1448	1114	37.0250	44.6750
1449	1110	43.2250	54.8500
1450	1107	38.1500	36.6500
1451	1111	15.5500	34.9000
1452	1109	56.8500	49.1000
1453	1114	36.1750	44.4750
1454	1110	42.6750	54.6500
1455	1102	39.0500	54.5250
1456	1107	37.1500	36.6500
1457	1111	14.9750	35.0000
1458	1109	56.8500	48.9750
1459	1114	35.2250	44.1750
1460	1110	41.8750	54.2250
1461	1102	38.3000	53.7250
1462	1107	36.3250	36.7500
1463	1111	14.4750	35.0000
1464	1109	56.9000	48.9750
1465	1114	34.2000	43.7500
1466	1110	41.1500	53.6250
1467	1102	37.5500	53.1000
1468	1107	35.5000	36.8500
1469	1111	13.9000	34.9000
1470	1109	56.9500	48.9750
1471	1114	33.2500	43.4250
1472	1110	40.4750	53.2000
1473	1102	36.9250	52.2750
1474	1107	34.7500	36.9500
1475	1111	13.3750	34.8000
1476	1109	57.0250	48.9750
1477	1114	32.2750	43.2250
1478	1110	39.6750	52.7000
1479	1102	36.1750	51.6750
1480	1107	33.9250	37.0500
1481	1111	12.8750	34.8000
1482	1109	57.0250	49.0750
1483	1114	31.7000	43.2250
1484	1110	38.9250	52.1750
1485	1102	35.4500	50.8250
1486	1107	33.0000	37.2750
1487	1111	12.3250	34.7000
1488	1109	57.0500	49.0750
1489	1114	31.0750	43.2250
1490	1110	38.2000	51.7750
1491	1102	34.8000	50.2250
1492	1107	32.1000	37.2750
1493	1111	11.8000	34.6000
1494	1109	57.1500	49.0750
1495	1114	30.2500	43.0250
1496	1110	37.4750	51.2500
1497	1102	34.0500	49.6250
1498	1107	31.2500	37.5000
1499	1111	11.2500	34.6000
1500	1115	1.3500	46.3250
1501	1109	57.2000	48.9750
1502	1114	29.4000	42.8250
1503	1110	36.7000	50.7500
1504	1102	33.3250	48.7750
1505	1107	30.4000	37.7000
1506	1111	10.7000	34.7000
1507	1115	2.0000	46.1250
1508	1109	57.2500	49.0750
1509	1114	28.5000	42.4250
1510	1110	36.0000	50.2250
1511	1102	32.7000	48.1750
1512	1107	29.5500	37.8000
1513	1111	10.2250	34.7000
1514	1115	2.6500	45.9250
1515	1109	57.3500	49.0750
1516	1114	27.8500	42.4250
1517	1110	35.2000	49.8000
1518	1102	31.9500	47.3500
1519	1107	28.7500	37.9000
1520	1111	9.7750	34.5000
1521	1115	3.3750	45.7250
1522	1109	57.4000	49.0750
1523	1114	26.9500	41.8000
1524	1110	34.5000	49.3000
1525	1102	31.2000	46.9250
1526	1107	27.8500	38.1000
1527	1111	9.5000	34.3000
1528	1115	4.0250	45.4750
1529	1109	57.4250	49.0750
1530	1114	26.1000	41.8000
1531	1110	33.7500	48.8000
1532	1102	30.4750	46.3250
1533	1107	27.0250	38.2000
1534	1111	9.1250	34.3000
1535	1115	4.7500	45.4750
1536	1109	57.4750	49.2000
1537	1114	25.2000	41.8000
1538	1110	33.0000	48.3750
1539	1102	29.8500	45.9250
1540	1107	26.1500	38.3000
1541	1111	8.7500	34.3000
1542	1115	5.4000	45.2750
1543	1109	57.5250	49.2000
1544	1114	24.3500	41.5750
1545	1110	32.2250	47.7500
1546	1102	29.1000	45.2750
1547	1107	25.3250	38.4000
1548	1111	8.4000	34.3000
1549	1115	6.0500	45.0750
1550	1109	57.5750	49.1000
1551	1114	23.5500	41.5750
1552	1110	31.5250	47.3500
1553	1102	28.3500	44.6750
1554	1107	24.5000	38.6000
1555	1111	8.0250	34.3000
1556	1115	6.7750	44.8750
1557	1109	57.6750	49.1000
1558	1114	22.7000	41.5750
1559	1110	30.7000	46.9500
1560	1102	27.6250	44.2750
1561	1107	23.6750	38.8000
1562	1111	7.6500	34.5000
1563	1115	7.4250	44.8750
1564	1109	57.7250	49.1000
1565	1114	21.8000	41.3750
1566	1110	29.9750	46.5250
1567	1102	26.8000	44.0750
1568	1107	22.7750	38.8000
1568	1108	64.5750	46.1000
1569	1111	7.2000	34.5000
1570	1115	8.1750	44.6750
1571	1109	57.7750	49.2000
1572	1114	20.9500	41.3750
1573	1110	29.1500	46.3250
1574	1102	25.9750	43.8500
1575	1107	21.8750	39.0000
1575	1108	64.0250	46.3250
1576	1111	6.8250	34.5000
1577	1115	8.8000	44.4750
1578	1109	57.8500	49.2000
1579	1114	20.1250	41.3750
1580	1110	28.3250	45.9000
1581	1102	25.1500	43.6500
1582	1107	20.9500	39.2500
1582	1108	63.4750	46.5250
1583	1111	6.4500	34.5000
1584	1115	9.4500	44.2750
1585	1109	57.8500	49.2000
1586	1114	19.2000	41.3750
1587	1110	27.5750	45.5000
1588	1102	24.3000	43.2250
1589	1107	20.0250	39.2500
1589	1108	62.9250	46.7250
1590	1111	6.1000	34.5000
1591	1115	10.2000	44.0750
1592	1109	57.9000	49.2000
1593	1114	18.2000	41.5750
1594	1110	26.7500	45.1000
1595	1102	23.5000	43.0250
1596	1107	19.1250	39.4500
1596	1108	62.3750	46.9500
1597	1111	5.8250	34.7000
1598	1115	10.8250	44.0750
1599	1109	57.9750	49.3000
1600	1114	17.2750	41.5750
1601	1110	25.9250	44.8750
1602	1102	22.6500	42.8250
1603	1107	18.1750	39.6500
1603	1108	61.8250	47.1500
1604	1111	5.4500	34.7000
1605	1115	11.5750	43.9750
1606	1109	57.9750	49.3000
1607	1114	16.3500	41.8000
1608	1110	25.1000	44.4750
1609	1102	21.8250	42.6250
1610	1107	17.2750	39.6500
1610	1108	61.2750	47.3500
1611	1111	5.1750	34.7000
1612	1115	12.3000	43.9750
1613	1109	57.9750	49.5000
1614	1114	15.3500	41.8000
1615	1110	24.2750	44.2500
1616	1102	20.8000	42.4250
1617	1107	16.3500	39.8500
1617	1108	60.8000	47.5500
1618	1111	4.9000	34.7000
1619	1115	13.0500	43.9750
1620	1109	58.0750	49.5000
1621	1114	14.4250	42.0000
1622	1110	23.3500	44.2500
1623	1102	19.7000	42.2250
1624	1107	15.4250	40.0500
1624	1108	60.5250	47.5500
1625	1111	4.6250	34.7000
1626	1115	13.7750	43.9750
1627	1109	58.0750	49.7000
1628	1114	13.5000	42.0000
1629	1110	22.5250	44.0500
1630	1102	18.7000	42.0000
1631	1107	14.5250	40.0500
1631	1108	60.1500	47.5500
1632	1111	4.3500	34.7000
1633	1115	14.5250	44.0750
1634	1109	58.0750	49.7000
1635	1114	12.6000	42.2250
1636	1110	21.6000	43.8500
1637	1102	17.6000	42.0000
1638	1107	13.5750	40.2500
1638	1108	59.8750	47.5500
1639	1111	3.9750	34.7000
1640	1115	15.2500	44.0750
1641	1109	58.1750	49.9250
1642	1114	11.5500	42.2250
1643	1110	20.7750	43.6500
1644	1102	16.5000	41.8000
1645	1107	12.7750	40.4500
1645	1108	59.5250	47.5500
1646	1111	3.7000	34.7000
1647	1115	15.9750	44.0750
1648	1109	58.1750	49.9250
1649	1114	10.6500	42.4250
1650	1110	19.8500	43.6500
1651	1102	15.4750	41.5750
1652	1107	11.8250	40.4500
1652	1108	59.1250	47.5500
1653	1111	3.4250	34.7000
1654	1115	16.7250	44.0750
1655	1109	58.1750	49.9250
1656	1114	9.7250	42.6250
1657	1110	19.0250	43.4500
1658	1102	14.3750	41.3750
1659	1107	10.9250	40.4500
1659	1108	58.8750	47.5500
1660	1111	3.1500	34.7000
1661	1115	17.4500	44.0750
1662	1109	58.1750	49.9250
1663	1114	8.8000	42.8250
1664	1110	18.1000	43.2500
1665	1102	13.3500	41.3750
1666	1107	10.1000	40.4500
1666	1108	58.5750	47.7500
1667	1111	2.8750	34.7000
1668	1115	18.2000	44.1750
1669	1109	58.1750	49.9250
1670	1114	7.9000	42.8250
1671	1110	17.1750	43.0250
1672	1102	12.3500	41.1750
1673	1107	9.1750	40.4500
1673	1108	58.4000	47.9500
1674	1111	2.5000	34.9000
1675	1115	18.9250	44.1750
1676	1109	58.1750	49.9250
1677	1114	6.9500	43.0250
1678	1110	16.3500	43.0250
1679	1102	11.3500	41.1750
1680	1107	8.3500	40.4500
1680	1108	58.2250	48.1750
1681	1111	2.2250	34.9000
1682	1115	19.6750	44.1750
1683	1109	58.1750	49.9250
1684	1114	5.9500	43.2250
1685	1110	15.4250	42.8250
1686	1102	10.4250	41.1750
1687	1107	7.4250	40.4500
1687	1108	58.0250	48.3750
1688	1111	1.9500	34.7000
1689	1115	20.4000	44.1750
1690	1109	58.1750	49.9250
1691	1114	5.0500	43.4250
1692	1110	14.6000	42.6250
1693	1102	9.4000	41.1750
1694	1107	6.5250	40.4500
1694	1108	58.0250	48.5750
1695	1111	1.6750	34.3000
1696	1115	21.1000	44.0500
1697	1109	58.1750	49.9250
1698	1114	4.1000	43.4250
1699	1110	13.6750	42.4000
1700	1102	8.5000	41.1750
1701	1107	5.6750	40.4500
1701	1108	58.0250	48.5750
1702	1111	1.4000	34.1000
1703	1115	21.8250	44.0500
1704	1109	58.1750	49.9250
1705	1114	3.3000	43.4250
1706	1110	12.8500	42.4000
1707	1102	7.4750	41.1750
1708	1107	4.8500	40.2500
1708	1108	58.0250	48.5750
1709	1111	1.2250	33.6750
1710	1115	22.5500	43.8500
1711	1109	58.1750	49.9250
1712	1114	2.5000	43.1250
1713	1110	11.9250	42.2000
1714	1102	6.4500	41.1750
1715	1107	4.0250	40.2500
1715	1108	58.0250	48.5750
1716	1111	0.9500	33.2750
1717	1115	23.3000	43.8500
1718	1109	58.1750	49.9250
1719	1114	1.6750	42.9250
1720	1110	11.1000	42.2000
1721	1102	5.5500	41.1750
1722	1107	3.1000	40.2500
1722	1108	58.0250	48.5750
1723	1111	0.7500	33.0500
1724	1115	24.0500	43.6500
1725	1109	58.1750	49.9250
1726	1110	10.2750	42.2000
1727	1102	4.5250	41.1750
1728	1107	2.2750	40.0500
1728	1108	58.0250	48.5750
1729	1115	24.6750	43.6500
1730	1109	58.1750	49.9250
1731	1110	9.3500	42.2000
1732	1102	3.6000	41.1750
1733	1107	1.4500	40.0500
1733	1108	58.0250	48.5750
1734	1111	0.9500	33.2750
1734	1115	25.4250	43.6500
1735	1109	58.1750	49.9250
1736	1110	8.5250	42.1000
1737	1102	2.6000	41.0750
1738	1107	0.8500	39.7500
1738	1108	58.0250	48.5750
1739	1111	0.9500	33.2750
1739	1115	26.2000	43.5500
1740	1109	58.1250	49.8250
1741	1110	7.6500	42.1000
1742	1102	1.6250	41.0750
1743	1107	0.6500	39.7500
1743	1108	58.0250	48.5750
1744	1111	0.9500	33.2750
1744	1115	26.9750	43.6500
1745	1109	58.1250	49.8250
1746	1110	6.7750	42.0000
1747	1107	0.6500	39.7500
1747	1108	58.0250	48.5750
1748	1115	27.7750	43.6500
1749	1109	58.1250	49.8250
1750	1110	5.9250	41.9000
1751	1115	28.5000	43.5500
1752	1109	58.1250	49.8250
1753	1110	5.0750	41.8000
1754	1115	29.3250	43.5500
1755	1109	58.0750	49.8250
1756	1110	4.2250	41.7000
1757	1115	30.1500	43.5500
1758	1109	58.0750	49.8250
1759	1110	3.2750	41.5000
1760	1115	31.0750	43.5500
1761	1109	58.1250	49.8250
1762	1110	2.3750	41.3000
1763	1115	31.6250	43.3500
1764	1109	58.1250	49.8250
1765	1110	1.5250	41.3000
1766	1115	32.1750	43.3500
1767	1109	58.0750	49.8250
1768	1110	1.2750	41.0750
1769	1115	32.7250	43.3500
1770	1109	58.0750	49.8250
1771	1115	33.3750	43.3500
1772	1109	58.0750	49.8250
1773	1115	34.3000	43.3500
1774	1109	58.0750	49.8250
1775	1115	35.1250	43.3500
1776	1109	58.1250	49.8250
1777	1115	35.7750	43.3500
1778	1109	58.0750	49.8250
1779	1115	36.4000	43.3500
1780	1109	58.0750	49.8250
1781	1115	37.4250	43.3500
1782	1109	58.0750	49.8250
1783	1115	38.2500	43.1500
1784	1109	58.0750	49.8250
1785	1115	39.0000	43.1500
1786	1109	58.0500	49.8250
1787	1115	39.7250	43.1500
1788	1109	58.0500	49.8250
1789	1115	40.3750	42.9500
1790	1109	58.1000	49.8250
1791	1115	41.1000	42.9500
1792	1109	58.1000	49.8250
1793	1115	41.8500	42.7000
1794	1109	58.1000	49.8250
1795	1115	42.4750	42.7000
1796	1109	58.0500	49.8250
1797	1115	43.2250	42.5000
1798	1109	58.0500	49.8250
1799	1115	43.8750	42.3000
1800	1109	58.0500	49.8250
1801	1115	44.6000	42.1000
1802	1109	58.0750	49.8250
1803	1115	45.2500	41.9000
1804	1109	58.0250	49.8250
1805	1114	1.4250	45.6000
1805	1115	45.9750	41.5000
1806	1109	58.0250	49.8250
1807	1114	2.8750	45.4000
1807	1115	46.6250	41.3000
1808	1109	58.0250	49.8250
1809	1114	4.3250	45.4000
1809	1115	47.2750	41.1000
1810	1109	58.0250	49.8250
1811	1114	5.9250	45.4000
1811	1115	48.0000	40.8500
1812	1109	58.0250	49.8250
1813	1114	7.3750	45.4000
1813	1115	48.6500	40.4500
1814	1109	58.0250	49.8250
1815	1114	8.9250	45.2000
1815	1115	49.3000	40.4500
1816	1109	58.0250	49.8250
1817	1114	10.4250	45.2000
1817	1115	50.0250	40.2500
1818	1109	58.0250	49.8250
1819	1114	11.9750	45.2000
1819	1115	50.6750	40.0500
1820	1109	58.0250	49.8250
1821	1114	13.4750	45.2000
1821	1115	51.4000	39.8500
1822	1109	57.9750	49.8250
1823	1114	15.0250	45.2000
1823	1115	52.0500	39.6500
1824	1109	57.9750	49.8250
1825	1114	16.4750	44.5750
1825	1115	52.7000	39.4500
1826	1109	57.9750	49.8250
1827	1114	18.0750	43.9500
1827	1115	53.4250	39.2500
1828	1109	58.0250	49.8250
1829	1114	18.3250	42.7250
1829	1115	54.1750	39.2500
1830	1109	57.9750	49.8250
1831	1114	18.7000	41.7000
1831	1115	54.9000	39.2500
1832	1109	57.9750	49.8250
1833	1116	26.7500	58.6500
1833	1117	25.7500	60.4000
1833	1118	35.6750	57.7250
1834	1114	18.7750	40.6500
1834	1115	55.6000	39.1250
1835	1109	57.9750	49.8250
1836	1116	25.6500	58.5500
1836	1117	26.3000	59.9750
1836	1118	34.8500	57.7250
1837	1114	18.6750	39.8500
1837	1115	56.2000	39.1250
1838	1109	57.9750	49.8250
1839	1116	24.6000	58.4250
1839	1117	26.9250	59.7750
1839	1118	34.0250	57.7250
1840	1114	18.4750	38.8000
1840	1115	56.7750	39.2250
1841	1109	57.9750	49.8250
1842	1116	23.5000	58.3250
1842	1117	27.4750	59.5750
1842	1118	33.2000	57.9250
1843	1114	18.2750	38.0000
1843	1115	57.4000	39.1250
1844	1116	22.6500	58.3250
1844	1117	28.1250	59.4750
1844	1118	32.3500	57.9250
1845	1114	18.1500	37.0750
1845	1115	58.0000	39.2250
1846	1116	21.9000	58.3250
1846	1117	28.7750	59.4750
1846	1118	31.5500	58.1250
1847	1114	17.9000	36.2500
1847	1115	58.6500	39.2250
1848	1116	21.2000	58.3250
1848	1117	29.4250	59.4750
1848	1118	30.7000	58.1250
1849	1114	17.7000	35.3250
1849	1115	59.3250	39.1250
1850	1116	20.4500	58.3250
1850	1117	30.0250	59.4750
1850	1118	29.8750	58.3250
1851	1114	17.2500	34.5000
1851	1115	60.1500	38.9250
1852	1116	19.7000	58.5500
1852	1117	30.6500	59.4750
1852	1118	29.0500	58.3250
1853	1114	16.7500	33.6750
1853	1115	61.0500	38.7250
1854	1116	18.9750	58.5500
1854	1117	31.4000	59.3750
1854	1118	28.3000	58.5500
1855	1115	62.0000	38.7250
1856	1116	18.2500	58.5500
1856	1117	32.2250	59.3750
1856	1118	27.5000	58.5500
1857	1115	62.5500	38.5000
1858	1116	17.5000	58.5500
1858	1117	33.0500	59.3750
1858	1118	26.6500	58.7750
1859	1115	63.2000	38.5000
1860	1116	16.7500	58.7750
1860	1117	33.8750	59.3750
1860	1118	25.8500	58.7750
1861	1115	63.8500	38.3000
1862	1116	16.0500	58.7750
1862	1117	34.7000	59.3750
1862	1118	25.0000	58.7750
1863	1115	64.4250	38.3000
1864	1116	15.3000	58.7750
1864	1117	35.5500	59.1750
1864	1118	24.1750	58.7750
1865	1115	65.0750	38.3000
1866	1116	14.5500	58.9750
1866	1117	36.3750	59.1750
1866	1118	23.3500	58.7750
1867	1116	13.8250	58.9750
1867	1117	37.2000	59.1750
1867	1118	22.5000	58.7750
1868	1116	13.1000	58.9750
1868	1117	38.0250	59.1750
1868	1118	21.7000	58.7750
1869	1116	12.3500	58.9750
1869	1117	38.8500	59.1750
1869	1118	20.7750	58.7750
1870	1116	11.6500	59.1750
1870	1117	39.6750	58.9750
1870	1118	19.9500	58.7750
1871	1116	10.9250	59.1750
1871	1117	40.5000	58.9750
1871	1118	19.1000	58.5500
1872	1116	10.2000	59.1750
1872	1117	41.3500	58.9750
1872	1118	18.3000	58.5500
1873	1116	9.4500	59.1750
1873	1117	42.1500	58.9750
1873	1118	17.4500	58.5500
1874	1116	8.7000	59.3750
1874	1117	43.0000	58.9750
1874	1118	16.6250	58.5500
1875	1116	8.0000	59.3750
1875	1117	43.8250	58.7750
1875	1118	15.8000	58.5500
1876	1116	7.2500	59.3750
1876	1117	44.6500	58.7750
1876	1118	14.9750	58.5500
1877	1116	6.5000	59.3750
1877	1117	45.4750	58.7750
1877	1118	14.1500	58.3250
1878	1116	5.7500	59.5750
1878	1117	46.3000	58.7750
1878	1118	13.3000	58.3250
1879	1116	5.0500	59.5750
1879	1117	47.1250	58.7750
1879	1118	12.4000	58.3250
1880	1116	4.3000	59.5750
1880	1117	47.9500	58.7750
1880	1118	11.5500	58.3250
1881	1116	3.5500	59.5750
1881	1117	48.8750	58.7750
1881	1118	10.7500	58.3250
1882	1116	2.8500	59.7750
1882	1117	49.7000	58.7750
1882	1118	9.9000	58.3250
1883	1116	2.1000	59.7750
1883	1117	50.3500	58.9750
1883	1118	9.1000	58.3250
1884	1116	1.3500	59.7750
1884	1117	50.8000	58.9750
1884	1118	8.2500	58.3250
1885	1116	0.6000	59.7750
1885	1117	51.2750	58.9750
1885	1118	7.4250	58.3250
1886	1117	51.8250	58.9750
1886	1118	6.6000	58.5500
1887	1117	52.3000	58.9750
1887	1118	5.7750	58.5500
1888	1117	52.7500	59.1750
1888	1118	5.0500	58.5500
1889	1117	53.3000	59.1750
1889	1118	4.2000	58.7750
1890	1117	53.7500	59.1750
1890	1118	3.3750	58.7750
1891	1117	54.2250	59.1750
1891	1118	2.5500	58.9750
1892	1117	54.7750	59.1750
1892	1118	1.7250	58.9750
1893	1117	55.2250	59.1750
1893	1118	0.9000	58.9750
