0	1426	58.6000	72.3500
0	1427	10.1750	74.1250
0	1433	30.5250	87.4250
1	1426	57.8000	72.3500
1	1427	9.9750	73.5250
1	1433	30.1250	86.8250
2	1426	57.0000	72.3500
2	1427	9.8750	72.8750
2	1433	29.7250	86.3750
3	1426	56.2250	72.3500
3	1427	9.6750	72.2250
3	1433	29.4500	85.7750
4	1426	55.4250	72.7750
4	1427	9.5750	71.6250
4	1433	29.1500	85.1250
5	1426	54.6500	73.1750
5	1427	9.4000	70.9750
5	1433	28.8500	84.5000
6	1426	53.9500	73.4000
6	1427	9.3000	70.3750
6	1433	28.5500	83.8750
7	1426	53.1500	73.8250
7	1427	9.1000	69.7250
7	1433	28.2500	83.2250
8	1426	52.3500	74.2250
8	1427	9.0000	69.1250
8	1433	28.0500	82.6250
9	1426	51.5500	74.4500
9	1427	9.0000	68.2750
9	1433	27.9500	82.1750
10	1426	50.7750	74.8750
10	1427	9.1000	67.2250
10	1433	27.9500	81.5750
11	1426	50.0000	75.2750
11	1427	9.1000	66.1750
11	1433	27.8500	80.9250
12	1423	70.2500	73.1000
13	1426	49.2000	75.7000
13	1427	9.2000	65.1250
13	1433	27.7500	80.5250
14	1423	69.5500	73.1000
15	1426	48.5000	75.9250
15	1427	9.3000	64.2750
15	1433	27.5500	79.8750
16	1423	68.8500	73.1000
17	1426	47.7000	76.3250
17	1427	9.3000	63.4250
17	1433	27.2500	79.4750
18	1423	68.1500	73.1000
19	1426	46.9000	76.7500
19	1427	9.3000	62.6250
19	1433	26.8500	78.8250
20	1428	69.8000	59.3500
21	1423	67.4500	73.1000
22	1426	46.1250	77.1750
22	1427	9.4000	61.7750
22	1433	26.5500	78.4250
23	1428	67.2000	59.1500
24	1423	66.6750	73.1000
25	1426	45.4250	77.3750
25	1427	9.4000	60.9250
25	1433	26.2750	77.8000
26	1428	64.6500	59.1500
27	1423	65.8750	73.3000
28	1426	44.6500	77.8000
28	1427	9.5000	60.3250
28	1433	25.9750	77.1750
29	1428	62.1500	58.9500
30	1423	65.1000	73.3000
31	1426	43.8500	78.2250
31	1427	9.5750	59.6750
31	1433	25.6750	76.7500
32	1428	59.6000	58.9500
33	1423	64.8000	73.5000
34	1426	43.1500	78.6250
34	1427	9.6750	58.8250
34	1433	25.3750	76.1250
35	1428	57.1000	58.9500
36	1423	64.8000	73.5000
37	1426	42.3500	78.8250
37	1427	9.6750	58.2250
37	1433	25.1750	75.7000
38	1428	54.7500	58.3250
39	1423	64.8000	73.5000
40	1426	41.6500	79.2750
40	1427	9.7750	57.3750
40	1433	24.8750	75.0750
41	1428	52.3500	57.6750
42	1423	62.1000	73.7000
43	1426	40.8750	79.6750
43	1427	9.8750	56.7250
43	1433	24.6750	74.6750
44	1428	50.0750	57.0500
45	1423	61.1250	73.7000
46	1426	40.1000	79.8750
46	1427	9.9750	56.1250
46	1433	24.4000	74.0250
47	1428	47.7000	56.4250
48	1423	60.1500	73.5000
49	1426	39.4000	80.3250
49	1427	10.0750	55.4750
49	1433	24.2000	73.4000
50	1428	45.4250	56.0000
51	1423	59.3500	73.5000
52	1426	38.6000	80.7250
52	1427	10.3750	54.6250
52	1433	24.1000	72.7750
53	1428	43.8500	54.5500
54	1423	58.6500	73.5000
55	1426	37.8000	80.9250
55	1427	10.6750	54.0250
55	1433	23.9000	72.3500
56	1428	42.2500	53.0750
57	1430	27.0500	87.1250
58	1423	57.9500	73.5000
59	1426	37.0000	81.1500
59	1427	10.9500	53.3750
59	1433	23.7000	71.7250
60	1428	40.7750	51.6000
61	1430	27.0500	86.2750
62	1423	57.2500	73.7000
63	1426	36.1250	81.3750
63	1427	11.2500	52.5750
63	1433	23.6000	71.0750
64	1428	39.2000	50.1500
65	1430	27.0500	85.6500
66	1423	56.6750	73.9250
67	1426	35.3250	81.7750
67	1427	11.5500	51.9250
67	1433	23.3000	70.6750
68	1428	37.7000	48.9000
69	1430	27.0500	84.8250
70	1423	55.8750	74.1500
71	1426	34.5500	81.9750
71	1427	11.8500	51.2750
71	1433	23.0000	70.0250
72	1428	36.0750	45.7500
73	1430	27.0500	84.1750
74	1423	55.1750	74.3500
75	1426	33.7500	82.2000
75	1427	12.1500	50.4750
75	1433	22.6000	69.6250
76	1428	34.5000	42.6000
77	1430	27.0500	83.3500
78	1423	54.5000	74.5500
79	1426	32.8500	82.4000
79	1427	12.4500	49.8250
79	1433	22.3000	69.0000
80	1428	34.0000	40.3000
81	1430	26.9500	82.5000
82	1423	53.6000	74.9500
83	1426	32.0500	82.4000
83	1427	12.6500	49.2250
83	1433	22.0000	68.5750
84	1428	33.4000	37.6750
85	1430	26.9500	81.6750
86	1423	52.7000	75.4000
87	1426	31.2500	82.4000
87	1427	12.8500	48.5750
87	1433	21.8000	67.9500
88	1431	36.2750	91.3000
89	1428	33.1000	34.9750
90	1430	26.8500	80.8250
91	1423	51.7250	75.4000
92	1426	30.4750	82.2000
92	1427	13.0500	47.7250
92	1433	21.5000	67.5250
93	1431	36.4750	90.2500
94	1428	33.3000	32.6750
95	1430	26.8500	79.5750
96	1423	50.9250	75.6000
97	1426	29.7000	82.2000
97	1427	13.3500	47.1250
97	1433	21.3250	66.9000
98	1431	36.6750	89.4250
99	1428	33.7000	30.0250
100	1430	26.8500	78.5250
101	1423	50.1250	76.0000
102	1426	28.9000	81.9750
102	1427	13.5500	46.4750
102	1433	21.1250	66.2750
103	1431	36.9750	88.6000
104	1428	33.8000	27.3250
105	1430	26.5750	77.4750
106	1423	49.4500	76.2250
107	1426	28.1000	81.9750
107	1427	13.5500	45.6250
107	1433	20.9250	65.6500
108	1431	37.1500	87.7500
109	1428	33.6000	23.4250
110	1430	26.2750	76.6500
111	1423	48.6500	76.4500
112	1426	27.3000	81.9750
112	1427	13.5500	44.5750
112	1433	20.6250	65.2250
113	1431	37.4500	86.9000
114	1428	34.1000	21.8750
115	1430	25.9750	75.8000
116	1423	47.8500	76.6500
117	1426	26.4000	81.9750
117	1427	13.5500	43.7750
117	1433	20.4250	64.6000
118	1431	37.9500	86.3000
119	1428	36.1750	35.5750
120	1430	25.6750	74.9750
121	1423	47.0500	76.8500
122	1426	25.6250	81.7750
122	1427	13.4500	42.8250
122	1433	20.3250	63.9750
123	1431	38.4000	85.8500
124	1428	34.1000	17.7750
125	1430	25.2750	74.1250
126	1423	46.2750	77.0500
127	1426	24.8750	81.5750
127	1427	13.2500	42.1750
127	1433	20.3750	63.5500
128	1431	38.9500	85.5500
129	1428	34.0500	14.4250
130	1430	24.9250	73.5000
131	1423	45.5250	77.4750
132	1426	24.1500	81.3750
132	1427	13.0500	41.4500
132	1433	20.4750	63.1250
133	1431	39.5000	85.2250
134	1430	24.5250	72.7750
135	1423	44.7750	77.7750
136	1426	23.3500	81.1500
136	1427	12.8500	40.9250
136	1433	20.6250	62.7000
137	1431	39.9750	84.9000
138	1430	24.1500	72.1500
139	1423	44.1000	78.0250
140	1426	22.6000	80.7250
140	1427	12.6500	40.2000
140	1433	20.6750	62.3000
141	1431	40.5750	84.6000
142	1430	23.8000	71.4000
143	1423	43.5000	78.0250
144	1426	21.8000	80.5250
144	1427	12.4500	39.5500
144	1433	20.7750	61.8750
145	1431	41.2750	83.9750
146	1430	23.4000	70.6750
147	1423	42.8000	78.1250
148	1426	21.0250	80.2250
148	1427	12.2500	38.9500
148	1433	20.7750	61.3500
149	1431	41.8500	83.3500
150	1430	23.1000	70.0500
151	1423	42.2000	78.1250
152	1426	20.1250	79.7750
152	1427	12.0500	38.3000
152	1433	20.5750	60.5250
153	1431	42.5500	82.7000
154	1430	22.7000	69.2000
155	1423	41.5250	78.4250
156	1426	19.3250	79.5750
156	1427	11.9000	37.8000
156	1433	20.3750	59.8750
157	1431	43.1500	82.1000
158	1430	22.4000	68.5750
159	1423	40.8250	79.1500
160	1426	18.5500	79.1750
160	1427	11.7000	37.1500
160	1433	20.1750	59.0500
161	1431	43.8000	81.3500
162	1430	22.0000	67.9500
163	1423	40.1250	80.0000
164	1426	17.7500	78.8250
164	1427	11.5000	36.7500
164	1433	19.9750	58.2000
165	1431	44.4500	80.7250
166	1430	21.7000	67.1000
167	1423	39.4500	80.6250
168	1426	17.1500	78.2250
168	1427	11.3250	36.1000
168	1433	19.7750	57.5750
169	1431	45.0250	80.0000
170	1430	21.3250	66.4750
171	1423	38.6500	81.0500
172	1426	16.5250	77.5750
172	1427	11.1250	35.7000
172	1433	19.5750	56.7500
173	1431	45.6250	79.3750
174	1430	21.0250	65.8500
175	1423	37.7500	81.6750
176	1426	15.8750	77.1750
176	1427	10.9250	35.2750
176	1433	19.3750	56.1250
177	1431	46.2250	78.7500
178	1430	20.6250	65.0250
179	1423	36.8750	81.8750
180	1426	15.1750	76.5250
180	1427	10.7250	34.6500
180	1433	19.1750	55.2750
181	1431	46.8250	78.1000
182	1430	20.4250	64.4000
183	1423	35.9750	81.8750
184	1426	14.4750	76.3250
184	1427	10.5250	34.4500
184	1433	19.1000	54.8500
185	1431	47.4000	77.4750
186	1430	20.3250	63.5500
187	1423	35.0750	81.8750
188	1426	13.7000	76.1250
188	1427	10.3250	34.0000
188	1433	18.9000	54.2250
189	1431	48.0000	76.8500
190	1430	20.2250	62.7000
191	1423	34.2000	81.8750
192	1426	12.9000	75.9250
192	1427	10.1250	33.6000
192	1433	18.7000	53.8000
193	1431	48.6000	76.2250
194	1430	20.0250	61.8750
195	1423	33.4000	81.8750
196	1426	12.2000	75.7000
196	1427	9.9250	33.1750
196	1433	18.6000	53.1750
197	1431	49.1000	75.6000
198	1430	19.9250	61.0500
199	1423	32.5000	81.6750
200	1426	11.4250	75.2750
200	1427	9.7250	32.9750
200	1433	18.4000	52.7750
201	1431	49.6000	75.1750
202	1430	19.8250	60.2000
203	1423	31.7250	81.4750
204	1426	10.6250	74.8750
204	1427	9.3250	32.3500
204	1433	18.3000	52.1250
205	1431	50.1750	74.5500
206	1430	19.6250	59.1500
207	1423	30.9250	81.2500
208	1426	9.8250	74.4250
208	1427	8.7500	31.5000
208	1433	18.1000	51.7250
209	1431	50.6750	73.9250
210	1430	19.4250	58.3000
211	1423	30.3250	81.0500
212	1426	9.0250	74.0250
212	1427	8.1500	30.6500
212	1433	17.9000	51.0750
213	1431	51.1750	73.3000
214	1430	19.3250	57.2750
215	1423	29.6250	80.8250
216	1426	8.2500	73.8250
216	1433	17.8000	50.6750
217	1431	51.5750	72.4500
218	1430	19.1250	56.4250
219	1423	29.0500	80.6250
220	1426	7.3500	73.4000
220	1433	17.7000	50.0500
221	1431	51.9750	71.6250
222	1429	33.9500	39.8750
223	1430	18.8500	55.8000
224	1423	28.1500	80.6250
225	1426	6.4500	72.9750
225	1433	17.7000	49.4250
226	1431	52.3500	70.7750
227	1429	33.0500	39.8750
228	1430	18.5500	55.1750
229	1423	27.2500	80.8250
230	1426	5.5750	72.5750
230	1433	17.7000	49.0000
231	1431	52.7500	70.1500
232	1429	32.2500	40.1000
233	1430	18.1500	54.7500
234	1423	26.3750	81.0500
235	1426	4.6750	72.3500
235	1433	17.7500	48.3750
236	1431	53.1500	69.3000
237	1429	31.4750	40.1000
238	1430	17.8500	54.3250
239	1423	25.4750	81.2500
240	1426	3.7750	71.9250
240	1433	17.8000	47.7250
241	1431	53.7500	68.6750
242	1429	30.6750	40.3000
243	1430	17.4500	53.7000
244	1423	24.7750	81.2500
245	1426	2.9000	71.7250
245	1433	17.8000	47.1000
246	1431	54.5000	68.2750
247	1429	29.8750	40.5000
248	1430	17.2500	53.0750
249	1423	24.1000	81.0500
250	1426	2.0500	71.3000
250	1433	17.8500	46.4750
251	1431	55.1750	67.8500
252	1429	28.5000	40.3000
253	1430	17.1500	52.2500
254	1423	23.3000	81.0500
255	1426	1.4500	70.9750
255	1433	17.8500	46.0500
256	1431	55.8750	67.4250
257	1429	27.2000	40.1000
258	1430	17.0500	51.4000
259	1423	22.6000	80.8250
260	1426	1.2250	70.4750
260	1433	17.8500	45.4250
261	1431	56.5750	67.0000
262	1429	25.9250	39.9750
263	1430	16.8500	50.5500
264	1423	21.8000	80.6250
265	1426	1.2250	69.8500
265	1433	17.9500	45.0250
266	1431	57.2000	66.8000
267	1429	24.8750	39.7750
268	1430	16.7500	49.9500
269	1423	21.0250	80.4250
270	1433	18.0500	44.3750
271	1431	57.8500	66.3750
272	1429	23.9750	39.3500
273	1430	16.6500	49.1000
274	1423	20.2250	80.2000
275	1433	18.2500	43.9750
276	1431	58.4500	66.1750
277	1429	23.1000	39.1500
278	1430	16.3750	48.2500
279	1423	19.3250	79.7750
280	1433	18.3500	43.3250
281	1431	59.1000	65.7500
282	1429	22.1500	38.5250
283	1430	16.1750	47.4250
284	1423	18.5500	79.5750
285	1433	18.4500	42.9250
286	1431	59.7000	65.4500
287	1429	21.0750	37.9000
288	1430	15.8750	46.5750
289	1423	17.8500	79.5750
290	1433	18.5500	42.5000
291	1431	60.2750	64.8000
292	1429	19.8750	37.0500
293	1430	15.6750	45.7500
294	1423	17.0500	79.3750
295	1433	18.6500	41.8750
296	1431	60.8750	64.1750
297	1429	18.6250	36.6250
298	1430	15.3750	44.9000
299	1423	16.2750	79.1500
300	1433	18.7500	41.4500
301	1431	61.4750	63.5500
302	1429	17.3000	36.0000
303	1430	15.0750	44.0750
304	1423	15.5750	78.9500
305	1433	18.8500	40.8250
306	1431	62.0750	62.8250
307	1429	16.1750	35.3750
308	1425	12.6000	50.1250
309	1430	14.8750	43.2250
310	1423	14.7250	78.7500
311	1433	18.9500	40.2000
312	1431	62.5500	62.3000
313	1429	15.1250	34.7500
314	1425	12.3000	50.1250
315	1430	14.5750	42.7000
316	1423	13.9250	78.5250
317	1433	19.0500	39.6750
318	1431	63.0500	61.6750
319	1429	14.0750	34.1250
320	1425	12.0000	50.3750
321	1430	14.3250	42.0000
322	1423	13.1500	78.2250
323	1433	19.1250	39.1500
324	1431	63.5500	61.1250
325	1429	13.0500	33.6000
326	1425	11.7000	50.4750
327	1430	13.9750	41.4500
328	1423	12.3500	78.0000
328	1424	22.9500	88.3750
328	1432	21.5000	89.1000
329	1433	19.2250	38.6250
330	1431	64.0500	60.5250
331	1429	12.1500	32.9750
332	1425	11.4250	50.6750
333	1430	13.7500	40.8250
334	1423	11.5750	77.6750
334	1424	22.6500	87.5500
334	1432	21.2250	88.5000
335	1433	19.3250	38.1000
336	1431	64.5500	59.9750
337	1429	11.3750	32.5500
338	1425	11.2250	50.8750
339	1430	13.4000	40.3000
340	1423	10.8250	77.4750
340	1424	22.4500	86.9000
340	1432	20.9250	87.8500
341	1433	19.4250	37.6750
342	1431	65.0250	59.3750
343	1429	10.5750	31.9250
344	1425	11.2250	50.6750
345	1430	12.8000	39.4500
346	1423	10.0250	77.1750
346	1424	22.1500	86.3000
346	1432	20.6250	87.2000
347	1433	19.4750	37.1750
348	1431	65.4750	58.6250
349	1429	9.9750	31.7250
350	1425	11.2250	50.6750
351	1430	12.1500	38.8250
352	1423	9.2250	76.9750
352	1424	21.9500	85.4500
352	1432	20.3750	86.8000
353	1433	19.5750	36.6250
354	1431	65.9750	58.1000
355	1429	9.4750	31.5000
356	1425	11.2250	50.6750
357	1430	11.5250	38.0000
358	1423	8.6250	76.5250
358	1424	21.7500	84.8000
358	1432	20.0750	86.2000
359	1433	19.6750	36.1250
360	1431	66.5250	57.6750
361	1429	8.8750	31.2750
362	1425	11.2250	50.6750
363	1430	10.8750	37.3750
364	1423	8.0500	76.1250
364	1424	21.4500	84.2000
364	1432	19.7750	85.5500
365	1433	19.7750	35.5750
366	1431	67.2250	57.4750
367	1429	8.7750	31.2750
368	1425	11.2250	50.6750
369	1430	10.3750	36.7500
370	1423	7.4500	75.7000
370	1424	20.8750	83.7500
370	1432	19.3750	85.3500
371	1433	19.8750	35.0750
372	1431	68.1000	57.4750
373	1425	11.3250	50.6750
374	1430	9.9750	36.1000
375	1423	6.8750	75.2750
375	1424	20.3750	83.3500
375	1432	18.9000	84.9000
376	1433	19.9750	34.6500
377	1431	69.0500	57.2750
378	1425	11.3250	50.6750
379	1430	9.6750	35.4750
380	1423	6.1750	75.0750
380	1424	19.8750	82.9250
380	1432	18.5000	84.5000
381	1433	20.0750	34.0250
382	1431	69.8000	56.6500
383	1425	11.3250	50.6750
384	1430	9.2750	34.8500
385	1423	5.5750	74.8750
385	1424	19.2750	82.5000
385	1432	18.1000	84.1000
386	1433	20.1750	33.6000
387	1425	11.3250	50.6750
388	1430	8.9750	34.4500
389	1423	3.7750	74.4250
389	1424	18.8000	82.1000
389	1432	17.6000	83.8500
390	1433	20.2250	32.9750
391	1425	11.3250	50.6750
392	1430	8.6750	33.8000
393	1423	3.0000	74.2250
393	1424	18.3000	81.6750
393	1432	17.2000	83.4500
394	1433	20.3250	32.5500
395	1425	11.3250	50.4750
396	1430	8.6000	33.4000
397	1423	2.5500	73.6250
397	1424	17.9000	81.2500
397	1432	16.7000	83.2500
398	1433	20.4250	31.9250
399	1425	11.4250	50.4750
400	1430	8.4000	32.7500
401	1423	1.8750	72.9750
401	1424	17.4000	80.8500
401	1432	16.2250	82.8000
402	1433	20.4250	31.2750
403	1425	11.4250	50.4750
404	1430	8.3000	32.5500
405	1424	17.0000	80.4000
405	1432	15.7250	82.6000
406	1433	20.5250	30.6750
407	1425	11.4250	50.4750
408	1430	8.1000	32.3500
409	1424	16.6000	79.9000
409	1432	15.2250	82.4000
410	1433	20.6250	30.0250
411	1425	11.4250	50.4750
412	1430	7.6000	32.3500
413	1424	16.1250	79.4500
413	1432	14.7250	82.0000
414	1433	20.6250	29.4250
415	1425	11.4250	50.4750
416	1424	15.7250	79.0500
416	1432	14.2250	81.8000
417	1433	20.7250	28.7750
418	1425	11.4250	50.4750
419	1424	15.2250	78.6500
419	1432	13.8500	81.3500
420	1433	20.8250	28.3750
421	1425	11.5250	50.4750
422	1424	14.8250	78.2000
422	1432	13.4500	80.9500
423	1433	20.8250	27.7250
424	1425	11.5250	50.4750
425	1424	14.3250	77.8000
425	1432	13.0500	80.5000
426	1433	20.9250	27.1000
427	1425	11.5250	50.4750
428	1424	13.9500	77.4000
428	1432	12.5500	79.9000
429	1433	21.0250	26.4750
430	1425	11.5250	50.2500
431	1424	13.4500	76.9500
431	1432	12.1500	79.4500
432	1433	21.0250	25.8500
433	1425	11.5250	50.2500
434	1424	12.9500	76.5500
434	1432	11.7500	79.0500
435	1433	21.1250	25.2250
436	1425	11.5250	50.2500
437	1424	12.4500	76.1000
437	1432	11.2500	78.8500
438	1433	21.2250	24.5750
439	1425	11.6000	50.2500
440	1424	11.8500	75.7000
440	1432	10.6750	78.4250
441	1433	21.2250	23.9750
442	1425	11.6000	50.2500
443	1424	11.3500	75.5000
443	1432	10.1750	78.2000
444	1433	21.3250	23.5250
445	1425	11.6000	50.2500
446	1424	10.7750	75.0500
446	1432	9.5750	78.0000
447	1433	21.3250	22.9250
448	1425	11.6000	50.2500
449	1424	10.2750	74.6500
449	1432	9.0750	77.8000
450	1433	21.3250	22.2750
451	1425	11.6000	50.2500
452	1424	9.7750	74.4500
452	1432	8.6000	77.6000
453	1433	21.4250	21.6500
454	1425	11.6000	50.2500
455	1424	9.1750	74.0500
455	1432	8.0000	76.9500
456	1433	21.4250	21.2250
457	1425	11.7000	50.2500
458	1424	8.7000	73.8000
458	1432	7.4000	76.5500
459	1433	21.4250	20.6250
460	1425	11.8000	49.8250
461	1424	8.2000	73.4000
461	1432	6.8000	75.9000
462	1433	21.5250	19.9750
463	1425	12.0000	49.4250
464	1424	7.6000	73.2000
464	1432	6.3000	75.7000
465	1433	21.5250	19.3500
466	1425	12.2000	48.9750
467	1424	7.0000	72.7500
467	1432	5.8250	75.5000
468	1433	21.5250	18.9250
469	1425	12.4000	48.5750
470	1424	6.4000	72.5500
470	1432	5.2250	75.0500
471	1433	21.6250	18.3000
472	1425	12.6000	48.3750
473	1424	5.8250	72.1500
473	1432	4.7250	74.8500
474	1433	21.6250	17.6750
475	1425	12.7500	47.9250
476	1424	5.2250	71.9500
476	1432	4.2250	74.6500
477	1433	21.7250	17.2750
478	1425	12.9000	47.3250
479	1424	4.5750	72.6500
479	1432	3.7500	74.4500
480	1433	21.6750	16.6250
481	1425	13.0000	46.3750
482	1424	4.0500	72.6500
482	1432	3.3500	74.2500
483	1433	21.6750	16.1000
484	1425	13.1000	45.4250
485	1424	3.4500	72.5500
486	1433	21.6750	15.5750
487	1425	13.1500	44.4750
488	1424	2.8500	72.3500
489	1433	21.6750	14.9500
490	1425	13.2000	43.5500
491	1424	2.2500	72.2500
492	1433	21.6250	14.4250
493	1425	13.3000	42.6000
494	1424	1.6500	72.2500
495	1433	21.6750	13.9000
496	1425	13.3500	41.5500
497	1424	1.2000	71.8250
498	1433	21.6750	13.4000
499	1423	0.9000	72.2500
500	1425	13.4500	40.6000
501	1424	0.8000	71.4000
502	1433	21.6750	12.7500
503	1425	13.0000	39.7750
504	1433	21.6250	12.2250
505	1425	12.4000	38.9500
506	1433	21.6250	11.7000
507	1425	11.8000	38.1000
508	1433	21.6250	11.0750
509	1425	11.3000	37.2500
510	1433	21.6500	10.5500
511	1425	10.7250	36.4250
512	1433	21.6000	10.0250
513	1425	10.2250	35.8000
514	1433	21.6000	9.5250
515	1425	9.7250	35.1500
516	1433	21.6000	8.8750
517	1425	9.3500	34.5500
518	1433	21.6000	8.3500
519	1425	8.8500	33.9000
520	1433	21.8000	7.6250
521	1425	8.4500	33.3000
522	1433	21.8000	6.7750
523	1425	8.0500	32.6500
524	1433	21.8000	5.5250
525	1425	7.5500	32.0250
526	1433	21.6000	5.3250
527	1433	22.1000	5.1000
528	1433	21.9000	4.6750
529	1433	21.9000	4.6750
530	1433	21.9000	3.9750
531	1433	22.0500	2.9000
532	1433	21.9500	2.4750
533	1433	21.9500	1.9750
534	1433	22.0500	1.3500
535	1433	22.0500	1.3500
536	1433	22.0500	1.4500
