0	1404	46.9750	77.3000
0	1405	48.1250	79.4500
0	1407	56.4500	35.2750
0	1408	32.4000	30.7500
0	1409	26.4000	39.4000
0	1410	47.7250	10.3000
0	1418	41.9000	35.0750
1	1404	46.9000	77.9000
1	1405	48.1250	78.8500
1	1407	57.0500	34.8500
1	1408	32.2000	31.2500
1	1409	26.3000	40.0250
1	1410	48.1250	10.0750
1	1418	42.6000	35.0750
2	1404	46.9000	78.7500
2	1405	48.1250	78.4250
2	1407	57.7500	34.6500
2	1408	32.0000	31.7500
2	1409	26.3000	40.6500
2	1410	48.5250	10.0750
2	1418	43.3000	35.0750
3	1404	46.9000	79.5500
3	1405	48.1250	78.0000
3	1407	58.4500	34.4500
3	1408	31.8000	32.4000
3	1409	26.3000	41.2500
3	1410	48.9250	10.0750
3	1418	44.0000	35.0750
4	1404	46.9000	80.4000
4	1405	48.1250	77.6000
4	1407	59.1250	34.2500
4	1408	31.6000	32.9000
4	1409	26.3000	41.9000
4	1410	49.3000	10.0750
4	1418	44.8000	35.0750
5	1404	46.9000	81.0000
5	1405	48.1250	77.0000
5	1407	59.8250	34.0500
5	1408	31.4500	33.5250
5	1409	26.2000	42.5000
5	1410	49.9000	10.0750
5	1418	45.6000	35.0750
6	1404	46.9000	81.8500
6	1405	48.1250	76.5750
6	1407	60.5250	33.6250
6	1408	31.2500	34.0500
6	1409	26.2000	43.1250
6	1410	50.5000	10.0750
6	1418	46.3000	35.2750
7	1404	46.9000	82.2500
7	1405	48.1250	75.7500
7	1407	61.2000	33.4250
7	1408	31.0500	34.6500
7	1409	26.2000	43.7500
7	1410	51.2000	10.3000
7	1418	46.9000	35.2750
8	1404	46.9750	82.6500
8	1405	48.0250	75.1250
8	1407	61.8000	33.2000
8	1408	30.7500	35.2750
8	1409	26.2000	44.3500
8	1410	51.8000	10.3000
8	1418	47.4750	35.2750
9	1406	48.2250	96.4000
10	1404	46.9750	83.0750
10	1405	48.0250	74.3000
10	1407	62.5000	32.8000
10	1408	30.5500	36.1000
10	1409	26.2000	44.9750
10	1410	52.5000	10.5250
10	1418	48.0750	35.2750
11	1406	48.1250	95.5500
12	1404	47.0750	83.9000
12	1405	48.0250	73.6750
12	1407	63.1000	32.1750
12	1408	30.3500	36.9250
12	1409	26.0000	45.6000
12	1410	53.1500	10.5250
12	1418	48.6500	35.5000
13	1406	48.0250	94.7500
14	1404	47.1750	84.5000
14	1405	48.1250	73.0500
14	1407	63.5000	32.1750
14	1408	30.0500	37.5500
14	1409	25.8000	46.0000
14	1410	53.7500	10.5250
14	1418	49.0500	35.7000
15	1406	48.0250	93.9000
16	1404	47.2750	85.3500
16	1405	48.1250	73.0500
16	1407	64.0000	32.1750
16	1408	29.8500	38.3750
16	1409	25.6000	46.6500
16	1410	54.4500	10.5250
16	1418	49.5000	36.0000
17	1406	47.9250	93.1000
18	1404	47.2750	86.1750
18	1405	48.1250	73.0500
18	1407	64.4000	32.1750
18	1408	29.5500	39.0000
18	1409	25.3000	47.2500
18	1410	55.1500	10.5250
18	1418	49.9000	36.3000
19	1406	47.9250	92.4750
20	1404	47.2750	87.2000
20	1405	48.1250	73.0500
20	1407	65.3000	31.9750
20	1408	29.2500	39.6000
20	1409	25.1000	47.8750
20	1410	55.8500	10.5250
20	1418	50.4000	36.5250
21	1406	48.0250	91.8500
22	1404	47.1750	88.0250
22	1405	48.1250	73.0500
22	1407	65.2000	31.7750
22	1408	28.9500	40.0250
22	1409	24.9250	48.3000
22	1410	56.5500	10.5250
22	1418	50.9000	36.7250
23	1406	48.1250	91.2250
24	1404	47.1750	88.8500
24	1405	48.1250	73.0500
24	1407	65.2000	31.7750
24	1408	28.6500	40.6500
24	1409	24.8250	49.1000
24	1410	57.1500	10.3000
24	1418	51.4000	36.9250
25	1406	48.3250	90.6000
26	1404	47.1750	89.7000
26	1405	48.1250	73.0500
26	1407	65.2000	31.7750
26	1408	28.3500	41.2500
26	1409	24.8250	50.5500
26	1410	57.7500	10.0750
26	1418	52.0000	37.1250
27	1406	48.4250	90.2000
28	1404	47.0750	90.5000
28	1405	48.1250	73.0500
28	1407	65.2000	31.5500
28	1408	28.0500	41.9000
28	1409	24.8250	51.1750
28	1410	58.1500	10.0750
28	1418	52.5000	37.3500
29	1406	48.5250	89.5750
30	1404	47.0750	91.1250
30	1405	48.1250	73.0500
30	1407	65.2000	31.5500
30	1408	27.8500	42.5000
30	1409	24.8250	51.8000
30	1410	58.5500	10.0750
30	1418	53.1000	37.3500
31	1406	48.6250	88.9500
32	1404	47.0750	91.9500
32	1405	48.1250	73.0500
32	1407	65.2000	31.5500
32	1408	27.5500	43.3250
32	1409	24.8250	52.4000
32	1410	59.7250	10.0750
32	1418	53.7000	37.5500
33	1406	48.6250	87.7250
34	1404	46.9750	92.5750
34	1405	48.1250	73.0500
34	1407	65.2000	31.5500
34	1408	27.2500	44.1500
34	1409	24.9250	53.0500
34	1410	59.8250	10.5250
34	1418	54.2000	37.5500
35	1406	48.6250	86.4750
36	1398	45.4500	1.4250
37	1404	46.9750	93.2000
37	1405	48.1250	73.0500
37	1407	65.2000	31.5500
37	1408	26.9500	44.7750
37	1409	24.9250	53.6500
37	1410	59.8250	10.5250
37	1418	54.8000	37.5500
38	1406	48.6250	85.2500
39	1398	45.4500	1.8500
40	1404	46.9750	93.8000
40	1405	48.1250	73.0500
40	1407	65.2000	31.5500
40	1408	26.6500	45.6000
40	1409	24.9250	54.2750
40	1410	59.9250	10.5250
40	1418	55.4000	37.7500
41	1406	48.5250	84.2000
42	1398	45.4500	2.2500
43	1404	47.0750	94.4250
43	1405	48.1250	73.0500
43	1407	65.2000	31.5500
43	1408	26.3500	46.4250
43	1409	24.9250	54.9000
43	1410	60.0250	10.5250
43	1418	56.0000	37.7500
44	1406	48.3250	83.4000
45	1398	45.5500	2.6500
46	1404	47.2750	95.2500
46	1405	48.1250	73.0500
46	1407	65.1000	31.5500
46	1408	26.3500	47.0500
46	1409	25.0250	55.7250
46	1410	60.1250	10.5250
46	1418	56.6000	37.7500
47	1406	48.3250	82.5500
48	1398	45.5500	3.1750
49	1404	47.1750	95.6500
49	1405	48.1250	73.0500
49	1407	65.0000	31.5500
49	1408	26.3500	47.6750
49	1409	25.2000	56.3500
49	1410	60.1250	10.5250
49	1418	57.2000	37.7500
50	1406	48.3250	81.9500
51	1398	45.6500	3.6000
52	1404	47.0750	96.1000
52	1405	48.1250	73.0500
52	1407	64.9000	31.3500
52	1408	26.3500	48.5000
52	1409	25.4000	57.1500
52	1410	60.2250	10.5250
52	1418	57.8000	37.9750
53	1406	48.3250	81.3250
54	1398	45.6500	4.0000
55	1405	48.1250	73.0500
55	1407	64.8000	31.2500
55	1408	26.3500	49.1000
55	1409	25.6000	57.8000
55	1410	60.3250	10.5250
55	1418	58.4000	38.1750
56	1406	48.3250	80.7000
57	1398	45.6500	4.4000
58	1405	48.1250	73.0500
58	1407	64.8000	31.1500
58	1408	26.3500	49.7250
58	1409	25.8000	58.6000
58	1410	60.4250	10.5250
58	1418	58.9000	38.3750
59	1406	48.2250	80.0750
60	1398	45.7500	5.0500
61	1405	48.1250	73.0500
61	1407	64.8000	31.1500
61	1408	26.4500	50.3500
61	1409	26.1000	59.4500
61	1410	60.4250	10.5250
61	1418	59.4750	38.5750
62	1406	48.2250	79.2500
63	1398	45.7500	5.4500
64	1405	48.1250	72.8500
64	1407	64.9000	31.1500
64	1408	26.5500	51.1750
64	1409	26.2000	60.0500
64	1410	60.5250	10.5250
64	1418	59.9750	38.7750
65	1406	48.2250	78.4250
66	1398	45.7500	5.8500
67	1405	48.1250	72.6500
67	1407	64.9000	31.1500
67	1408	26.5500	51.8000
67	1409	26.2000	60.8750
67	1410	60.6250	10.3000
67	1418	60.5500	39.0000
68	1406	48.2250	77.6000
69	1398	45.7500	6.2500
70	1405	48.1250	72.6500
70	1407	64.7000	31.3500
70	1408	26.6500	52.4000
70	1409	26.2000	61.5000
70	1410	60.8250	10.3000
70	1418	61.0500	39.2000
71	1406	48.2250	76.7750
72	1398	45.7500	6.7000
73	1405	48.1250	72.4500
73	1407	64.5000	31.7750
73	1408	26.7500	53.2500
73	1409	26.2000	62.3250
73	1410	60.0750	10.0750
73	1418	61.6500	39.4000
74	1406	48.1250	76.3500
75	1398	45.7500	7.1000
76	1405	48.1250	72.4500
76	1407	64.8000	31.9750
76	1408	26.7500	54.0750
76	1409	26.2000	62.9500
76	1410	59.0250	10.0750
76	1418	62.1500	39.6250
77	1406	48.0250	75.9500
78	1398	45.7500	7.3000
79	1405	48.1750	72.2500
79	1407	65.1000	32.1750
79	1408	26.8500	54.7000
79	1409	26.3000	63.3500
79	1410	58.0000	10.0750
79	1418	62.7500	39.8250
80	1406	47.9250	74.7000
81	1398	45.7500	7.3000
82	1405	48.1750	72.0250
82	1407	65.1000	31.9750
82	1408	26.9500	55.7250
82	1409	26.4000	63.9750
82	1410	56.9500	10.0750
82	1418	63.3500	39.8250
83	1406	47.9250	73.9000
84	1398	45.7500	7.3000
85	1405	48.1750	72.0250
85	1407	65.1000	31.9750
85	1408	26.9500	56.5500
85	1409	26.5000	64.4000
85	1410	55.9000	10.0750
85	1418	63.9500	40.0250
86	1406	47.9250	73.9000
87	1398	45.7500	7.3000
88	1405	48.1750	71.8250
88	1407	65.3000	32.4000
88	1408	26.9500	56.9500
88	1409	26.6000	65.0000
88	1410	54.8500	10.0750
88	1418	64.6500	40.2250
89	1406	48.0250	73.4750
90	1398	45.7500	8.5500
91	1405	48.1750	71.8250
91	1407	65.1000	32.0750
91	1408	27.0500	57.3750
91	1410	53.8000	10.0750
91	1418	65.1500	40.2250
92	1406	48.6250	72.5500
93	1398	45.7500	11.0000
94	1405	48.2750	72.2500
94	1407	64.8000	31.9750
94	1408	27.0500	57.5750
94	1410	52.7500	10.0750
94	1418	65.7500	40.6500
95	1391	36.4250	65.4250
95	1402	70.2500	36.4000
95	1419	36.7750	73.1750
95	1421	69.5500	37.1250
95	1422	70.8000	36.4000
96	1398	45.8500	11.8500
97	1405	48.2750	72.4500
97	1407	64.8500	32.0750
97	1408	27.0500	58.0000
97	1410	51.7000	10.0750
97	1418	66.3000	40.8500
98	1391	36.5250	65.2250
98	1402	70.2500	36.4000
98	1419	36.7750	73.1750
98	1421	69.4500	37.1250
98	1422	70.8000	36.4000
99	1398	45.8500	12.3500
100	1405	48.3750	72.4500
100	1407	65.0000	31.7750
100	1408	27.4500	58.8000
100	1410	50.7000	10.0750
100	1418	66.9000	41.5750
101	1391	36.7250	65.2250
101	1402	70.2500	36.4000
101	1419	36.7750	73.3750
101	1421	69.4500	37.1250
101	1422	70.8000	36.4000
102	1398	45.8500	13.1000
103	1405	48.3750	72.4500
103	1407	65.1500	31.4500
103	1408	28.1500	60.4750
103	1410	49.6000	10.0750
103	1418	67.4500	42.4000
104	1391	36.8250	65.2250
104	1402	70.2500	36.4000
104	1419	36.7750	73.5750
104	1421	69.4500	37.1250
104	1422	70.8000	36.4000
105	1398	45.9000	13.7000
106	1418	68.1000	42.8250
107	1391	37.0250	65.2250
107	1402	70.2500	36.4000
107	1419	36.7750	73.5750
107	1421	69.4500	37.1250
107	1422	70.8000	36.4000
108	1398	45.9500	14.3250
109	1418	68.7000	43.0250
110	1391	37.1250	65.2250
110	1402	70.2500	36.4000
110	1416	31.0500	68.5250
110	1419	36.7750	73.7750
110	1421	69.4500	37.2500
110	1422	70.8000	36.4000
111	1398	45.9500	14.9500
112	1418	69.4000	43.0250
113	1391	37.3000	65.2250
113	1402	70.2500	36.4000
113	1416	31.1500	69.5500
113	1419	36.7750	73.9750
113	1421	69.4500	37.3500
113	1422	70.8000	36.4000
114	1398	46.0000	15.5500
115	1418	69.9500	43.0250
116	1391	37.4000	65.2250
116	1402	70.2500	36.4000
116	1416	31.3500	70.6750
116	1419	36.7750	73.9750
116	1421	69.4500	37.3500
116	1422	70.8000	36.4000
117	1398	46.0000	16.1750
118	1418	70.1000	43.0250
119	1391	37.6000	65.2250
119	1402	70.2500	36.4000
119	1416	31.6500	71.5250
119	1419	36.7750	73.9750
119	1421	69.4500	37.3500
119	1422	70.8000	36.4000
120	1398	46.0500	16.8000
121	1418	70.1000	43.0250
122	1391	37.7000	65.2250
122	1402	70.2500	36.4000
122	1416	32.0500	71.9250
122	1419	36.6250	73.8750
122	1421	69.4500	37.4500
122	1422	70.8000	36.4000
123	1398	46.1000	17.5250
124	1391	37.9000	65.2250
124	1402	70.2500	36.4000
124	1416	32.4500	72.3500
124	1419	36.7250	74.1000
124	1421	69.4500	37.4500
124	1422	70.8000	36.4000
125	1398	46.1000	18.0250
126	1391	38.0000	65.2250
126	1402	70.2500	36.4000
126	1416	32.6500	72.9500
126	1419	36.8250	74.7250
126	1421	69.4500	37.5500
126	1422	70.8000	36.4000
127	1398	46.1000	18.7750
128	1417	31.2000	68.2250
129	1391	38.2000	65.2250
129	1402	70.2500	36.4000
129	1416	32.9500	73.5750
129	1419	37.0000	75.1250
129	1421	69.4500	37.5500
129	1422	70.8000	36.4000
130	1398	46.2000	19.3750
131	1420	58.1000	53.3500
132	1417	31.4000	68.9250
133	1391	38.3000	65.2250
133	1402	70.2500	36.4000
133	1416	33.1500	74.0000
133	1419	37.2000	75.5250
133	1421	69.4500	37.6500
133	1422	70.8000	36.4000
134	1398	46.2000	19.7750
135	1420	58.3000	52.5250
136	1417	31.6000	69.8750
137	1391	38.5000	65.2250
137	1402	70.2500	36.4000
137	1416	33.1500	74.4000
137	1419	37.3000	75.9500
137	1421	69.4500	37.6500
137	1422	70.8000	36.4000
138	1398	46.2000	20.3250
139	1420	58.6000	51.8000
140	1417	31.6000	71.1000
141	1391	38.6000	65.2250
141	1402	70.2500	36.4000
141	1416	33.1500	74.8250
141	1419	37.6000	76.5750
141	1421	69.4500	37.6500
141	1422	70.8000	36.4000
142	1398	46.2000	20.8250
143	1420	58.8750	51.0750
144	1417	31.9000	71.7250
145	1391	38.7000	65.2250
145	1402	70.2500	36.4000
145	1416	33.1500	75.4250
145	1419	37.9000	77.0750
145	1421	69.4500	37.7500
145	1422	70.8000	36.4000
146	1398	46.2000	21.3250
147	1420	59.1750	50.3500
148	1417	32.5000	71.9250
149	1391	38.6000	65.4250
149	1402	70.2500	36.4000
149	1416	33.1500	77.0750
149	1419	38.2000	77.7250
149	1421	69.4500	37.7500
149	1422	70.8000	36.4000
150	1398	46.2000	21.8750
151	1420	59.4750	49.6250
152	1417	33.1000	72.1250
153	1391	38.5000	65.6250
153	1402	70.2500	36.4000
153	1416	33.1500	77.9250
153	1419	38.5000	78.3250
153	1421	69.4500	37.8500
153	1422	70.8000	36.4000
154	1398	46.2000	22.3750
155	1420	59.7750	48.9000
156	1417	33.1000	73.3750
157	1391	38.4000	65.8250
157	1402	70.2500	36.4000
157	1416	33.1500	78.3250
157	1419	38.6500	79.0500
157	1421	69.4500	37.8500
157	1422	70.8000	36.4000
158	1398	46.2000	22.7750
159	1420	60.0750	48.0750
160	1417	33.1500	74.8250
161	1391	38.3000	66.0250
161	1402	70.2500	36.4000
161	1416	33.1500	78.9500
161	1419	38.8500	80.0750
161	1421	69.4500	37.8500
161	1422	70.8000	36.4000
162	1398	46.2000	23.4250
163	1420	60.3750	47.4750
164	1417	33.4500	75.6250
165	1391	38.2000	66.2500
165	1402	70.2500	36.4000
165	1416	33.0500	79.3500
165	1419	38.9500	80.9250
165	1421	69.4500	37.9750
165	1422	70.8000	36.4000
166	1398	46.3000	24.0250
167	1420	60.6750	46.6250
168	1417	33.7500	76.4750
169	1391	38.1000	66.4750
169	1402	70.2500	36.4000
169	1416	33.0500	79.7750
169	1419	39.0500	81.9250
169	1421	69.4500	38.0750
169	1422	70.8000	36.4000
170	1398	46.4000	24.6500
171	1420	60.9500	46.0250
172	1417	33.7500	76.4750
173	1391	38.0000	66.6750
173	1402	70.2500	36.4000
173	1416	33.0500	80.1750
173	1419	39.1500	82.7750
173	1421	69.4500	38.0750
173	1422	70.8000	36.4000
174	1398	46.5000	25.0750
175	1420	61.2500	45.1750
176	1417	33.7500	76.4750
177	1391	37.9000	66.8750
177	1402	70.2500	36.4000
177	1416	33.0500	80.6000
177	1419	39.2500	83.5750
177	1421	69.4500	38.0750
177	1422	70.8000	36.4000
178	1398	46.6000	25.6750
179	1420	61.6000	44.3750
180	1417	33.8500	76.6750
181	1391	37.8000	67.0750
181	1402	70.2500	36.4000
181	1416	33.0500	81.2250
181	1419	39.4500	84.6250
181	1421	69.4500	38.0750
181	1422	70.8000	36.4000
182	1398	46.6000	26.3000
183	1420	61.9500	43.6250
184	1417	33.9500	76.7750
185	1391	37.7000	67.2750
185	1402	70.2500	36.4000
185	1416	33.1500	81.6250
185	1419	39.4500	85.4500
185	1421	69.4500	38.2750
185	1422	70.8000	36.4000
186	1398	46.6750	26.9250
187	1420	62.3000	42.8250
188	1417	33.9500	76.7750
189	1391	37.6000	67.4750
189	1402	70.2500	36.4000
189	1416	33.1500	82.6500
189	1419	39.1500	86.2750
189	1421	69.4500	38.6750
189	1422	70.8000	36.4000
190	1398	46.7750	27.3250
191	1420	62.7000	42.2000
192	1389	58.4250	52.8250
193	1417	33.9500	76.7750
194	1391	37.5000	67.6750
194	1402	70.2500	36.4000
194	1416	33.1500	83.4750
194	1419	38.9500	87.1000
194	1421	69.5500	39.1000
194	1422	70.8000	36.4000
195	1398	46.8750	27.9500
196	1420	63.1000	40.9750
197	1389	58.6750	52.2000
198	1417	33.9500	76.7750
199	1391	37.2250	68.1250
199	1396	70.4500	42.7000
199	1402	70.2500	36.4000
199	1416	33.1500	84.1000
199	1419	38.6500	87.9250
199	1421	69.6500	39.5000
199	1422	70.8000	36.4000
200	1398	47.0750	28.5750
201	1420	63.6000	39.9250
202	1389	58.9750	51.8000
203	1417	33.9500	76.7750
204	1391	36.7250	68.6250
204	1396	70.3500	42.2000
204	1402	70.2500	36.4000
204	1416	33.1500	84.9250
204	1419	38.3500	88.7500
204	1421	69.7500	39.9250
204	1422	70.8000	36.4000
205	1398	47.1750	28.9750
206	1420	64.1000	38.8750
207	1389	59.2750	51.2750
208	1417	34.6750	79.2500
209	1391	36.3250	69.0250
209	1396	69.7500	42.4000
209	1402	70.2500	36.4000
209	1416	33.2500	85.7500
209	1419	38.1500	89.5750
209	1421	69.7500	40.3500
209	1422	70.8000	36.4000
210	1398	47.2750	29.6000
211	1420	64.6000	37.8750
212	1389	59.5750	50.7500
213	1417	35.7750	83.3750
214	1391	35.9250	69.4500
214	1396	69.1500	42.4000
214	1402	70.2500	36.4000
214	1416	33.2500	86.3750
214	1419	37.8500	90.4250
214	1421	69.8500	40.7500
214	1422	70.8000	36.4000
215	1398	47.3750	30.2250
216	1420	65.1000	37.0250
217	1389	59.8750	50.3500
218	1417	35.7750	83.3750
219	1391	35.6250	70.0750
219	1396	68.5500	42.6000
219	1402	70.2500	36.4000
219	1416	33.2500	86.8000
219	1419	37.6500	91.4250
219	1421	70.0000	41.3750
219	1422	70.8000	36.4000
220	1398	47.5750	30.6250
221	1395	46.8750	96.2750
222	1420	65.1000	35.3750
223	1389	60.1250	49.8250
224	1417	35.7750	83.3750
225	1391	35.5250	70.6750
225	1396	68.0500	42.4000
225	1402	70.2500	36.4000
225	1416	33.2500	86.8000
225	1419	37.5500	92.2750
225	1421	70.2000	42.2000
225	1422	70.8000	36.4000
226	1398	47.6750	31.2500
227	1395	46.8750	96.0750
228	1420	65.7000	34.9750
229	1389	60.4250	49.4250
230	1417	35.5750	84.2000
231	1391	35.4250	71.5250
231	1396	67.6000	42.0000
231	1402	70.2500	36.4000
231	1416	33.1500	87.6250
231	1419	37.5500	93.2750
231	1421	70.5000	42.8250
231	1422	70.8000	36.4000
232	1398	47.7750	31.8750
233	1395	46.9750	95.8750
234	1420	66.2000	34.9750
235	1389	60.7250	48.8000
236	1417	35.5750	86.6750
237	1403	63.6500	32.8000
238	1391	35.2250	72.1250
238	1396	67.0500	41.8000
238	1402	70.2500	36.4000
238	1416	33.1500	88.2250
238	1419	37.1500	94.1250
238	1421	70.6000	43.2250
238	1422	70.8000	36.4000
239	1398	47.9750	32.2750
240	1395	47.0750	95.6750
241	1420	66.4000	34.7750
242	1389	61.1250	47.9750
243	1417	35.4750	87.7250
244	1403	63.0500	33.1250
245	1391	35.1250	72.7500
245	1396	66.3500	42.0000
245	1402	70.2500	36.4000
245	1416	33.3500	88.6500
245	1421	70.7500	43.8500
245	1422	70.8000	36.4000
246	1398	48.0750	32.9000
247	1395	47.1750	95.4750
248	1389	61.5000	47.3500
249	1417	35.4750	88.3250
250	1403	62.5500	33.5250
251	1391	35.0250	73.3750
251	1396	65.8000	41.5750
251	1402	70.2500	36.4000
251	1416	33.5000	88.9500
251	1421	70.9000	44.2500
251	1422	70.8000	36.4000
252	1398	48.1750	33.5250
253	1394	34.8250	2.1500
253	1395	47.2750	94.8250
254	1389	61.9000	46.5250
255	1417	35.3750	88.7500
256	1403	62.0500	33.9250
257	1391	35.0250	74.2000
257	1396	65.1000	41.3500
257	1402	70.2500	36.4000
257	1416	33.5000	88.9500
257	1421	70.9000	44.6750
257	1422	70.8000	36.4000
258	1398	48.3750	33.9250
259	1394	34.2500	2.1500
259	1395	47.3750	94.2250
260	1389	62.3000	45.7000
261	1417	35.1750	89.3750
262	1403	61.4500	34.3500
263	1391	35.0250	74.8250
263	1396	64.3000	41.1500
263	1402	70.2500	36.4000
263	1422	70.8000	36.4000
264	1398	48.5750	34.5750
265	1394	33.6500	2.1500
265	1395	47.4750	93.4000
266	1389	62.6000	45.0750
267	1417	35.1750	89.5750
268	1403	61.2500	34.5750
269	1391	35.0250	75.4250
269	1396	63.7000	41.3500
269	1402	70.2500	36.4000
269	1422	70.8000	36.4000
270	1398	48.6750	34.9750
271	1394	33.3500	2.1500
271	1395	47.4750	92.7750
272	1389	62.8000	44.4750
273	1390	56.2000	33.7250
273	1392	67.2500	49.6250
273	1393	68.3000	55.5000
274	1417	35.1750	89.5750
275	1403	61.0750	34.4500
276	1391	35.0750	76.1500
276	1396	63.0500	41.5750
276	1402	70.2000	36.4000
276	1422	70.8000	36.4000
277	1398	49.0500	35.9000
278	1394	33.2000	2.4500
278	1395	47.5250	91.7500
279	1389	63.1500	43.7250
280	1390	56.2000	33.7250
280	1392	65.6500	49.6250
280	1393	67.5000	55.3000
281	1417	35.1750	89.5750
282	1403	60.9250	34.5500
283	1391	35.1750	76.6750
283	1396	62.4500	41.3500
283	1402	70.2000	36.4000
283	1422	70.8000	36.4000
284	1398	49.4500	36.6250
285	1394	33.1500	2.8750
285	1395	47.6250	90.5250
286	1389	63.5500	43.0250
287	1390	56.2000	33.7250
287	1392	64.0500	49.6250
287	1393	66.7000	55.3000
288	1417	35.1750	89.5750
289	1403	60.8250	34.5500
290	1391	35.2750	77.2000
290	1396	61.9000	41.2500
290	1402	70.2000	36.4000
290	1422	70.8000	36.4000
291	1398	49.8500	37.0500
292	1394	33.0000	3.1750
292	1395	47.6750	89.2750
293	1389	63.9500	42.3000
294	1390	56.2000	33.7250
294	1392	62.5500	49.8500
294	1393	65.9000	55.3000
295	1403	60.6250	34.6500
296	1391	35.3750	77.6000
296	1396	61.3000	40.9500
296	1402	70.2000	36.4000
297	1398	50.3000	37.6500
298	1394	32.9000	3.6000
298	1395	47.7250	88.0250
299	1389	64.3000	41.4750
300	1390	56.2000	33.7250
300	1392	60.9500	49.8500
300	1393	65.1000	55.3000
301	1403	60.5250	34.7500
302	1391	35.4750	78.1000
302	1396	60.7000	40.7500
302	1402	70.2000	36.4000
303	1398	50.7000	38.1500
304	1394	32.7500	4.0000
304	1395	47.8250	86.8000
305	1389	64.6000	40.6500
306	1390	56.2000	33.7250
306	1392	59.4750	50.0500
306	1393	64.0000	55.3000
307	1403	60.2750	35.0750
308	1391	35.5250	78.9500
308	1396	60.0750	40.7500
308	1402	70.2000	36.4000
309	1398	51.0500	38.6000
310	1394	32.2500	4.0000
310	1395	47.8250	86.3750
311	1389	64.9000	39.6250
312	1390	56.2000	33.7250
312	1392	58.1000	50.4500
312	1393	62.5000	55.3000
313	1403	60.0750	35.5000
314	1391	35.6250	79.7500
314	1396	59.2750	40.7500
314	1402	70.2000	36.4000
315	1398	51.4500	39.0000
316	1394	31.8500	4.0000
316	1395	47.8250	86.1750
317	1389	65.1000	38.8000
318	1390	56.2000	33.7250
318	1392	56.7000	50.8750
318	1393	61.0000	55.3000
319	1403	59.5750	35.7000
320	1391	35.7250	81.0000
320	1396	58.9000	40.7500
320	1402	70.2000	36.4000
321	1398	51.7500	39.4000
322	1394	31.3500	4.0000
322	1395	47.8250	85.7500
323	1389	65.4000	38.1750
324	1390	56.2000	33.7250
324	1392	55.3000	51.2750
324	1393	59.4250	55.3000
325	1403	58.8000	36.1000
326	1391	35.7250	82.6500
326	1396	58.6000	40.5500
326	1402	70.2000	36.4000
327	1398	52.1500	39.8000
328	1394	30.9500	4.2000
328	1395	47.8250	85.1500
329	1389	65.6000	37.7500
330	1390	56.2000	33.7250
330	1392	53.9000	51.7000
330	1393	57.9500	55.3000
331	1403	58.1000	36.5000
332	1391	35.7250	83.5000
332	1396	58.3000	40.5500
332	1402	70.2000	36.4000
333	1398	52.5500	40.2500
334	1394	30.5500	4.2000
334	1395	47.8250	84.5250
335	1389	65.8000	37.1500
336	1390	56.2000	33.7250
336	1392	52.7000	52.3000
336	1393	56.4500	55.3000
337	1403	57.3000	36.9500
338	1391	35.7250	84.5000
338	1396	58.0000	40.3250
338	1402	70.2000	36.4000
339	1398	52.8500	40.8500
340	1394	30.1500	4.2000
340	1395	47.8250	83.9000
341	1389	66.1000	36.7250
342	1390	56.2000	33.7250
342	1392	51.5000	52.7250
342	1393	54.8500	55.3000
343	1403	56.6000	37.1500
344	1391	35.7250	85.5500
344	1396	57.7000	40.1250
344	1402	70.2000	36.4000
345	1398	53.2500	41.2500
346	1394	29.7500	4.2000
346	1395	47.8250	83.2750
347	1389	66.3000	36.1000
348	1390	56.2000	33.7250
348	1392	50.3000	53.1500
348	1393	53.3500	55.3000
349	1403	55.8000	37.5500
350	1391	35.7250	86.4000
350	1396	57.4000	40.1250
350	1402	70.2000	36.4000
351	1398	53.6500	41.7000
352	1394	29.0500	4.0000
352	1395	47.8250	82.8750
353	1389	66.6000	35.7000
354	1390	56.2000	33.7250
354	1392	49.1000	54.6000
354	1393	52.6500	55.9250
355	1403	55.0000	37.9500
356	1391	35.7250	86.8000
356	1396	57.1000	39.9250
356	1402	70.2000	36.4000
357	1398	53.9500	42.1000
358	1394	28.2500	3.8000
358	1395	47.8250	82.2500
359	1389	66.4500	35.2750
360	1390	56.2000	33.7250
360	1392	48.0250	54.6000
360	1393	51.2500	55.9250
361	1403	54.4000	37.7500
362	1391	35.7250	87.2000
362	1396	56.5000	39.7250
362	1402	70.2000	36.4000
363	1398	54.3500	42.5000
364	1394	27.4500	3.8000
364	1395	47.8250	81.6250
365	1389	66.7500	34.2500
366	1390	56.2000	33.7250
366	1392	46.9500	54.8000
366	1393	49.7500	56.1500
367	1403	54.0000	37.3500
368	1391	35.7250	87.6000
368	1396	55.9000	39.5250
368	1402	70.2500	36.5000
369	1398	54.7500	42.7000
370	1394	26.7500	3.8000
370	1395	47.8250	81.0000
371	1389	66.8500	33.9250
372	1390	56.2000	33.7250
372	1392	46.0500	55.6000
372	1393	48.6750	56.7500
373	1403	53.6000	36.9500
374	1391	35.7250	87.8000
374	1396	55.2000	39.3000
374	1402	70.1500	36.5000
375	1398	55.0500	43.1250
376	1394	26.1500	3.8000
376	1395	47.8250	80.6000
377	1389	66.8500	33.5250
378	1390	56.2000	33.7250
378	1392	45.1500	56.4500
378	1393	47.6750	57.8000
379	1403	53.2000	36.5000
380	1391	35.7250	88.2500
380	1396	54.5000	39.1000
380	1402	70.1500	36.5000
381	1398	55.4500	43.5500
382	1394	25.6500	3.8000
382	1395	47.8250	79.9750
383	1389	66.8500	33.2250
384	1390	56.2000	33.7250
384	1392	44.2500	57.4750
384	1393	46.7000	58.6000
385	1403	52.7000	36.1000
386	1391	35.7250	88.6500
386	1396	53.9000	38.9000
386	1402	70.1500	36.5000
387	1398	55.7500	43.9500
388	1394	25.0500	3.8000
388	1395	47.8250	79.5750
389	1389	66.8000	32.8000
390	1390	56.2000	33.7250
390	1392	43.3500	58.3000
390	1393	45.6000	59.4500
391	1403	52.3000	35.5000
392	1391	35.7250	89.0500
392	1396	53.2000	38.6750
392	1402	70.1500	36.5000
393	1398	56.1500	44.1500
394	1394	24.4750	3.8000
394	1395	47.8250	78.9500
395	1389	66.8000	32.8000
396	1390	56.2000	33.7250
396	1392	42.4500	59.3250
396	1393	44.6000	60.2500
397	1403	51.9000	35.0750
398	1391	35.7250	89.4750
398	1396	52.6000	38.4750
398	1402	70.1500	36.5000
399	1398	56.4500	44.5500
400	1394	23.8750	3.8000
400	1395	47.9250	78.1250
401	1389	66.8000	32.6000
402	1390	56.2000	33.7250
402	1392	41.8500	61.0000
402	1393	44.1000	61.3000
403	1403	51.3000	34.6500
404	1391	35.7250	90.3000
404	1396	52.0000	38.4750
404	1402	70.1500	36.5000
405	1398	56.7500	45.0000
406	1394	23.3750	3.8000
406	1395	47.9250	77.1000
407	1389	66.8000	32.6000
408	1390	56.2000	33.7250
408	1392	41.2500	62.8500
408	1393	43.6000	62.1000
409	1403	50.8000	34.4500
410	1391	35.7250	91.1250
410	1396	51.4000	38.2750
410	1402	70.1500	36.5000
411	1398	57.0500	45.4000
412	1394	22.8000	3.8000
412	1395	47.9250	76.0500
413	1389	66.8000	32.4000
414	1390	56.2000	33.7250
414	1392	40.6500	64.7000
414	1393	43.2000	63.9750
415	1403	50.2000	34.0500
416	1391	35.7250	91.9500
416	1396	50.8000	38.0750
416	1402	70.1500	36.5000
417	1398	57.3500	45.8000
418	1394	22.2000	3.8000
418	1395	47.8250	75.0250
419	1389	66.8000	32.4000
420	1390	56.2000	33.7250
420	1392	40.1000	65.9500
420	1393	42.9500	66.0500
421	1403	49.7000	33.6250
422	1396	50.2000	37.8500
422	1402	70.1500	36.5000
423	1398	57.8500	46.0000
424	1394	21.5000	3.8000
424	1395	47.7250	75.0250
425	1389	66.8000	32.1750
426	1390	56.2000	33.7250
426	1392	39.8000	66.3500
426	1393	42.3500	66.4750
427	1403	49.1000	33.2000
428	1396	49.6000	37.8500
428	1402	70.1500	36.5000
429	1398	58.3500	46.2000
430	1394	20.9000	4.0000
430	1395	47.5250	74.8250
431	1389	66.7500	32.1750
432	1390	56.2000	33.7250
432	1392	39.6000	67.8000
432	1393	42.0500	67.6750
433	1403	48.6250	32.8000
434	1396	49.0000	37.6500
434	1402	70.1500	36.5000
435	1398	58.9250	46.4500
436	1394	20.2000	4.2000
436	1395	47.3250	74.6000
437	1389	66.7500	31.9750
438	1390	56.2000	33.7250
438	1392	39.3000	69.2500
438	1393	41.7500	69.1250
439	1403	48.0250	32.4000
440	1396	48.4250	37.4500
440	1402	70.1500	36.5000
441	1398	59.5250	46.8500
442	1394	19.6000	4.4000
442	1395	47.2250	74.4000
443	1389	66.7500	31.7750
444	1390	56.2000	33.7250
444	1392	39.1000	70.9000
444	1393	41.5500	70.5750
445	1403	47.5250	31.9750
446	1396	47.8250	37.2500
446	1402	70.1500	36.5000
447	1398	60.0250	47.0500
448	1394	18.9000	4.6250
448	1395	47.0250	74.2000
449	1389	66.7500	31.7750
450	1390	56.2000	33.7250
450	1392	38.9000	72.5500
450	1393	41.3000	72.0250
451	1403	47.0250	31.7500
452	1396	47.2250	37.2500
452	1402	70.1000	36.5000
453	1398	60.6250	47.2500
454	1394	18.2000	4.8250
454	1395	46.9500	74.0000
455	1389	66.7500	31.5500
456	1390	56.2000	33.7250
456	1392	38.6500	74.0000
456	1393	41.1000	73.4750
457	1403	46.4500	31.3500
458	1396	46.6500	37.0250
458	1402	70.1000	36.5000
459	1398	61.2000	47.4500
460	1394	17.6000	4.8250
460	1395	46.7500	73.7750
461	1389	66.7500	31.5500
462	1390	56.2000	33.7250
462	1392	38.4500	75.6500
462	1393	40.8500	74.9000
463	1403	45.9500	30.9500
464	1396	46.0500	36.8250
464	1402	70.1000	36.5000
465	1398	61.7000	47.6500
466	1394	16.9000	5.0500
466	1395	46.5500	73.5750
467	1389	66.6500	31.3500
468	1390	56.2000	33.7250
468	1392	38.1500	77.1000
468	1393	40.6000	76.6750
469	1403	45.3500	30.5500
470	1396	45.2500	36.6250
470	1402	70.1000	36.5000
471	1398	62.3000	48.1000
472	1394	16.5000	5.1500
472	1395	46.4500	73.5750
473	1389	66.6500	31.3500
474	1390	56.2000	33.7250
474	1392	38.0500	78.7500
474	1393	40.5000	79.8750
475	1403	44.7500	30.5500
476	1396	44.2500	36.2000
476	1402	70.1000	36.5000
477	1398	63.0000	48.7000
478	1394	16.2000	5.1500
478	1395	46.3500	73.3750
479	1389	66.6500	31.1500
480	1390	56.2000	33.7250
480	1392	38.0500	79.9750
480	1393	40.5000	81.3000
481	1403	44.2500	30.5500
482	1396	43.2500	36.0000
482	1402	70.1000	36.5000
483	1398	63.7000	49.1000
484	1394	15.9500	5.1500
484	1395	46.2500	73.3750
485	1389	66.6500	31.1500
486	1390	56.2000	33.7250
486	1392	38.1500	81.2000
486	1393	40.4000	82.9750
487	1403	43.6500	30.3250
488	1396	42.2500	35.8000
488	1402	70.1000	36.5000
489	1398	64.4000	49.7500
490	1394	15.2000	5.6500
490	1395	46.1500	73.3750
491	1389	66.6500	30.9500
492	1390	56.2000	33.7250
492	1392	38.1500	82.4500
492	1393	40.3000	84.6250
493	1403	43.1500	29.9000
494	1396	41.5500	35.8000
494	1402	70.1000	36.5000
495	1398	65.0000	49.9500
496	1394	14.7000	5.1500
496	1395	46.0500	73.3750
497	1389	66.6500	30.9500
498	1390	56.2000	33.7250
498	1392	38.2500	84.1000
498	1393	40.2000	86.0500
499	1403	42.6500	29.3000
500	1396	40.7500	35.8000
500	1402	70.1000	36.5000
501	1398	65.6000	50.1500
502	1394	14.1000	5.3500
502	1395	45.9500	73.3750
503	1389	66.6000	30.7500
504	1390	56.2000	33.7250
504	1392	38.2500	86.1750
504	1393	40.2000	87.5000
505	1403	42.0500	28.6750
506	1396	39.9500	35.8000
506	1402	70.1000	36.5000
507	1398	66.2000	50.5500
508	1394	13.4500	5.5500
508	1395	45.9500	73.3750
509	1389	66.6000	30.5250
510	1390	56.2000	33.7250
510	1392	38.2500	88.2500
510	1393	40.2000	88.9500
511	1403	41.5500	28.2500
512	1396	39.1500	36.0000
512	1402	70.1000	36.5000
513	1398	66.7000	50.7500
514	1394	11.6750	5.9500
514	1395	45.8500	73.3750
515	1389	66.6000	30.5250
516	1390	56.2000	33.7250
516	1392	38.2500	90.3000
516	1393	40.2000	90.4000
517	1403	41.0500	27.6500
518	1396	38.4500	36.0000
518	1402	70.1000	36.5000
519	1398	67.3000	50.9500
520	1394	9.6500	6.1750
520	1395	45.7500	73.3750
521	1389	66.6000	30.3250
522	1390	56.2000	33.7250
522	1392	38.2500	92.3500
522	1393	40.2000	91.8500
523	1403	40.5500	27.2250
524	1396	37.6500	36.0000
524	1402	70.1000	36.5000
525	1398	67.9000	51.2000
526	1397	40.9000	25.9750
526	1400	70.6500	37.4500
526	1401	69.3000	36.1000
526	1415	63.7500	52.9500
527	1394	7.6500	6.4750
527	1395	45.6500	73.3750
528	1389	66.6000	30.3250
529	1390	56.2000	33.7250
529	1392	38.2500	94.2250
529	1393	40.2000	93.3000
530	1403	39.9000	26.8000
531	1396	37.0500	36.1000
531	1402	70.1000	36.3000
532	1398	68.3000	50.9500
533	1397	40.4000	25.4750
533	1400	70.6500	37.4500
533	1401	69.3000	36.1000
533	1415	63.7500	52.9500
534	1394	6.3500	6.7000
534	1395	45.6500	73.3750
535	1389	66.6000	30.1250
536	1390	56.2000	33.7250
536	1392	38.3500	95.8750
536	1393	40.2000	94.7500
537	1403	39.3000	26.7000
538	1396	36.5750	36.2000
538	1402	70.1000	36.3000
539	1398	68.5500	50.5500
540	1397	39.9000	24.9500
540	1400	70.6500	37.4500
540	1401	69.3000	36.1000
540	1415	63.7500	52.9500
541	1394	6.3500	6.7000
541	1395	45.6500	73.3750
542	1389	66.6000	30.1250
543	1390	56.2000	33.7250
543	1392	38.3500	97.1000
543	1393	40.2000	96.4000
544	1403	38.7000	26.4000
545	1396	36.0250	36.3250
545	1402	70.1000	36.3000
546	1398	68.9500	50.3500
547	1397	39.4000	24.5500
547	1400	70.6500	37.4500
547	1401	69.3000	36.1000
547	1415	63.7500	52.9500
548	1403	38.1500	26.2000
549	1396	35.4250	36.3250
549	1402	70.1000	36.3000
550	1398	69.3500	50.7500
551	1397	38.9000	24.0250
551	1400	70.6500	37.4500
551	1401	69.3000	36.1000
551	1415	63.7500	52.9500
552	1403	37.7500	25.7750
553	1396	34.8500	36.3250
553	1402	70.1000	36.3000
554	1398	69.7500	50.9750
555	1397	38.5000	23.6250
555	1400	70.6500	37.4500
555	1401	69.3000	36.1000
555	1411	52.9000	4.2000
555	1415	63.7500	52.9500
556	1403	37.3500	25.1500
557	1396	34.0500	36.3250
557	1402	70.1000	36.3000
558	1398	70.1500	51.1750
559	1397	38.1000	23.2000
559	1400	70.6500	37.4500
559	1401	69.3000	36.1000
559	1411	52.9000	4.6250
559	1415	63.7500	52.9500
560	1403	37.0500	24.7500
561	1396	33.2500	36.7250
561	1399	46.7500	1.5250
561	1402	70.1000	36.3000
562	1398	70.5500	51.1750
563	1397	37.7000	22.7750
563	1400	70.6500	37.4500
563	1401	69.3000	36.1000
563	1411	52.9000	5.0500
563	1415	63.7500	52.9500
564	1403	36.5500	23.9250
565	1396	32.5500	36.9250
565	1399	46.6500	1.9500
565	1402	70.1500	36.3000
566	1397	37.2000	22.3750
566	1400	70.6500	37.4500
566	1401	69.3000	36.1000
566	1411	52.9000	5.4500
566	1415	63.7500	52.9500
567	1403	35.9750	23.3000
568	1396	31.9500	37.3250
568	1399	46.6000	2.5500
568	1402	70.1500	36.3000
569	1397	36.8000	21.9750
569	1400	70.6500	37.4500
569	1401	69.3000	36.1000
569	1411	52.9000	5.8500
569	1415	63.7500	52.9500
570	1403	35.4750	22.4750
571	1396	31.3500	37.7750
571	1399	46.5000	3.0500
571	1402	70.1500	36.2000
572	1397	36.4250	21.5500
572	1400	70.6500	37.4500
572	1401	69.3000	36.1000
572	1411	52.9000	6.4750
572	1415	63.7500	52.9500
573	1403	35.1000	21.8500
574	1396	30.8500	38.1750
574	1399	46.5000	3.7000
574	1402	70.1500	36.2000
575	1397	36.0250	21.1250
575	1400	70.6500	37.4500
575	1401	69.3000	36.1000
575	1411	52.9000	6.9000
575	1415	63.7500	52.9500
576	1403	34.8000	21.2500
577	1396	30.2500	38.5750
577	1399	46.5500	3.7000
577	1402	70.1500	36.2000
578	1397	35.6250	20.7250
578	1400	70.6500	37.4500
578	1401	69.3000	36.1000
578	1411	52.8000	7.3000
578	1415	63.7500	52.9500
579	1403	34.5000	20.8250
580	1396	29.6500	38.7750
580	1399	46.7500	3.7000
580	1402	70.1500	36.2000
581	1412	47.0500	96.9000
582	1397	35.3250	20.1000
582	1400	70.6500	37.4500
582	1401	69.3000	36.1000
582	1411	52.6000	7.9250
582	1415	63.7500	52.9500
583	1403	34.2000	20.2000
584	1396	29.0500	39.4250
584	1399	46.9500	4.5000
584	1402	70.1500	36.2000
585	1412	47.1500	96.9000
586	1397	35.1500	19.4750
586	1400	70.6500	37.4500
586	1401	69.3000	36.1000
586	1411	52.4500	8.5500
586	1415	63.7500	52.9500
587	1403	33.9000	19.3750
588	1396	28.2500	40.0250
588	1399	47.1750	5.5500
588	1402	70.1500	36.2000
589	1412	47.1500	96.2000
590	1397	35.0500	18.8750
590	1400	70.6500	37.4500
590	1401	69.3000	36.1000
590	1411	52.3000	8.9500
590	1415	63.7500	52.9500
591	1403	33.6000	18.5500
592	1396	27.5500	40.6500
592	1399	47.3750	6.3750
592	1402	70.2000	36.1000
593	1412	47.1500	95.4500
594	1397	34.9500	18.2500
594	1400	70.6500	37.4500
594	1401	69.3000	36.1000
594	1411	52.1500	9.5750
594	1415	63.7500	52.9500
595	1403	33.3000	17.9500
596	1396	26.8500	41.2750
596	1399	47.6750	7.4000
596	1402	70.2000	36.1000
597	1412	47.1500	95.1500
598	1397	34.7500	17.6250
598	1400	70.6500	37.4500
598	1401	69.3000	36.1000
598	1411	51.9500	10.0000
598	1415	63.7500	52.9500
599	1403	33.2000	17.3250
600	1396	26.1500	41.8750
600	1399	48.4750	7.8000
600	1402	70.2000	36.1000
601	1412	47.2750	94.1250
602	1397	34.6500	17.0000
602	1400	70.6500	37.4500
602	1401	69.3000	36.1000
602	1411	51.7500	10.6000
602	1415	63.7500	52.9500
603	1403	33.1500	16.9000
604	1396	25.4500	42.5250
604	1399	49.1500	8.0500
604	1402	70.2000	36.0000
605	1412	47.2250	93.4000
606	1397	34.4500	16.3750
606	1400	70.6500	37.4500
606	1401	69.3000	36.1000
606	1411	51.3500	11.0250
606	1415	63.7500	52.9500
607	1403	33.0500	16.5000
608	1396	24.8500	43.1250
608	1399	49.5500	8.0500
608	1402	70.2000	36.0000
609	1412	47.2250	92.2500
610	1397	34.3500	15.7750
610	1400	70.6500	37.4500
610	1401	69.3000	36.1000
610	1411	50.9500	11.4500
610	1415	63.7500	52.9500
611	1413	47.4250	96.9000
612	1403	33.0500	15.8750
613	1396	24.2750	43.5250
613	1399	49.9500	8.6500
613	1402	70.2000	36.0000
614	1412	47.1750	91.1250
615	1397	34.1500	15.1500
615	1400	70.6500	37.4500
615	1401	69.3000	36.1000
615	1411	50.5500	11.8500
615	1415	63.7500	52.9500
616	1413	47.3250	96.1000
617	1403	32.9500	15.2500
618	1396	23.6750	43.9500
618	1399	50.2500	9.4500
618	1402	70.2000	36.0000
619	1412	47.1750	90.0000
620	1397	34.0500	14.3250
620	1400	70.6500	37.4500
620	1401	69.3000	36.1000
620	1411	50.3500	12.4500
620	1415	63.7500	52.9500
621	1413	47.3250	95.4500
622	1403	32.7500	14.6250
623	1396	23.1000	43.9500
623	1399	51.0500	9.7000
623	1402	70.3000	36.0000
624	1412	47.4250	89.5750
625	1397	34.0500	13.7000
625	1400	70.6500	37.4500
625	1401	69.3000	36.1000
625	1411	50.1500	13.1000
625	1415	63.7500	52.9500
626	1413	47.3250	94.6500
627	1403	32.6500	14.2250
628	1396	22.3000	43.9500
628	1399	51.7500	9.9000
628	1402	70.3000	36.0000
628	1414	49.1000	89.5750
629	1412	47.5250	89.2500
630	1397	34.0500	13.0750
630	1400	70.6500	37.4500
630	1401	69.3000	36.1000
630	1411	49.9500	13.7000
630	1415	63.7500	52.9500
631	1413	47.3250	94.0000
632	1403	32.5500	13.6000
633	1396	21.5000	44.1750
633	1399	52.2500	10.5000
633	1402	70.3000	36.0000
633	1414	48.9000	88.7500
634	1412	47.4750	88.7500
635	1397	34.0500	12.3750
635	1400	70.6500	37.4500
635	1401	69.3000	36.1000
635	1411	49.6500	14.2250
635	1415	63.7500	52.9500
636	1413	47.3250	93.2000
637	1403	32.5500	12.7750
638	1396	20.8000	44.3750
638	1399	52.8500	10.7000
638	1402	70.3000	36.0000
638	1414	48.8000	88.1250
639	1412	47.3750	88.0250
640	1397	34.0500	11.7500
640	1400	70.6500	37.4500
640	1401	69.3000	36.1000
640	1411	49.2500	14.6500
640	1415	63.7500	52.9500
641	1413	47.3250	92.5500
642	1403	32.6500	12.1500
643	1396	20.1000	44.5750
643	1399	53.5500	10.9000
643	1402	70.3000	35.9000
643	1414	48.6500	87.5250
644	1412	47.3750	87.2000
645	1397	34.0500	11.3250
645	1400	70.6500	37.4500
645	1401	69.3000	36.1000
645	1411	48.8500	15.0500
645	1415	63.7500	52.9500
646	1413	47.3250	91.8500
647	1403	32.7500	11.3250
648	1396	19.6000	44.7750
648	1399	54.2500	11.1250
648	1402	70.3000	35.9000
648	1414	48.5500	86.6750
649	1412	47.3250	86.4750
650	1397	34.0500	10.7250
650	1400	70.6500	37.4500
650	1401	69.3000	36.1000
650	1411	48.5500	15.4500
650	1415	63.7500	52.9500
651	1413	47.3250	91.1250
652	1403	32.7500	10.7000
653	1396	19.6000	44.7750
653	1399	54.8500	11.1250
653	1402	70.3000	35.9000
653	1414	48.4250	86.0750
654	1412	47.3250	85.7500
655	1397	33.9500	10.0750
655	1400	70.6500	37.4500
655	1401	69.3000	36.1000
655	1411	48.2750	15.6500
655	1415	63.7500	52.9500
656	1413	47.2250	90.4000
657	1403	32.6500	10.5000
658	1396	19.6000	44.7750
658	1399	55.4500	11.3500
658	1402	70.3500	35.8000
658	1414	48.3250	85.4500
659	1412	47.2250	85.3500
660	1397	33.9500	9.6750
660	1400	70.6500	37.4500
660	1401	69.3000	36.1000
660	1411	47.9750	16.0750
660	1415	63.7500	52.9500
661	1413	47.2250	89.7000
662	1403	32.5500	10.1000
663	1396	19.6000	44.7750
663	1399	56.1500	11.5500
663	1402	70.3500	35.8000
663	1414	48.3250	84.6250
664	1412	47.1500	85.0500
665	1397	33.7500	9.0750
665	1400	70.6500	37.4500
665	1401	69.3000	36.1000
665	1411	47.6750	16.5000
665	1415	63.7500	52.9500
666	1413	47.2250	88.9500
667	1403	32.4500	9.8750
668	1396	19.6000	44.7750
668	1399	56.9500	11.5500
668	1402	70.3500	35.8000
668	1414	48.4750	83.9000
669	1412	47.0000	84.7250
670	1397	33.6500	8.4250
670	1400	70.6500	37.4500
670	1401	69.3000	36.1000
670	1411	47.4750	17.0000
670	1415	63.7500	52.9500
671	1413	47.2250	88.2500
672	1403	32.3500	9.6750
673	1396	19.6000	44.7750
673	1399	57.6500	11.5500
673	1402	70.3500	35.8000
673	1414	48.5500	83.0750
674	1412	47.0000	83.6000
675	1397	33.5500	7.8250
675	1400	70.6500	37.4500
675	1401	69.3000	36.1000
675	1411	47.3250	17.6250
675	1415	63.7500	52.9500
676	1413	47.2250	87.5000
677	1403	32.1500	9.2750
678	1396	19.6000	44.7750
678	1399	57.9500	11.7500
678	1402	70.3500	35.8000
678	1414	48.5250	82.5750
679	1412	47.0500	82.1500
680	1397	33.0500	7.4250
680	1400	70.6500	37.4500
680	1401	69.3000	36.1000
680	1411	47.1500	18.1500
680	1415	63.7500	52.9500
681	1413	47.2250	86.9000
682	1403	31.6500	9.0500
683	1396	19.6000	44.7750
683	1399	58.5500	11.7500
683	1402	70.3500	35.8000
683	1414	48.4750	82.0250
684	1412	47.0000	82.3500
685	1397	32.5500	7.0000
685	1400	70.6500	37.4500
685	1401	69.3000	36.1000
685	1411	47.1500	18.3500
685	1415	63.7500	52.9500
686	1413	47.2250	86.0500
687	1403	31.0500	8.8500
688	1396	19.6000	44.7750
688	1399	59.2250	11.7500
688	1402	70.3500	35.7000
688	1414	48.0250	81.1250
689	1412	47.0000	82.5500
690	1397	32.0500	6.5750
690	1400	70.6500	37.4500
690	1401	69.3000	36.1000
690	1411	47.1500	18.3500
690	1415	63.7500	52.9500
691	1413	47.2250	85.4500
692	1403	30.4500	8.6500
693	1396	19.6000	44.7750
693	1399	59.5250	11.5500
693	1402	70.3500	35.7000
693	1414	48.2250	81.1250
694	1412	47.0000	80.7000
695	1397	31.5500	6.5750
695	1400	70.6500	37.4500
695	1401	69.3000	36.1000
695	1411	47.1500	18.3500
695	1415	63.7500	52.9500
696	1413	47.2250	84.7250
697	1403	29.9500	8.4500
698	1396	19.6000	44.7750
698	1399	59.6250	11.5500
698	1402	70.4000	35.7000
698	1414	48.0750	80.4750
699	1412	46.8000	80.7000
700	1397	30.9500	6.5750
700	1400	70.6500	37.4500
700	1401	69.3000	36.1000
700	1411	47.1500	18.3500
700	1415	63.7500	52.9500
701	1413	47.2250	84.1000
702	1403	29.3500	8.4500
703	1396	19.6000	44.7750
703	1399	59.6250	11.5500
703	1402	70.4000	35.7000
703	1414	48.0750	79.4750
704	1412	46.8000	79.6750
705	1397	30.2500	6.5750
705	1400	70.6500	37.4500
705	1401	69.3000	36.1000
705	1411	47.1500	19.6000
705	1415	63.7500	52.9500
706	1413	47.2250	83.5000
707	1403	28.8500	8.4500
708	1396	19.6000	44.7750
708	1399	59.6250	11.5500
708	1402	70.4000	35.7000
708	1414	48.1750	78.2250
709	1412	46.9000	78.4250
710	1397	29.6000	6.5750
710	1400	70.6500	37.4500
710	1401	69.3000	36.1000
710	1411	47.1500	21.8500
710	1415	63.7500	52.9500
711	1413	47.2750	82.8500
712	1403	28.3500	8.4500
713	1396	19.6000	44.7750
713	1399	59.6250	11.5500
713	1402	70.4000	35.7000
713	1414	47.9750	78.0250
714	1412	46.9000	77.8000
715	1397	28.9000	6.5750
715	1400	70.6500	37.4500
715	1401	69.3000	36.1000
715	1411	46.9500	22.5000
715	1415	63.7500	52.9500
716	1413	47.2750	82.1500
717	1403	27.8500	8.4500
718	1396	19.6000	44.7750
718	1399	59.6250	11.5500
718	1402	70.4000	35.7000
718	1414	47.9750	77.1750
719	1412	46.9000	77.2000
720	1397	28.2000	6.1750
720	1400	70.6500	37.4500
720	1401	69.3000	36.1000
720	1411	46.9500	23.1000
720	1415	63.6500	52.8500
721	1413	47.3750	81.5250
722	1403	27.2500	8.4500
723	1396	19.6000	44.7750
723	1399	59.6250	11.5500
723	1402	70.4000	35.7000
723	1414	47.9750	76.1500
724	1412	46.9000	76.5750
725	1397	27.5500	6.0750
725	1400	70.6500	37.4500
725	1401	69.3000	36.1000
725	1411	47.0000	23.4000
725	1415	63.6500	52.8500
726	1413	47.3750	80.8000
727	1403	26.6500	8.4500
728	1396	19.6000	44.7750
728	1399	59.6250	11.5500
728	1402	70.4000	35.7000
728	1414	48.0250	75.3250
729	1412	46.9000	75.9500
730	1397	26.8500	5.9500
730	1400	70.6500	37.4500
730	1401	69.3000	36.1000
730	1411	47.1000	23.6000
730	1415	63.6500	52.8500
731	1413	47.4750	80.1750
732	1414	48.0750	74.5000
733	1412	46.9000	75.3250
734	1397	26.2000	5.7500
734	1411	47.1750	24.0500
734	1415	63.6000	52.8500
735	1413	47.5750	79.3500
736	1414	48.1250	73.7000
737	1412	46.9000	74.7000
738	1397	25.5500	5.5500
738	1411	47.2250	24.2500
738	1415	63.5500	52.8500
739	1413	47.5750	78.6250
740	1414	48.0750	73.0500
741	1412	46.9000	74.0000
742	1397	24.8750	5.5500
742	1411	47.3250	24.7500
742	1415	63.5500	52.8500
743	1413	47.6750	78.0250
744	1414	47.9750	72.2500
745	1412	46.9000	73.3750
746	1397	24.1750	5.9500
746	1411	47.4250	25.3500
746	1415	63.5000	52.7250
747	1413	47.6750	77.3000
748	1414	47.8750	71.6000
749	1412	46.9000	72.7500
750	1397	23.4750	6.1500
750	1411	47.4250	26.0000
750	1415	63.5000	52.7250
751	1413	47.7750	76.5750
752	1414	47.8750	71.0000
753	1412	46.9000	72.1500
754	1397	22.7750	6.6000
754	1411	47.5250	26.6000
754	1415	63.5000	52.7250
755	1413	47.8750	75.8500
756	1414	47.8750	70.8000
757	1412	46.9000	71.5000
758	1397	22.1000	6.3750
758	1411	47.6250	27.2250
758	1415	63.4500	52.7250
759	1413	47.8750	75.1250
760	1414	47.8750	70.8000
761	1412	47.1000	70.7000
762	1397	21.5000	6.3750
762	1411	47.7250	27.8500
762	1415	63.4000	52.7250
763	1413	47.9750	74.4250
764	1414	47.8750	70.8000
765	1412	47.3750	69.8500
766	1397	20.9000	6.3750
766	1411	47.7250	28.4500
766	1415	63.4000	52.7250
767	1413	47.9750	73.7750
768	1414	47.8750	70.8000
769	1412	47.4750	69.6500
770	1397	20.1000	6.3750
770	1411	47.8250	29.1000
770	1415	63.4000	52.7250
771	1413	48.0750	72.9750
772	1414	47.8750	70.8000
773	1412	47.4750	69.6500
774	1397	19.2000	6.3750
774	1411	47.9250	29.7000
774	1415	63.4000	52.8500
775	1413	48.1750	72.2250
776	1414	47.8750	70.8000
777	1412	47.4750	69.6500
778	1397	18.4000	6.6000
778	1411	48.0250	30.3250
778	1415	63.5000	52.9500
779	1413	48.1750	71.6250
780	1414	47.8750	70.8000
781	1412	47.4750	69.6500
782	1397	17.9000	6.6000
782	1411	48.0250	30.9500
782	1415	63.6000	53.0250
783	1413	48.2750	71.2250
784	1414	47.8750	70.8000
785	1412	47.4750	69.6500
786	1397	17.4000	6.6000
786	1411	48.1250	31.5500
786	1415	63.6000	53.1250
787	1413	48.3750	70.9750
