0	1439	65.4000	72.8750
1	1439	65.3500	71.8250
2	1439	65.3000	71.0000
3	1439	65.3000	70.0500
4	1439	65.2500	69.2000
5	1439	65.2250	68.1500
6	1439	65.2250	67.3250
7	1440	12.9250	44.3750
8	1439	65.1750	66.3750
9	1440	12.3750	44.3750
10	1441	65.3250	75.8000
11	1439	65.1750	65.5500
12	1440	11.8000	44.6000
13	1441	64.9250	74.1250
14	1439	65.1750	64.7000
15	1440	11.2500	44.6000
16	1441	64.6750	72.4500
17	1439	65.2750	64.0750
18	1440	10.7000	44.8000
19	1441	64.3750	70.7750
20	1439	65.3000	63.2250
21	1440	10.1500	44.8000
22	1441	64.0250	69.1000
23	1439	65.3500	62.6000
24	1440	9.7750	45.0250
25	1441	63.7250	67.6250
26	1439	65.4000	61.7750
27	1440	9.6750	45.0250
28	1441	63.4750	65.9750
29	1439	65.4000	60.9250
30	1440	9.6000	45.2250
31	1441	63.1750	64.2750
32	1439	65.4000	60.1000
33	1440	9.5000	45.4250
34	1441	63.0250	62.8250
35	1439	65.3500	59.4750
36	1440	9.4250	45.4250
37	1441	63.0250	61.5750
38	1439	65.3500	58.6250
39	1440	9.3250	45.6500
40	1441	63.0250	60.3000
41	1439	65.4000	58.0000
42	1440	9.2250	45.6500
43	1441	63.0250	58.8250
44	1439	65.4500	57.3750
45	1440	9.1250	45.8500
46	1441	63.0250	57.5750
47	1439	65.5500	56.7500
48	1440	9.0500	46.0750
49	1441	62.1750	56.7500
50	1439	65.6000	56.3250
51	1440	8.9500	46.0750
52	1441	61.2750	55.9000
53	1439	65.6250	55.7000
54	1440	8.8750	46.2750
55	1441	60.3250	55.0750
56	1439	65.7750	54.6500
57	1440	8.7750	46.4750
58	1441	59.1250	54.4250
59	1439	65.8250	53.4000
60	1440	8.7750	46.4750
61	1441	56.9250	54.0250
62	1439	65.8250	52.5500
63	1440	8.7750	46.4750
64	1441	55.1750	53.6000
65	1434	26.5000	98.4250
66	1439	65.7750	51.8250
67	1440	8.7750	46.4750
68	1441	53.8750	53.6000
69	1434	26.6000	97.6000
70	1439	65.7250	50.9750
71	1440	8.7750	46.4750
72	1441	52.6750	53.6000
73	1434	26.6750	96.7500
74	1439	65.7250	50.1500
75	1440	8.7750	46.4750
76	1441	51.4250	53.4000
77	1434	26.8500	95.9250
78	1440	8.7750	46.4750
79	1441	50.2250	53.4000
80	1434	26.9500	95.0750
81	1440	8.7750	46.4750
82	1441	48.9250	53.1750
83	1434	27.1500	94.2250
84	1440	8.7750	46.4750
85	1441	47.6250	53.1750
86	1434	27.2250	93.4000
87	1440	8.7750	46.4750
88	1441	46.4250	53.1750
89	1434	27.3250	92.5750
90	1440	8.7750	46.4750
91	1441	45.1250	52.9750
92	1434	27.5000	91.7250
93	1440	8.7750	46.4750
94	1441	43.9250	52.9750
95	1434	27.6000	90.8750
96	1440	8.7750	46.4750
97	1441	42.6750	52.7750
98	1434	27.7750	90.0500
99	1440	8.7750	46.4750
100	1441	41.4750	52.7750
101	1434	27.8750	89.2250
102	1440	8.7750	46.4750
103	1441	40.1750	52.7750
104	1434	27.9750	88.3750
105	1440	8.7750	46.4750
106	1441	39.1250	51.8250
107	1434	28.1500	87.5250
108	1440	8.7750	46.4750
109	1441	38.1750	50.5750
110	1434	28.2500	86.7000
111	1440	8.7750	46.4750
112	1441	37.1250	49.6250
113	1434	28.3000	86.0750
114	1440	8.7750	46.4750
115	1441	36.0750	48.4750
116	1434	28.3500	85.3500
117	1441	35.0000	47.4000
118	1434	28.4000	84.8250
119	1441	34.0000	46.3750
120	1434	28.4250	84.1750
121	1441	32.9500	45.3250
122	1434	28.5250	83.4500
123	1441	31.8500	44.9000
124	1434	28.5250	82.4000
125	1441	30.6500	44.7000
126	1434	28.5250	81.3500
127	1441	29.3500	44.5000
128	1434	28.6250	80.3000
129	1441	28.1500	44.2750
130	1434	28.6250	79.2750
131	1441	26.9500	44.0750
132	1434	28.6250	78.2250
133	1441	25.7500	43.8500
134	1434	28.7000	76.9500
135	1441	24.5500	43.7500
136	1434	28.7000	75.9000
137	1441	23.3500	43.5500
138	1434	28.8000	75.0750
139	1441	22.4500	43.5500
140	1434	28.8000	74.4500
141	1441	21.7000	43.5500
142	1434	28.9000	73.8250
143	1441	20.9500	43.3500
144	1434	28.9000	73.2000
145	1441	20.4000	43.1250
146	1434	28.9750	72.5500
147	1441	19.8500	42.9000
148	1434	29.0750	71.9250
149	1434	29.0750	71.3000
150	1434	29.1750	70.6750
151	1434	29.1750	70.0500
152	1438	65.5500	73.1750
153	1434	29.2500	69.4250
154	1438	64.8000	72.9750
155	1434	29.2500	68.8000
156	1438	62.7750	71.7250
157	1434	29.7250	67.5250
158	1438	63.2250	72.5750
159	1434	30.0750	66.3750
160	1438	62.5000	72.2250
161	1434	30.5500	65.1250
162	1438	61.7750	72.0250
163	1434	30.9250	63.8500
164	1438	61.0250	71.7250
165	1434	31.3750	62.6000
166	1438	60.3000	71.4250
167	1434	31.7500	61.5500
168	1438	59.5500	71.1750
169	1434	31.7500	60.5000
170	1438	58.7250	70.7750
171	1434	31.7500	59.4500
172	1438	57.9000	70.3750
173	1434	31.7500	58.8500
174	1438	57.0750	69.9250
175	1434	31.8250	58.0000
176	1438	56.2250	69.5250
177	1434	31.8250	57.3750
178	1438	55.4000	69.5250
179	1434	31.9250	56.7500
180	1438	54.5750	69.5250
181	1434	32.0250	55.9000
182	1438	53.6500	69.5250
183	1434	32.1250	55.2750
184	1438	52.8250	69.3250
185	1434	32.1250	54.6500
186	1438	52.0000	69.3250
187	1434	32.2000	53.8000
188	1438	51.1750	69.3250
189	1434	32.4000	52.9750
190	1438	50.2500	69.3250
191	1434	32.6750	52.1500
192	1438	49.3250	69.3250
193	1434	32.8000	51.3000
194	1438	48.5000	69.1000
195	1434	32.8500	50.2500
196	1438	47.6750	69.1000
197	1434	32.9500	49.4250
198	1438	46.8500	69.1000
199	1434	33.0000	48.3500
200	1438	46.0000	69.0000
201	1434	33.1750	47.4000
202	1438	45.2000	69.0000
203	1434	33.4500	46.3750
204	1438	44.3500	68.8750
205	1434	33.7250	45.3500
206	1438	43.5250	68.8750
207	1436	65.1250	75.6000
208	1434	34.0000	44.3000
209	1435	17.7000	55.1750
209	1438	42.7000	68.8750
210	1436	64.4750	75.1750
211	1434	34.2000	43.2500
212	1435	17.5250	55.8000
212	1438	41.8750	68.6750
213	1436	63.9250	74.9750
214	1434	34.4500	42.4000
215	1435	17.4250	56.4250
215	1438	41.1500	68.6750
216	1436	63.2750	74.5500
217	1434	34.5500	42.0000
218	1435	17.3250	57.2750
218	1438	40.3000	68.6750
219	1436	62.6500	74.3500
220	1434	34.7500	41.3500
221	1435	17.2500	57.9000
221	1438	39.4000	68.4750
222	1436	62.0000	73.9250
223	1434	34.9250	40.9500
224	1435	17.1500	58.5250
224	1438	38.4750	68.4750
225	1436	61.2500	73.7250
226	1434	35.0000	40.3000
227	1435	17.1500	59.3750
227	1438	37.5500	68.4750
228	1436	60.5250	73.3000
229	1434	35.0000	39.4500
230	1435	17.3250	60.2000
230	1438	36.7250	68.4750
231	1436	59.7750	72.8750
232	1434	35.0000	38.4000
233	1435	17.5250	60.8250
233	1438	35.8000	68.4750
234	1436	59.0500	72.6750
235	1434	35.0000	37.6000
236	1435	17.7000	61.6750
236	1438	34.8750	68.4750
237	1436	58.1250	72.6750
238	1434	35.3000	37.1500
239	1435	17.8750	62.5000
239	1438	34.0500	68.4750
240	1436	57.3000	72.6750
241	1434	35.6500	37.1500
242	1435	18.0750	63.3250
242	1438	33.1250	68.4750
243	1436	56.3750	72.6750
244	1435	18.2500	63.9750
244	1438	32.3000	68.4750
245	1436	55.5500	72.4500
246	1435	18.4250	64.8250
246	1438	31.3750	68.4750
247	1436	54.7250	72.4500
248	1435	18.4250	65.4250
248	1438	30.5500	68.4750
249	1436	53.8000	72.4500
250	1435	18.4250	66.2750
250	1438	29.6250	68.4750
251	1436	52.9750	72.4500
252	1435	18.4250	67.1250
252	1438	28.8000	68.4750
253	1436	52.0500	72.4500
254	1435	18.4250	67.7250
254	1438	27.8750	68.2750
255	1436	51.2250	72.4500
256	1435	18.8000	68.3750
256	1438	27.1500	68.2750
257	1436	50.4000	72.4500
258	1435	19.3500	69.2250
258	1438	26.4000	68.2750
259	1436	49.5500	72.4500
260	1435	19.9250	69.6250
260	1438	25.6750	68.2750
261	1436	48.7250	72.4500
262	1435	20.4750	70.0500
262	1438	24.9250	68.2750
263	1436	48.1000	72.4500
264	1435	21.0250	70.4750
264	1438	24.1000	68.0750
265	1436	47.5500	72.4500
266	1435	21.6750	71.0750
266	1438	23.1750	68.0750
267	1437	65.5000	78.4250
268	1436	46.9750	72.4500
269	1435	22.3000	71.3000
269	1438	22.3500	68.0750
270	1437	65.1250	77.8000
271	1436	46.4250	72.4500
272	1435	23.0500	71.5250
272	1438	21.5250	68.0750
273	1437	64.8500	77.1750
274	1436	45.8750	72.4500
275	1435	23.7750	71.9250
275	1438	20.7000	68.0750
276	1437	64.4750	76.5250
277	1436	45.3250	72.4500
278	1435	24.5250	72.1250
278	1438	19.7750	68.2750
279	1437	64.2000	76.1250
280	1436	44.0500	71.8250
281	1435	24.9750	72.7750
281	1438	18.7500	68.4750
282	1437	63.6500	75.7000
283	1436	42.8500	71.4000
284	1435	25.4250	73.4000
284	1438	17.8500	68.6750
285	1437	63.2000	75.4750
286	1436	41.6500	70.9750
287	1435	25.9000	74.0250
287	1438	16.9250	69.1250
288	1437	62.7250	75.0750
289	1436	40.5500	70.7750
290	1435	26.2750	74.6500
290	1438	16.2750	68.6750
291	1437	62.1000	74.6750
292	1436	39.8000	70.7750
293	1435	26.6250	75.2750
293	1438	15.6250	68.2750
294	1437	61.5250	74.2250
295	1436	38.9750	70.9750
296	1435	26.6250	75.9250
296	1438	14.6250	68.2750
297	1437	61.1500	73.8250
298	1436	38.2500	70.9750
299	1435	26.5500	76.5250
299	1438	13.5250	68.6750
300	1437	60.5250	73.1750
301	1436	35.9750	71.5250
302	1435	26.5000	77.1750
302	1438	12.6000	69.3250
303	1437	59.9750	72.7750
304	1436	35.7000	71.3000
305	1435	26.4000	77.9000
305	1438	11.7500	69.3250
306	1437	59.4250	72.2500
307	1436	34.9750	71.3000
308	1435	26.3000	78.7250
308	1438	10.9500	69.3250
309	1437	58.8500	71.8250
310	1436	34.2250	71.3000
311	1435	26.2500	79.4750
311	1438	10.1000	69.1250
312	1437	58.3000	71.4250
313	1436	33.4000	71.3000
314	1435	26.1750	80.1000
314	1438	9.3000	69.1250
315	1437	57.7000	71.1750
316	1436	32.6750	71.0750
317	1435	26.0750	80.8500
317	1438	8.4500	68.8750
318	1437	57.0500	70.9750
319	1436	31.8250	71.0750
320	1435	26.0500	81.6750
320	1438	7.6000	68.8750
321	1437	56.5000	70.7750
322	1436	31.1000	71.0750
323	1435	25.9500	82.3000
323	1438	6.8000	68.8750
324	1437	55.8500	70.5750
325	1436	30.3750	71.0750
326	1435	25.8500	83.0500
326	1438	5.9500	68.6750
327	1437	55.3000	70.3750
328	1436	29.5250	70.8750
329	1435	25.8000	83.8500
329	1438	5.1500	68.6750
330	1437	54.6750	70.3750
331	1436	28.8000	70.8750
332	1435	25.7000	84.5000
332	1438	4.3000	68.4750
333	1437	54.0500	70.1500
334	1436	27.9750	70.8750
335	1435	25.6000	85.2500
335	1438	3.4500	68.4750
336	1437	53.4750	69.9250
337	1436	27.2250	70.8750
338	1435	25.5750	86.0750
338	1438	2.7000	68.4750
339	1437	52.8500	69.9250
340	1436	26.5000	70.6750
341	1435	25.5000	86.7000
341	1438	2.0000	68.2750
342	1437	52.2000	69.9250
343	1436	25.6750	70.6750
344	1435	25.4000	87.4250
345	1437	51.5500	70.1500
346	1436	24.9250	70.6750
347	1435	25.3500	88.2750
348	1437	50.8000	70.1500
349	1436	24.1000	70.6750
350	1435	25.2500	89.0000
351	1437	50.1500	70.3750
352	1436	23.3750	70.4750
353	1435	25.1500	89.6250
354	1437	49.5000	70.3750
355	1436	22.6250	70.4750
356	1435	25.1250	90.4750
357	1437	48.8500	70.3750
358	1436	21.8000	70.4750
359	1435	25.0250	91.2000
360	1437	48.3000	70.3750
361	1436	21.0750	70.4750
362	1435	24.9250	92.0250
363	1437	47.7500	70.3750
364	1436	20.1500	70.4750
365	1435	24.8250	92.8750
366	1437	47.1000	70.3750
367	1436	19.3250	70.6750
368	1435	24.7500	93.7250
369	1437	46.5500	70.3750
370	1436	18.4000	70.8750
371	1435	24.5500	94.5500
372	1437	46.0000	70.3750
373	1436	17.4750	71.0750
374	1435	24.4750	95.3750
375	1437	45.3750	70.3750
376	1436	16.6500	71.1750
377	1435	24.3750	96.4250
378	1437	44.8000	70.1500
379	1436	15.7250	71.4250
380	1435	24.2750	97.2750
381	1437	44.2500	70.1500
382	1436	14.9000	71.5250
383	1435	24.2750	97.6000
384	1437	43.6250	70.1500
385	1436	14.0750	71.5250
386	1435	24.2750	97.8000
387	1437	43.0500	70.1500
388	1436	13.2750	71.5250
389	1437	42.5000	70.1500
390	1436	12.4500	71.5250
391	1437	41.9500	70.1500
392	1436	11.6250	71.4000
393	1437	41.3000	70.1500
394	1436	10.8500	71.4000
395	1437	40.7500	70.1500
396	1436	10.0000	71.4000
397	1437	40.2000	69.9250
398	1436	9.2000	71.4000
399	1437	39.5500	69.9250
400	1436	8.4000	71.3000
401	1437	39.0000	69.9250
402	1436	7.5750	71.3000
403	1437	38.4500	69.9250
404	1436	6.7500	71.3000
405	1437	37.8000	69.9250
406	1436	5.9500	71.3000
407	1437	37.2500	69.9250
408	1436	5.1500	71.3000
409	1437	36.7000	69.9250
410	1436	4.3000	71.2000
411	1437	36.0500	69.9250
412	1436	3.5000	71.2000
413	1437	35.4250	70.0500
414	1436	2.7000	71.2000
415	1437	34.7750	70.2500
416	1436	1.8500	71.2000
417	1437	34.0250	70.5500
418	1437	33.4000	70.6500
419	1437	32.7500	71.0000
420	1437	32.0000	71.2000
