0	1235	53.7000	80.7250
0	1236	38.9500	15.3750
0	1254	54.7750	79.2250
0	1255	29.7250	51.1500
0	1256	26.0500	91.9500
1	1235	53.7000	80.5250
1	1236	38.9500	15.3750
1	1254	54.7750	78.9750
1	1255	30.3750	50.5250
1	1256	25.9500	91.3250
2	1257	0.7250	54.0250
3	1235	53.7000	80.3250
3	1236	38.9500	15.3750
3	1254	54.7750	78.9750
3	1255	31.2250	50.3250
3	1256	25.9500	90.7250
4	1257	1.7250	53.8250
5	1235	53.7000	80.2250
5	1236	38.9500	15.3750
5	1254	54.7750	78.9750
5	1255	32.0250	50.3250
5	1256	26.1500	90.1000
6	1257	2.7250	53.8250
7	1235	53.8000	80.1250
7	1236	38.9500	15.3750
7	1254	54.7750	78.8750
7	1255	32.8750	50.3250
7	1256	26.6000	89.2750
8	1257	3.8500	53.8250
9	1235	53.8000	79.9250
9	1236	38.9500	15.3750
9	1254	54.7750	78.8750
9	1255	33.7750	50.3250
9	1256	27.1500	88.6750
10	1257	4.8500	53.8250
11	1235	53.8000	79.8250
11	1236	38.9500	15.3750
11	1254	54.7750	78.7750
11	1255	34.6250	50.1250
11	1256	27.6250	88.0250
12	1257	5.9500	53.8250
13	1235	53.8500	79.7250
13	1236	38.9500	15.3750
13	1254	54.7750	78.7750
13	1255	35.2750	50.1250
13	1256	28.1000	87.2250
14	1257	6.9750	53.6250
15	1235	53.9000	79.5250
15	1236	38.9500	15.3750
15	1254	54.7750	78.6750
15	1255	36.0000	50.1250
15	1256	28.5500	87.2250
16	1257	8.0750	53.6250
17	1235	53.9000	79.4250
17	1236	38.9500	15.3750
17	1254	54.8250	78.6750
17	1255	36.6250	49.9250
17	1256	28.9000	87.6250
18	1257	9.0750	53.6250
19	1235	53.9000	79.2250
19	1236	38.9500	15.3750
19	1254	54.8250	78.6750
19	1255	37.2750	49.9250
19	1256	29.3750	88.0250
20	1257	10.1750	53.6250
21	1235	53.9500	79.1000
21	1236	38.9500	15.3750
21	1254	54.8250	78.5750
21	1255	38.0250	49.7250
21	1256	29.7500	88.4500
22	1257	11.2000	53.6250
23	1235	54.0000	78.9750
23	1236	38.9500	15.3750
23	1254	54.8250	78.4750
23	1255	38.5750	49.5000
23	1256	30.2000	88.8750
24	1257	12.2250	53.6250
25	1235	54.0000	78.7750
25	1236	38.9500	15.3750
25	1254	54.8250	78.4750
25	1255	39.2250	49.3000
25	1256	30.5500	89.2750
26	1257	13.3250	53.6250
27	1235	54.0500	78.6750
27	1236	38.9500	15.3750
27	1254	54.8250	78.4750
27	1255	39.8750	49.1000
27	1256	31.0500	89.6750
28	1257	14.3250	53.6250
29	1235	54.0500	78.5750
29	1236	38.9500	15.3750
29	1254	54.8250	78.4750
29	1255	40.5250	49.1000
29	1256	31.4000	90.1000
30	1258	10.8000	9.2250
31	1257	15.4250	53.6250
32	1235	54.0750	78.3750
32	1236	38.9500	15.3750
32	1254	54.8250	78.2750
32	1255	41.2500	49.3000
32	1256	31.8500	90.7250
33	1258	10.5000	9.8250
34	1257	16.4500	53.6250
35	1235	54.0750	78.1750
35	1236	38.9500	15.3750
35	1254	54.8250	78.2750
35	1255	42.0750	49.5000
35	1256	32.2250	91.1250
36	1258	10.2500	10.4750
37	1257	17.4500	53.6250
38	1235	54.1250	78.1750
38	1236	38.9500	15.3750
38	1254	54.9250	78.2750
38	1255	42.9000	49.7250
38	1256	32.7000	91.5250
39	1258	9.9500	11.2750
40	1257	18.5750	53.6250
41	1235	54.1250	77.9750
41	1236	38.9500	15.3750
41	1254	54.9250	78.2750
41	1255	43.7250	49.9250
41	1256	32.9500	91.9500
42	1258	9.7000	11.8750
43	1259	10.7000	9.4250
44	1257	19.5750	53.6250
45	1235	54.1750	77.7750
45	1236	38.9500	15.3750
45	1254	54.9250	78.1750
45	1256	33.2500	92.5750
46	1258	9.6000	12.7250
47	1259	10.6000	10.0500
48	1257	20.6750	53.6250
49	1235	54.2000	77.7750
49	1236	38.9500	15.3750
49	1254	54.9250	78.0750
49	1256	33.5000	93.1750
50	1258	9.6000	13.3250
51	1259	10.5000	10.6750
52	1257	21.7000	53.6250
53	1235	54.2000	77.5750
53	1236	38.9500	15.3750
53	1254	54.9250	78.0750
53	1256	33.8000	93.8000
54	1258	9.6000	14.1750
55	1259	10.4000	11.3750
56	1224	30.3500	8.2750
56	1232	28.8500	8.0750
57	1257	22.8000	53.6250
58	1235	54.2000	77.3750
58	1236	38.9500	15.3750
58	1254	54.9250	78.0750
58	1256	34.0500	94.4250
59	1258	9.6000	14.7750
60	1259	10.3250	12.0000
61	1224	30.1500	8.9250
61	1232	28.7000	8.5000
62	1257	23.8000	53.6250
63	1235	54.2500	77.2500
63	1236	38.9500	15.3750
63	1254	54.9250	77.9750
63	1256	34.3500	95.0250
64	1258	9.5000	15.5750
65	1259	10.2500	12.6250
66	1224	29.9750	9.5250
66	1232	28.6000	9.1250
67	1257	24.9000	53.6250
68	1235	54.3000	77.1250
68	1236	38.9500	15.3750
68	1254	54.9250	77.9750
68	1256	34.6000	95.6500
69	1258	9.5000	16.4250
70	1259	10.1500	13.3250
71	1224	29.8750	10.1250
71	1232	28.5000	9.7250
72	1257	25.9250	53.6250
73	1235	54.3000	76.9250
73	1236	38.9500	15.3750
73	1254	54.9250	77.8750
73	1256	34.9000	96.2750
74	1258	9.5000	17.0250
75	1259	10.0500	13.9500
76	1224	29.7000	10.7750
76	1232	28.3000	10.3500
77	1257	26.9250	53.6250
78	1235	54.3000	76.8250
78	1236	38.9500	15.3750
78	1254	54.9500	77.8750
78	1256	35.1000	96.7750
79	1258	9.5000	17.8750
80	1259	10.0000	14.6750
81	1224	29.6000	11.3750
81	1232	28.2250	10.8750
82	1257	28.0500	53.6250
83	1235	54.4000	76.7250
83	1236	38.9500	15.3750
83	1254	54.9500	77.7750
84	1258	9.5000	18.4750
85	1259	9.9000	15.2750
86	1224	29.4250	12.2250
86	1232	28.1500	11.4750
87	1257	29.2250	53.6250
88	1235	54.4000	76.5250
88	1236	38.9500	15.3750
88	1254	54.9500	77.7750
89	1258	9.5000	19.2750
90	1259	9.8000	16.1250
91	1224	29.3250	12.8250
91	1232	28.0000	12.1000
92	1257	30.7000	53.6250
93	1235	54.4000	76.4250
93	1236	38.9500	15.3750
93	1254	54.9500	77.7750
94	1258	9.6000	19.9250
95	1259	9.7500	16.7250
96	1224	29.1500	13.4250
96	1232	27.8500	12.7250
97	1257	32.1750	53.6250
98	1235	54.4000	76.2250
98	1236	38.9500	15.3750
98	1254	54.9500	77.6750
99	1258	9.7000	20.7250
100	1259	9.6500	17.5250
101	1224	28.9500	14.0750
101	1232	27.7500	13.2250
102	1257	33.6500	53.6250
103	1235	54.5000	76.1250
103	1236	38.9500	15.3750
103	1254	54.9500	77.5750
104	1258	9.7000	21.3500
105	1259	9.5500	18.1750
106	1224	28.8750	14.6750
106	1232	27.6250	13.8250
107	1257	35.0250	53.6250
108	1235	54.5000	76.0250
108	1236	38.9500	15.3750
108	1254	54.9500	77.5750
109	1258	9.7750	22.1750
110	1259	9.4500	18.9750
111	1224	28.6750	15.4750
111	1232	27.5500	14.4750
112	1257	35.8500	53.6250
113	1235	54.5000	75.8250
113	1236	38.9500	15.3750
113	1254	54.9500	77.5750
114	1258	9.8500	22.7750
115	1259	9.3500	19.8250
116	1224	28.6000	16.1250
116	1232	27.4000	15.0750
117	1257	36.7750	53.6250
118	1235	54.6000	75.8250
118	1236	38.9500	15.3750
118	1254	55.0500	77.5750
119	1258	9.9500	23.6250
120	1259	9.2500	20.4250
121	1224	28.4000	16.7250
121	1232	27.3000	15.5750
122	1257	37.6000	53.6250
123	1235	54.7000	75.4000
123	1236	38.9500	15.3750
123	1254	55.1250	77.1500
124	1258	9.9500	24.4250
125	1259	9.2500	21.2250
126	1224	28.3250	17.3250
126	1232	27.1500	16.2250
127	1257	38.4250	53.6250
128	1235	54.8500	74.9750
128	1236	38.9500	15.3750
128	1254	55.3250	76.9250
129	1258	10.0500	25.0500
130	1259	9.1750	22.0750
131	1224	28.1250	17.9750
131	1232	27.0750	16.8250
132	1257	39.2750	53.6250
133	1235	55.0500	74.7750
133	1236	38.9500	15.3750
133	1254	55.5000	76.5250
134	1258	10.1500	25.4750
135	1259	9.1750	22.2750
136	1224	27.9500	18.5750
136	1232	26.9500	17.4250
137	1257	40.1000	53.6250
138	1235	55.2500	74.3750
138	1236	38.9500	15.3750
138	1254	55.6000	76.3250
139	1258	10.1500	25.4750
140	1259	9.1750	22.2750
141	1224	27.8500	19.3750
141	1232	26.8000	18.0750
142	1257	41.0250	53.6250
143	1235	55.4000	74.1750
143	1236	38.9500	15.3750
143	1254	55.7750	76.1250
144	1258	10.1500	25.4750
145	1259	9.1750	22.2750
146	1224	27.6750	20.0250
146	1232	26.7000	18.5750
147	1257	41.8500	53.6250
148	1235	55.6000	73.9750
148	1236	38.9500	15.3750
148	1254	55.9750	75.9250
149	1258	10.1500	25.4750
150	1259	9.1750	22.2750
151	1224	27.5750	20.6250
151	1232	26.6000	19.1750
152	1234	8.4250	28.6250
152	1270	55.3250	76.3250
153	1257	42.7750	53.6250
154	1235	55.5000	73.9750
154	1236	38.9000	15.2750
154	1254	55.9750	75.9250
155	1258	10.1500	25.4750
156	1259	9.1750	22.2750
157	1224	27.3000	21.2250
157	1232	26.3500	19.8250
158	1234	7.9750	29.0750
158	1270	54.8750	76.3250
159	1257	43.6750	53.6250
160	1235	55.2750	74.1750
160	1236	38.9000	15.2750
160	1254	55.9750	75.9250
161	1258	10.1500	25.4750
162	1259	9.1750	22.2750
163	1224	27.0000	21.9750
163	1232	25.9750	20.6250
164	1234	7.6250	29.6750
164	1270	54.4000	76.3250
165	1257	44.5000	53.2250
166	1235	55.0500	74.4750
166	1236	38.9000	15.2750
166	1254	55.9750	75.9250
167	1258	10.1500	25.4750
168	1255	34.5250	50.3250
168	1259	9.1750	22.2750
169	1224	26.7000	22.5750
169	1232	25.6500	21.2500
170	1234	7.1500	30.2750
170	1270	53.9250	76.3250
171	1235	54.9000	74.7750
171	1236	38.9000	15.2750
172	1224	26.4250	23.3000
172	1232	25.3250	22.0750
173	1234	6.7750	30.9250
173	1270	53.4750	76.3250
174	1235	54.6750	75.0750
174	1236	38.9000	15.2750
175	1224	26.1500	23.9250
175	1232	25.0000	22.6750
176	1234	6.3250	31.5250
176	1270	53.0250	76.3250
177	1235	54.4000	75.3000
177	1236	38.9000	15.2750
178	1224	25.8500	24.6250
178	1232	24.6750	23.5250
179	1234	5.9750	32.1250
179	1270	52.6500	76.3250
180	1235	54.0250	75.9250
180	1236	38.9000	15.2750
181	1224	25.5500	25.2500
181	1232	24.3500	24.1250
182	1234	5.5000	32.5500
182	1270	52.3750	76.5250
183	1235	53.5750	76.5250
183	1236	38.9000	15.2750
184	1224	25.1000	25.6750
184	1232	24.0000	24.5250
185	1234	5.0250	33.1750
185	1270	52.1000	76.7250
186	1235	53.2000	77.1500
186	1236	38.9000	15.2750
187	1224	24.6500	26.0750
187	1232	23.6000	25.1500
188	1234	4.5750	33.7750
188	1270	51.7250	76.9250
189	1235	52.7500	77.5750
189	1236	38.9000	15.2750
190	1224	24.2500	26.7000
190	1232	23.2500	25.5750
191	1234	4.2250	34.1750
191	1270	51.4500	76.9250
192	1235	52.3750	78.1750
192	1236	38.9000	15.2750
193	1224	23.8000	27.1000
193	1232	22.9000	26.1750
194	1234	3.9250	34.8250
194	1270	51.1750	77.1500
195	1235	51.9250	78.7750
195	1236	38.9000	15.2750
196	1224	23.3500	27.5250
196	1232	22.4250	26.5750
197	1234	3.6250	35.3250
197	1270	50.9000	77.3500
198	1235	51.5500	79.4250
198	1236	38.9000	15.2750
199	1224	23.0000	28.1250
199	1232	22.0500	27.0000
200	1234	3.2250	36.1500
200	1270	50.5250	77.5750
201	1235	51.0750	79.8250
201	1236	38.9000	15.2750
202	1224	22.5000	28.5500
202	1232	21.7000	27.6250
203	1234	3.3250	37.0750
203	1270	50.2750	77.5750
204	1235	50.7250	80.4250
204	1236	38.9000	15.2750
205	1224	22.0500	28.9500
205	1232	21.3000	28.0250
206	1234	3.7500	38.5250
206	1270	49.7250	77.9750
207	1235	50.2500	80.6250
207	1236	38.9000	15.1750
208	1224	21.6000	29.3750
208	1232	20.8500	28.4250
209	1234	3.0250	38.7250
209	1270	49.0750	78.3750
210	1235	49.8000	80.8500
210	1236	38.9000	15.1750
211	1224	21.0500	29.7750
211	1232	20.3000	28.8500
212	1234	2.3750	38.9250
212	1270	48.4250	78.5750
213	1235	49.4250	81.2750
213	1236	38.9000	15.1750
214	1224	20.5000	30.4000
214	1232	19.7500	29.2750
215	1234	1.7250	39.3250
215	1270	47.8750	79.0000
216	1235	48.9750	81.4750
216	1236	38.9000	15.1750
217	1224	19.9500	30.8000
217	1232	19.2000	29.6750
218	1234	1.2750	39.7250
218	1270	47.2250	79.4250
219	1235	48.5250	81.6750
219	1236	38.9000	15.1750
220	1224	19.4000	31.2250
220	1232	18.7500	30.0750
221	1234	1.0750	40.1750
221	1247	42.3000	46.2250
221	1270	46.5750	79.6250
222	1235	48.1500	82.0750
222	1236	38.9000	15.1750
223	1224	18.9500	31.6250
223	1232	18.2000	30.5000
224	1234	0.8500	40.5750
224	1247	41.8500	46.0250
224	1270	46.0250	80.0250
225	1235	47.6750	82.2750
225	1236	38.9000	15.1750
226	1224	18.4000	32.0250
226	1232	17.6500	30.9250
227	1247	41.4000	45.8250
227	1270	45.3750	80.4250
228	1235	47.2250	82.4750
228	1236	38.9000	15.1750
229	1224	17.8250	32.4500
229	1232	17.2000	31.3250
230	1247	40.9000	45.6000
230	1270	44.9250	80.6250
231	1235	46.7750	82.9000
231	1236	38.9000	15.1750
232	1224	17.2750	32.8750
232	1232	16.6500	31.7250
233	1247	40.4500	45.3750
233	1270	44.5500	80.8500
234	1235	46.2250	83.3250
234	1236	38.9000	15.1750
235	1224	16.7000	33.4750
235	1232	16.1000	32.1250
236	1247	40.0000	45.1750
236	1270	44.1750	81.0500
237	1235	45.7500	83.7250
237	1236	38.9000	15.1750
238	1224	16.2500	33.8750
238	1232	15.5250	32.5500
239	1247	39.5500	44.9750
239	1270	43.8250	81.2750
240	1235	45.2000	83.9250
240	1236	38.9000	15.1750
241	1224	15.7000	34.3000
241	1232	15.0500	32.9750
242	1247	39.1000	44.7750
242	1270	43.4500	81.6750
243	1235	44.7500	84.3250
243	1236	38.9000	15.1750
244	1224	15.1500	34.7000
244	1232	14.5000	33.3750
245	1247	38.8000	44.7750
245	1270	43.0750	81.8750
246	1235	44.1750	84.7500
246	1236	38.9000	15.1750
247	1224	14.6000	35.1250
247	1232	13.9500	33.7750
248	1247	38.4500	44.5750
248	1270	42.7250	82.0750
249	1235	43.6250	85.1750
249	1236	38.9000	15.1750
250	1224	14.0500	35.5250
250	1232	13.4000	34.1750
251	1247	38.1500	44.3750
251	1270	42.4250	82.2750
252	1235	43.1750	85.5750
252	1236	38.9000	15.0750
253	1224	13.5000	35.9250
253	1232	12.9500	34.6000
254	1247	37.9000	44.1750
254	1270	42.0750	82.4750
255	1235	42.6250	85.7750
255	1236	38.9000	15.0750
256	1224	13.0500	36.3500
256	1232	12.4000	35.0250
257	1247	37.5000	44.1750
257	1270	41.7000	82.7000
258	1235	42.1750	86.1750
258	1236	38.9000	15.0750
259	1224	12.5000	36.9750
259	1232	11.8500	35.4250
260	1247	37.2500	43.9750
260	1270	41.3250	82.9000
261	1235	41.6250	86.6000
261	1236	38.9000	15.0750
262	1224	11.9500	37.3750
262	1232	11.3000	35.8250
263	1247	37.0500	43.5250
263	1270	40.9750	83.1250
264	1235	41.1500	86.8250
264	1236	38.9000	15.0750
265	1224	11.4000	37.7750
265	1232	10.8500	36.2500
266	1247	37.0500	42.9250
266	1270	40.9750	83.3250
267	1235	41.0500	86.8250
267	1236	38.9000	15.0750
268	1224	10.8500	38.2000
268	1232	10.3000	36.6750
269	1247	36.9500	42.5250
269	1270	40.9750	83.3250
270	1235	40.9750	86.8250
270	1236	38.9000	15.0750
271	1224	10.3500	38.6250
271	1232	9.7500	37.0750
272	1247	36.8500	41.9000
272	1270	40.9750	83.3250
273	1235	40.7750	86.8250
273	1236	38.9000	15.0750
274	1224	9.8000	39.0250
274	1232	9.1750	37.4750
275	1247	36.8500	41.4750
275	1270	40.9750	83.3250
276	1235	40.7000	86.8250
276	1236	38.9000	15.0750
277	1224	9.2500	39.4250
277	1232	8.7000	37.8750
278	1247	36.8000	40.8750
278	1270	40.9750	83.3250
279	1235	40.6000	86.8250
279	1236	38.9000	15.0750
280	1224	8.7000	40.0500
280	1232	8.1500	38.3000
281	1247	36.8000	40.4750
281	1270	40.9750	83.3250
282	1235	40.4250	86.8250
282	1236	38.9000	15.0750
283	1224	8.1500	40.4750
283	1232	7.6000	38.7250
284	1247	36.7000	39.8250
284	1270	40.9750	83.3250
285	1235	40.4250	86.8250
285	1236	38.9000	15.0750
286	1260	39.1750	19.5000
287	1224	7.6500	40.8750
287	1232	7.0500	39.1250
288	1247	36.6500	39.3250
288	1270	41.1250	83.1000
289	1235	40.4250	86.8250
289	1236	38.9000	15.0750
290	1260	39.0750	19.3000
291	1224	7.1500	41.0750
291	1232	6.6000	39.5250
292	1247	36.6500	38.7250
292	1270	41.7500	82.9000
293	1235	40.4250	86.8250
293	1236	38.9000	15.0750
294	1260	39.0750	19.3000
295	1224	6.6500	41.4000
295	1232	6.0500	39.9500
296	1247	36.6000	38.1000
296	1270	42.3500	82.6000
297	1260	39.0750	19.3000
298	1224	6.1250	41.6000
299	1247	36.6000	37.4750
299	1270	42.4000	82.7000
300	1260	38.9750	19.3000
301	1224	5.6250	41.9000
302	1247	36.6000	36.8500
302	1270	42.3000	82.9000
303	1260	38.9750	19.3000
304	1224	5.0750	42.2000
305	1247	36.5500	36.2500
305	1270	42.2000	83.1000
306	1260	38.9750	19.3000
307	1224	4.5750	42.5000
308	1247	36.5500	35.7500
308	1270	42.2000	83.1000
309	1260	38.9000	19.3000
310	1224	4.0500	42.7250
311	1247	36.5500	35.0000
311	1270	42.1000	83.3000
312	1260	38.9000	19.3000
313	1224	3.5500	43.0250
314	1247	36.5500	34.4000
314	1270	42.0250	83.5250
315	1260	38.9000	19.3000
316	1224	3.0000	43.2500
317	1247	36.5000	33.9000
317	1270	42.0250	83.5250
318	1260	38.8250	19.3000
319	1224	2.5500	43.5500
320	1247	36.5000	33.1750
320	1270	41.9500	83.7250
321	1260	38.8250	19.3000
322	1224	2.0250	44.0500
323	1247	36.5000	32.6500
323	1270	41.8500	83.9250
324	1260	38.8250	19.3000
325	1247	36.4500	31.9250
325	1270	41.7500	84.1500
326	1260	38.7250	19.3000
327	1247	36.4500	31.3250
327	1270	41.7500	84.1500
328	1260	38.7250	19.3000
329	1247	36.3000	30.9250
329	1270	41.6500	84.3500
330	1260	38.7250	19.3000
331	1247	36.1500	30.4750
331	1270	41.6500	84.5500
332	1244	28.1000	7.7750
333	1260	38.7250	19.3000
334	1247	35.9500	30.0750
334	1270	41.6500	84.5500
335	1242	29.2250	8.3000
336	1243	27.6250	8.4000
337	1244	27.5500	8.2000
338	1260	38.6250	19.3000
339	1247	35.7500	29.4750
339	1270	41.6500	84.5500
340	1242	28.6750	8.5000
341	1243	27.1750	8.8000
342	1244	27.0750	8.6000
343	1260	38.6250	19.3000
344	1247	35.6000	29.0750
344	1270	41.6500	84.5500
345	1242	28.2250	8.9000
346	1243	26.7000	9.2000
347	1244	26.6000	9.0250
348	1260	38.6250	19.3000
349	1247	35.3000	28.6250
349	1270	41.6500	84.5500
350	1242	27.7750	9.3250
351	1243	26.2500	9.6500
352	1244	26.1500	9.4250
353	1260	38.5250	19.3000
354	1247	35.0500	28.2250
354	1270	41.6500	84.5500
355	1242	27.3000	9.7500
356	1243	25.7750	10.0500
357	1244	25.7000	10.0500
358	1260	38.5250	19.1000
359	1247	34.8500	27.6250
359	1270	41.6500	84.5500
360	1242	26.8500	10.1500
361	1243	25.3250	10.4500
362	1244	25.2500	10.4500
363	1260	38.5250	19.1000
364	1247	34.5000	27.2250
364	1270	41.6500	84.5500
365	1242	26.3750	10.5500
366	1243	24.8750	11.0500
367	1244	24.7750	10.8750
368	1260	38.4250	19.1000
369	1247	34.1000	26.7750
369	1270	41.6500	84.5500
370	1242	25.9250	10.7500
371	1243	24.5000	11.5000
372	1244	24.3000	11.2750
373	1260	38.4250	19.1000
374	1247	33.6500	26.3750
374	1270	41.6500	84.5500
375	1242	25.3750	11.1750
376	1243	24.0250	11.9000
377	1244	23.8500	11.9000
378	1260	38.4250	19.1000
379	1247	33.3000	25.9750
379	1270	41.6500	84.5500
380	1242	24.9000	11.6000
381	1243	23.5750	12.3000
382	1244	23.4000	12.3000
383	1260	38.3250	19.1000
384	1247	32.9000	25.5750
384	1270	41.6500	84.5500
385	1242	24.4500	12.2000
386	1243	23.1250	12.7000
387	1244	22.9250	12.7250
388	1260	38.3250	19.1000
389	1247	32.5500	25.1750
389	1270	41.6500	84.5500
390	1242	24.0000	12.8000
391	1243	22.6500	13.3500
392	1244	22.4750	13.1250
393	1260	38.3250	19.1000
394	1247	32.2000	24.7250
394	1270	41.6500	84.5500
395	1242	23.5250	13.2500
396	1243	22.2000	13.7500
397	1244	22.0000	13.7500
398	1260	38.2500	19.1000
399	1247	31.8000	24.1250
399	1270	41.6500	84.5500
400	1242	23.0750	13.8500
401	1243	21.7250	14.1500
402	1244	21.5500	14.1500
403	1260	38.2500	19.1000
404	1247	31.4500	23.7250
404	1270	41.6500	84.5500
405	1242	22.6000	14.4500
406	1243	21.3750	14.5500
407	1244	21.1000	14.5750
408	1260	38.2500	19.1000
409	1247	31.0750	23.3250
409	1270	41.6500	84.5500
410	1242	22.1500	15.1000
411	1243	20.9250	15.0000
412	1244	20.6250	14.9750
413	1260	38.2500	19.1000
414	1247	30.7000	22.8750
414	1270	41.6500	84.5500
415	1242	21.7000	15.7000
416	1243	20.4500	15.4000
417	1244	20.1750	15.6000
418	1260	38.1750	19.1000
419	1247	30.3500	22.4750
419	1270	41.6500	84.5500
420	1242	21.2250	16.1000
421	1243	19.9750	16.0000
422	1244	19.7000	16.0000
423	1260	38.1750	19.1000
424	1247	29.9750	22.0750
424	1270	41.6500	84.5500
425	1242	20.7750	16.7250
426	1243	19.5250	16.4000
427	1244	19.2500	16.4250
428	1260	38.1750	19.1000
429	1247	29.6000	21.6750
429	1270	41.6500	84.5500
430	1242	20.3000	17.3500
431	1243	19.0750	16.8500
432	1244	18.9000	17.0250
433	1260	38.0750	19.1000
434	1247	29.2500	21.4750
434	1270	41.6500	84.5500
435	1242	19.9500	17.7500
436	1243	18.7000	17.2500
437	1244	18.4250	17.4500
438	1260	38.0750	19.1000
439	1247	28.8500	21.0250
439	1270	41.6500	84.5500
440	1242	19.4750	18.3500
441	1243	18.2250	17.8500
442	1244	17.9500	17.8500
443	1260	38.0750	19.1000
444	1247	28.5000	20.8250
444	1270	41.6500	84.5500
445	1242	19.0250	18.8000
446	1243	17.7750	18.2500
447	1244	17.5000	18.4750
448	1260	37.9750	19.1000
449	1247	28.1500	20.4250
449	1270	41.6500	84.5500
450	1242	18.5500	19.4000
451	1243	17.4250	18.7000
452	1244	17.1500	18.8750
453	1260	37.9750	19.1000
454	1247	27.8500	20.2250
454	1270	41.6500	84.5500
455	1242	18.0000	19.8000
456	1243	16.9500	19.1000
457	1244	16.6750	19.5000
458	1260	37.9750	19.1000
459	1247	27.5000	19.8250
459	1270	41.6500	84.5500
460	1242	17.4500	20.4250
461	1243	16.5750	19.7000
461	1269	40.2500	86.6000
462	1244	16.2000	19.9250
463	1260	37.9250	19.1000
464	1247	27.3000	19.7250
464	1270	41.6000	84.5500
465	1242	17.0000	21.0500
466	1243	16.1250	20.2000
466	1269	40.2500	86.6000
467	1244	15.7000	20.5250
468	1260	37.9250	19.1000
469	1247	27.3000	19.7250
469	1270	41.6000	84.6500
470	1242	16.6250	21.6500
471	1243	15.6750	20.7500
471	1269	40.2500	86.6000
472	1244	15.1500	21.0250
473	1260	37.9250	19.1000
474	1247	27.2500	19.7250
474	1270	41.6000	84.8500
475	1242	16.2250	22.2750
476	1243	15.2000	21.3500
476	1269	40.2500	86.6000
477	1244	14.6500	21.5500
478	1260	37.9250	19.2000
479	1247	27.2000	19.7250
479	1270	41.6000	84.9500
480	1242	15.8500	22.9000
481	1243	14.8000	21.8500
481	1269	40.2500	86.6000
482	1244	14.1000	22.0750
483	1260	37.9250	19.3000
484	1247	27.2000	19.7250
484	1270	41.5500	85.1500
485	1242	15.4250	23.5000
486	1243	14.3250	22.4750
486	1269	40.2500	86.6000
487	1244	13.5500	22.6750
488	1260	37.9250	19.4000
489	1247	27.1000	19.8250
489	1270	41.5500	85.2500
490	1242	15.0250	24.2250
491	1243	13.8750	23.1000
491	1269	40.2500	86.6000
492	1244	13.0500	23.1000
493	1260	37.9250	19.4000
494	1247	27.1000	19.8250
494	1270	41.6000	85.4500
495	1242	14.6250	24.8500
496	1243	13.4000	23.7250
496	1269	40.2500	86.6000
497	1244	12.5000	23.7250
498	1260	37.9250	19.4000
499	1247	27.1000	19.7000
499	1270	41.5750	85.4500
500	1242	14.2250	25.4500
501	1243	13.0000	24.2250
501	1269	40.2500	86.6000
502	1244	11.9750	24.3250
503	1260	37.9250	19.6000
504	1247	27.0250	19.7000
504	1270	41.5750	85.7000
505	1242	13.8250	26.1750
506	1243	12.5500	24.8500
506	1269	40.2500	86.6000
507	1244	11.4250	24.8250
508	1260	37.9250	19.6000
509	1247	27.0250	19.7000
509	1270	41.5750	85.8000
510	1242	13.4750	26.7000
511	1243	12.0750	25.3750
511	1269	40.2500	86.6000
512	1244	10.9250	25.3750
513	1260	37.9250	19.6000
514	1247	26.9750	19.7000
514	1270	41.5750	86.0000
515	1242	13.0250	27.3250
516	1243	11.6500	25.9750
516	1269	40.2500	86.6000
517	1244	10.4250	25.8750
518	1260	37.9250	19.7000
519	1247	26.9500	19.8000
519	1270	41.5250	86.1000
520	1242	12.6250	28.0250
521	1243	11.2000	26.5750
521	1269	40.2500	86.6000
522	1244	9.8750	26.4750
523	1260	37.9250	19.8000
524	1247	26.9500	19.8000
524	1270	41.5750	86.3000
525	1242	12.2250	28.6500
526	1243	10.7500	27.2250
526	1269	40.2500	86.6000
527	1244	9.3750	26.9000
528	1260	37.9250	19.9000
529	1247	26.9000	19.8000
529	1270	41.5750	86.4000
530	1242	11.7500	29.2750
531	1243	10.2750	27.8250
531	1269	40.2500	86.6000
532	1244	8.8250	27.5250
533	1260	37.8750	19.9000
534	1266	0.9750	47.5500
535	1247	26.8500	19.8000
535	1270	41.5750	86.6000
536	1242	11.2000	29.6750
537	1243	9.7250	28.2250
537	1269	40.2500	86.6000
538	1244	8.3500	27.9250
539	1260	37.8750	20.0000
540	1266	1.4500	46.7250
541	1247	26.8000	19.7000
541	1270	41.5250	86.7000
542	1242	10.7250	30.2750
543	1243	9.2500	28.8750
543	1269	40.2500	86.6000
544	1244	7.7750	28.5250
545	1260	37.8750	20.1000
546	1266	2.0000	46.1250
547	1247	26.7500	19.8000
547	1270	41.5250	86.9000
548	1242	10.1750	30.7000
549	1243	8.7000	29.4750
549	1269	40.2500	86.6000
550	1244	7.3250	28.9750
551	1260	37.8750	20.1000
552	1266	2.5500	45.5000
553	1247	26.7500	19.8000
553	1270	41.5250	87.0250
554	1242	9.7250	31.3250
555	1243	8.2500	30.0750
555	1269	40.2500	86.6000
556	1244	6.7750	29.3750
557	1260	37.8750	20.2000
558	1266	3.0250	44.6750
559	1247	26.7000	19.8000
559	1270	41.5250	87.0250
560	1242	9.1750	31.7250
561	1243	7.7000	30.7250
561	1269	40.2500	86.6000
562	1244	6.3250	29.9750
563	1260	37.8750	20.3000
564	1266	3.5750	44.0500
565	1247	26.6500	19.8000
565	1270	41.5750	86.8000
566	1242	8.6250	32.3250
567	1243	7.2500	31.3250
567	1269	40.2500	86.6000
568	1244	5.7750	30.3750
569	1260	37.8750	20.3000
570	1266	4.1250	43.4500
571	1247	26.6500	19.8000
571	1270	41.5750	86.6000
572	1242	8.1750	32.7750
573	1243	6.7000	31.7250
573	1269	40.2500	86.6000
574	1244	5.3250	31.0250
575	1260	37.8750	20.4250
576	1266	4.6750	42.6250
577	1247	26.6000	19.8000
577	1270	41.5750	86.4000
578	1242	7.6250	33.3750
579	1243	6.2500	32.3250
579	1269	40.2500	86.6000
580	1244	4.7750	31.4250
581	1260	37.8750	20.4250
582	1266	5.0250	42.0000
583	1247	26.5500	19.8000
583	1270	41.5750	85.9750
584	1242	7.0750	33.8750
585	1243	5.6750	32.9750
585	1269	40.2500	86.6000
586	1244	4.3000	32.0250
587	1260	37.8750	20.5500
588	1266	5.3250	41.1750
589	1247	26.5250	19.8000
589	1270	41.6750	85.7750
590	1242	6.5250	34.5000
591	1243	5.1250	33.5750
591	1269	40.2500	86.6000
592	1244	3.8250	32.6750
593	1260	37.8750	20.6500
594	1266	5.6750	40.3500
595	1247	26.5250	19.8000
595	1270	41.6750	85.3750
596	1242	5.9250	35.1250
597	1243	4.6500	34.1750
597	1269	40.2500	86.6000
598	1244	3.3750	33.0750
599	1260	37.8750	20.6500
600	1266	5.9750	39.5250
601	1247	26.4750	19.8000
601	1270	41.6750	85.1750
602	1242	5.3250	35.7250
603	1243	4.1000	34.8250
603	1269	40.2500	86.6000
604	1244	2.9250	33.6750
605	1260	37.8750	20.7500
606	1266	6.2250	38.7250
607	1247	26.4250	19.8000
607	1270	41.6750	84.9500
608	1242	4.7250	36.3500
609	1243	3.5500	35.4250
609	1269	40.2500	86.6000
610	1244	2.4750	34.2750
611	1260	37.8750	20.8500
612	1266	6.5250	37.9000
613	1247	26.4000	19.9000
613	1270	41.6750	84.5500
614	1242	4.1250	36.9750
615	1243	3.1000	35.8250
615	1269	40.2500	86.6000
616	1244	2.0000	34.7250
617	1260	37.8250	20.8500
618	1266	6.8750	37.0750
619	1247	26.3500	19.9000
619	1270	41.7500	84.5500
620	1242	3.5250	37.5750
621	1243	2.5500	36.4750
621	1269	40.2500	86.6000
622	1244	1.5250	35.3250
623	1260	37.8250	20.9500
624	1266	7.0750	36.2500
625	1247	26.3500	19.8000
625	1270	41.7500	84.5500
626	1242	2.9250	38.2000
627	1243	2.0000	37.0750
627	1269	40.2500	86.6000
628	1244	1.0750	35.9250
629	1260	37.8250	21.0500
630	1266	7.2250	35.4250
631	1247	26.3000	19.8000
631	1270	41.7500	84.5500
632	1242	2.3250	38.8250
633	1243	1.5500	37.6750
633	1269	40.2500	86.6000
634	1260	37.8250	21.1500
635	1266	7.3250	34.4000
636	1247	26.2500	19.8000
636	1270	41.7500	84.5500
637	1242	2.0500	39.4250
638	1243	1.0750	38.0750
638	1269	40.2500	86.6000
639	1260	37.8250	21.1500
640	1266	7.5250	33.5750
641	1247	26.2500	19.8000
641	1270	41.7500	84.5500
642	1242	1.6750	39.8250
643	1269	40.2500	86.6000
644	1260	37.8250	21.1500
645	1266	7.6250	32.7500
646	1247	26.2000	19.9000
646	1270	41.7500	84.5500
647	1242	1.1250	40.2750
648	1269	40.2500	86.6000
649	1260	37.8250	21.3500
650	1266	7.7000	31.9250
651	1247	26.1500	19.9000
651	1270	41.7500	84.5500
652	1269	40.2500	86.6000
653	1260	37.8250	21.3500
654	1266	7.8750	31.1250
655	1247	26.1500	19.9000
655	1270	41.7500	84.5500
656	1269	40.2500	86.6000
657	1260	37.8250	21.3500
658	1266	7.9750	30.0750
659	1247	26.0500	19.9000
659	1270	41.7500	84.5500
660	1269	40.2500	86.6000
661	1260	37.8250	21.4500
662	1266	8.1750	29.2750
663	1247	26.0500	19.8000
663	1270	41.7500	84.5500
664	1269	40.2500	86.6000
665	1260	37.8250	21.5500
666	1266	8.2750	28.4500
667	1247	26.0500	19.8000
667	1270	41.7500	84.5500
668	1269	40.2500	86.6000
669	1260	37.8250	21.6500
670	1266	8.2750	27.6250
671	1247	25.9750	19.9000
671	1270	41.7500	84.5500
672	1269	40.2500	86.6000
673	1260	37.8250	21.6500
674	1266	8.3500	26.8000
675	1247	25.9750	19.9000
675	1270	41.7500	84.5500
676	1269	40.2500	86.6000
677	1260	37.8250	21.6500
678	1266	8.3500	25.9750
679	1247	25.8750	19.9000
679	1270	41.7500	84.5500
680	1269	40.2000	86.6000
681	1260	37.7500	21.8500
682	1266	8.4250	25.0500
683	1247	25.8750	19.9000
683	1270	41.6750	84.7500
684	1269	40.2000	86.6000
685	1260	37.6500	22.2750
686	1266	8.4750	24.2250
687	1247	25.8750	19.9000
687	1270	41.5750	85.1750
688	1269	40.2000	86.6000
689	1260	37.6500	22.4750
690	1266	8.4750	23.4000
691	1270	41.4750	85.4750
692	1269	40.2000	86.6000
693	1260	37.5750	22.8000
694	1266	8.5750	22.5750
695	1270	41.3750	85.8750
696	1230	11.1000	9.4250
696	1269	40.2000	86.6000
697	1260	37.4750	23.1000
698	1266	8.5750	21.7750
699	1270	41.2750	86.3000
700	1230	10.9250	10.2500
700	1269	40.2000	86.6000
701	1260	37.4750	23.4000
702	1266	8.6750	20.9250
703	1270	41.2000	86.6000
704	1230	10.8500	11.0750
704	1269	40.2000	86.6000
705	1260	37.2000	23.4000
706	1266	8.7250	20.1250
707	1270	41.1250	86.9250
708	1230	10.7500	11.9000
708	1269	40.2000	86.6000
709	1260	36.9250	23.4000
710	1266	8.7250	19.3000
711	1270	41.0750	87.3250
712	1230	10.6500	12.7250
712	1269	40.2000	86.6000
713	1260	36.5500	23.2000
714	1266	8.8000	18.4750
715	1270	40.9750	87.6250
716	1230	10.5500	13.5250
716	1269	40.2000	86.6000
717	1260	36.2750	23.2000
718	1266	8.8500	17.6500
719	1270	40.8750	87.8250
720	1230	10.4500	14.3750
720	1269	40.2000	86.6000
721	1260	35.9000	23.0000
722	1266	8.8500	16.8250
723	1270	40.8750	87.8250
724	1230	10.3750	15.1750
724	1269	40.2000	86.6000
725	1260	35.6250	23.0000
726	1266	8.9500	16.0000
727	1270	40.8750	87.8250
728	1230	10.3000	16.0000
728	1269	40.2000	86.6000
729	1260	35.2750	22.8000
730	1266	8.9500	15.1750
731	1270	40.8750	87.8250
732	1230	10.2000	16.8250
732	1269	40.2000	86.6000
733	1268	38.6750	47.1500
734	1260	34.9750	22.8000
735	1266	9.0000	14.3750
736	1270	40.7750	88.0250
737	1230	10.1000	17.6500
737	1269	40.2000	86.6000
738	1268	37.7500	46.9500
739	1260	34.6250	22.6000
740	1266	9.1000	13.5250
741	1270	40.7750	88.0250
742	1230	10.0000	18.6750
742	1269	40.2000	86.6000
743	1268	36.8250	46.9500
744	1260	34.4250	22.3750
745	1266	9.1000	12.7250
746	1270	40.7750	88.0250
747	1230	9.9000	19.5000
747	1269	40.2000	86.6000
748	1268	35.9000	46.9500
749	1260	34.1750	21.9500
750	1266	9.1750	11.9000
751	1270	40.7750	88.0250
752	1230	9.8000	20.3250
752	1269	40.2000	86.6000
753	1268	35.0750	46.9500
754	1260	33.8750	21.7500
755	1266	9.1750	11.0750
756	1270	40.6750	88.2500
757	1230	9.7250	21.1500
757	1269	40.2000	86.6000
758	1268	34.1750	46.9500
759	1260	33.6000	21.3500
760	1266	9.2000	10.2500
761	1270	40.6750	88.2500
762	1230	9.6500	21.9750
762	1269	40.2000	86.6000
763	1268	33.2250	46.9500
764	1260	33.4250	21.1500
765	1266	9.3000	9.4250
766	1270	40.6750	88.2500
767	1230	9.5500	22.7750
767	1269	40.2000	86.6000
768	1268	32.3250	46.9500
769	1260	33.1500	20.9500
770	1266	9.3000	9.0250
771	1270	40.6750	88.2500
772	1230	9.4500	23.6250
772	1269	40.2250	86.6000
773	1268	31.4750	46.9500
774	1260	32.8750	20.5250
775	1270	40.6000	88.4500
776	1230	9.1000	24.4250
776	1269	40.2250	86.6000
777	1268	30.5750	46.9500
778	1260	32.6750	20.1000
779	1270	40.6000	88.4500
780	1230	8.8000	25.0500
780	1269	40.2250	86.6000
781	1268	29.6500	46.9500
782	1260	32.6000	19.7000
783	1270	40.6000	88.4500
784	1230	8.4500	25.8750
784	1269	40.2250	86.6000
785	1268	28.7250	46.9500
786	1260	32.5000	19.1000
787	1270	40.6000	88.4500
788	1230	8.0750	26.7000
788	1269	40.2250	86.6000
789	1268	27.9000	46.9500
790	1260	32.3250	18.6750
791	1270	40.6000	88.6750
792	1230	7.7000	27.3250
792	1269	40.2250	86.6000
793	1268	26.9750	46.9500
794	1260	32.2250	18.0500
795	1270	40.6000	88.6750
796	1230	7.4250	28.1250
796	1269	40.2250	86.6000
797	1268	26.0750	46.9500
798	1260	32.1250	17.6500
799	1270	40.6000	88.6750
800	1230	7.0500	28.7500
800	1269	40.2250	86.6000
801	1268	25.2250	46.9500
802	1260	32.0250	17.0500
803	1270	40.6000	88.6750
804	1230	6.7000	29.5750
804	1269	40.2250	86.6000
805	1268	24.3250	46.9500
806	1260	31.8750	16.6250
807	1270	40.6000	88.6750
808	1230	6.4000	30.4000
808	1269	40.2250	86.6000
809	1268	23.4750	46.9500
810	1260	31.7750	16.0000
811	1270	40.6000	88.6750
812	1230	6.0500	31.0250
812	1269	40.2250	86.6000
813	1268	22.5750	46.9500
814	1260	31.6750	15.4000
815	1270	40.6000	88.6750
816	1230	5.7000	31.8250
816	1269	40.2250	86.6000
817	1268	21.6500	47.1500
818	1260	31.5750	14.9750
819	1270	40.6000	88.6750
820	1230	5.4000	32.4500
820	1269	40.2250	86.6000
821	1268	20.8250	47.1500
822	1260	31.4000	14.3500
823	1270	40.6000	88.6750
824	1230	4.8500	33.2750
824	1269	40.2250	86.6000
825	1268	19.9000	47.1500
826	1260	31.2250	13.9500
827	1270	40.6000	88.6750
828	1230	4.2000	34.0750
828	1269	40.2250	86.6000
829	1268	19.0750	47.1500
830	1260	31.0250	13.3500
831	1270	40.6000	88.6750
832	1230	3.5500	34.7000
832	1269	40.2250	86.6000
833	1268	18.1500	47.3500
834	1260	30.8500	12.9250
835	1270	40.6000	88.6750
836	1230	3.0000	35.5250
836	1269	40.2250	86.6000
837	1268	17.2250	47.3500
838	1260	30.6750	12.3000
839	1270	40.6000	88.6750
840	1230	2.3500	36.3500
840	1269	40.2250	86.6000
841	1268	16.4000	47.3500
842	1260	30.4750	11.7000
843	1270	40.6000	88.6750
844	1230	1.7250	37.1750
844	1269	40.2250	86.6000
845	1268	15.4750	47.3500
846	1260	30.3000	11.2750
847	1270	40.6000	88.6750
848	1269	40.2250	86.6000
849	1268	14.6500	47.5500
850	1260	30.1250	10.6500
851	1270	40.6000	88.6750
852	1269	40.2250	86.6000
853	1268	13.5500	47.3500
854	1260	29.9250	10.2500
854	1271	25.2500	19.9250
855	1270	40.5500	88.4500
856	1269	40.2250	86.5000
857	1268	12.6250	47.3500
858	1260	29.7000	9.6250
858	1271	25.2500	19.9250
859	1270	40.5500	88.4500
860	1269	40.2250	86.5000
861	1268	11.7500	47.4500
862	1260	29.5500	9.2250
862	1271	25.2500	19.9250
863	1270	40.5500	88.4500
864	1269	40.2250	86.5000
865	1268	10.8750	47.5500
866	1260	29.4250	8.7250
866	1271	25.2500	19.9250
867	1270	40.5500	88.4500
868	1269	40.2250	86.5000
869	1268	10.0250	47.7500
870	1260	29.1500	8.4000
870	1271	25.2500	19.9250
871	1270	40.5500	88.4500
872	1269	40.2250	86.5000
873	1268	9.1250	47.8500
874	1260	28.8500	8.1750
874	1271	25.2500	19.9250
875	1270	40.5500	88.4500
876	1269	40.2250	86.5000
877	1268	8.2250	48.0750
878	1260	28.6000	7.7750
878	1271	25.2500	19.9250
879	1270	40.5500	88.4500
880	1269	40.2250	86.5000
881	1268	7.3250	48.0750
882	1260	28.2250	7.5750
882	1271	25.2500	19.9250
883	1270	40.5500	88.4500
884	1269	40.2250	86.5000
885	1268	6.4250	48.2750
886	1260	28.1500	7.5750
886	1271	25.2500	19.9250
887	1270	40.5000	88.4500
888	1269	40.2250	86.5000
889	1268	5.5500	48.3750
890	1260	28.3000	7.7750
890	1271	25.2500	19.9250
891	1270	40.5000	88.4500
892	1269	40.2250	86.5000
893	1268	4.6750	48.5750
894	1260	28.5000	8.1750
894	1271	25.2500	19.9250
895	1270	40.5000	88.4500
896	1269	40.2250	86.5000
897	1268	3.8000	48.6750
898	1260	28.7000	8.4000
898	1271	25.2500	19.9250
899	1270	40.5000	88.4500
900	1269	40.2250	86.4000
901	1268	2.9250	48.7750
902	1260	28.8500	8.6250
902	1271	25.2500	19.9250
903	1270	40.5000	88.4500
904	1269	40.2250	86.4000
905	1268	2.1000	49.0000
906	1260	29.0500	8.8250
906	1271	25.2500	19.9250
907	1270	40.5000	88.4500
908	1269	40.2250	86.4000
909	1268	1.5250	49.0000
910	1260	29.1000	9.0250
910	1271	25.2500	19.9250
911	1270	40.5000	88.4500
912	1269	40.2250	86.4000
913	1268	0.8750	49.0000
914	1260	29.1000	9.4250
914	1271	25.2500	19.9250
915	1270	40.4500	88.4500
916	1269	40.2750	86.4000
917	1260	29.1000	9.6250
917	1271	25.2500	19.9250
918	1270	40.4500	88.4500
919	1269	40.2750	86.4000
920	1260	29.1000	10.0250
920	1271	25.2500	19.9250
921	1270	40.4500	88.4500
922	1269	40.2750	86.4000
923	1260	29.1000	10.2500
923	1271	25.2500	19.9250
924	1270	40.4500	88.4500
925	1269	40.2750	86.4000
926	1260	29.0000	10.6750
926	1271	25.2500	19.9250
927	1270	40.4500	88.4500
928	1269	40.2750	86.4000
929	1260	29.0000	11.2750
929	1271	25.2500	19.9250
930	1270	40.4500	88.4500
931	1269	40.2750	86.4000
932	1260	28.9000	11.8750
932	1271	25.2500	19.9250
933	1270	40.4500	88.4500
934	1269	40.2750	86.4000
935	1260	28.8000	12.5250
935	1271	25.2500	19.9250
936	1270	40.4000	88.2500
937	1269	40.2750	86.2750
938	1260	28.8000	13.1250
938	1271	25.2500	19.9250
939	1270	40.4000	88.2500
940	1269	40.2750	86.2750
941	1260	28.7500	13.7250
941	1271	25.2500	19.9250
942	1270	40.4000	88.2500
943	1269	40.2750	86.2750
944	1260	28.7500	14.3750
944	1271	25.2500	19.9250
945	1270	40.4000	88.2500
946	1269	40.2750	86.2750
947	1260	28.6500	14.9750
947	1271	25.2500	19.9250
948	1270	40.4000	88.2500
949	1269	40.2750	86.2750
950	1260	28.5500	15.3750
950	1271	25.2500	19.9250
951	1270	40.4000	88.2500
952	1269	40.2750	86.2750
953	1260	28.4000	16.0250
953	1271	25.2500	19.9250
954	1266	9.5750	10.6750
955	1246	37.2750	47.8750
955	1270	40.4000	88.2500
956	1267	11.0750	8.9250
957	1269	40.2750	86.2750
958	1260	28.3000	16.6250
958	1271	25.2500	19.9250
959	1266	9.4500	11.2750
960	1246	36.6500	47.6500
960	1270	40.4000	88.2500
961	1267	10.9750	9.5250
962	1269	40.3250	86.2750
963	1260	28.1750	17.0250
963	1271	25.2500	19.9250
964	1266	9.3750	12.1000
965	1246	36.0000	47.6500
965	1270	40.3500	88.2500
966	1267	10.9250	10.3750
967	1269	40.3250	86.2750
968	1260	28.0500	17.6500
968	1271	25.2500	19.9250
969	1266	9.3250	12.7250
970	1246	35.3500	47.4500
970	1270	40.3500	88.2500
971	1267	10.8250	11.1750
972	1269	40.3250	86.2750
973	1260	27.9000	18.1750
973	1271	25.2500	19.9250
974	1266	9.1750	13.5250
975	1246	34.7250	47.4500
975	1270	40.3500	88.2500
976	1267	10.7750	11.9750
977	1269	40.3250	86.2750
978	1260	27.8250	18.6750
978	1271	25.2500	19.9250
979	1266	9.0750	14.2750
980	1246	34.0750	47.4500
980	1270	40.3500	88.2500
981	1267	10.7750	12.8250
982	1269	40.3250	86.1750
983	1260	27.6750	19.1750
983	1271	25.2500	19.9250
984	1266	9.0000	14.9750
985	1246	33.4250	47.2500
985	1270	40.3500	88.2500
986	1267	10.6750	13.6250
987	1269	40.3250	86.1750
988	1260	27.5250	19.8250
988	1271	25.2500	19.9250
989	1266	8.9000	15.7000
990	1246	32.7750	47.2500
990	1270	40.3500	88.2500
991	1267	10.6500	14.4750
992	1269	40.3250	86.1750
993	1260	27.4250	20.3250
993	1271	25.2500	19.9250
994	1266	8.8000	16.5250
995	1246	32.0500	47.0250
995	1270	40.3500	88.2500
996	1267	10.6000	15.1750
997	1269	40.3250	86.1750
998	1260	27.3000	20.8250
998	1271	25.2500	19.9250
999	1266	8.7000	17.2250
1000	1246	31.3000	47.0250
1000	1270	40.3250	88.2500
1001	1267	10.5750	16.0250
1002	1269	40.3250	86.1750
1003	1260	27.1750	21.4750
1003	1271	25.2500	19.9250
1004	1266	8.6000	17.9750
1005	1246	30.4750	47.0250
1005	1270	40.3250	88.2500
1006	1267	10.5250	16.8250
1007	1269	40.3250	86.1750
1008	1260	26.8000	21.8750
1008	1271	25.2500	19.9250
1009	1266	8.5000	18.6750
1010	1246	29.7500	47.0250
1010	1270	40.3250	88.2500
1011	1267	10.4750	17.6500
1012	1269	40.3250	86.1750
1013	1260	26.4250	22.4750
1013	1271	25.2500	19.9250
1014	1266	8.4500	19.4000
1015	1246	28.9250	47.0250
1015	1270	40.3250	88.2500
1016	1267	10.3750	18.4750
1017	1269	40.3250	86.1750
1018	1260	25.9750	23.0750
1018	1271	25.2500	19.9250
1019	1266	8.3000	20.2250
1020	1246	28.0750	47.0250
1020	1270	40.3250	88.2500
1021	1267	10.2750	19.2750
1022	1269	40.3250	86.1750
1023	1260	25.5250	23.5250
1023	1271	25.2500	19.9250
1024	1266	8.2500	20.8250
1025	1246	27.1750	47.0250
1025	1270	40.3250	88.2500
1026	1267	10.2750	20.4250
1027	1269	40.3250	86.1750
1028	1260	25.0750	24.1250
1028	1271	25.2500	19.9250
1029	1266	8.2500	21.6750
1030	1246	26.1500	47.0250
1030	1270	40.3250	88.2500
1031	1267	10.2750	21.4750
1032	1269	40.3250	86.1750
1033	1260	24.6750	24.6250
1033	1271	25.2500	19.9250
1034	1266	8.3000	22.3750
1035	1246	25.2750	47.0250
1036	1267	10.3250	22.4750
1037	1260	24.2000	25.0500
1038	1266	8.2500	23.1000
1039	1246	24.5500	47.0250
1040	1267	10.3250	23.6250
1041	1260	23.7500	25.6750
1042	1266	8.2750	23.8250
1043	1246	23.7000	47.0250
1044	1267	10.3000	24.6250
1045	1260	23.3000	26.0750
1046	1266	8.3250	24.6250
1047	1246	22.9750	47.0250
1048	1267	10.2000	25.6750
1049	1260	22.9500	26.4750
1050	1266	8.3000	25.2750
1051	1246	22.2500	46.8250
1052	1267	10.1000	26.6750
1053	1262	40.5000	45.5000
1054	1260	22.4750	26.9000
1055	1266	8.3000	26.0750
1056	1246	21.5000	46.8250
1057	1267	10.0000	27.7250
1058	1262	39.8500	44.8750
1059	1260	22.0000	27.3250
1060	1266	8.2500	26.6750
1061	1246	20.7750	46.8250
1062	1267	9.7500	28.7500
1063	1262	39.2250	44.2750
1064	1260	21.5500	27.7250
1065	1266	7.9000	27.5250
1066	1246	20.0500	46.8250
1067	1267	9.2500	29.5750
1068	1262	38.6750	43.6500
1069	1260	21.0000	28.1250
1070	1266	7.6000	28.3250
1071	1246	19.3000	46.8250
1072	1267	8.9000	30.6000
1073	1262	38.0250	43.0250
1074	1260	20.5000	28.5250
1075	1266	7.3500	29.1750
1076	1246	18.5500	46.8250
1077	1267	8.4500	31.6250
1078	1262	37.3750	42.4250
1079	1260	20.0250	28.9750
1080	1266	7.0500	29.9750
1081	1246	17.8250	46.8250
1082	1267	8.0000	32.4250
1083	1262	36.9250	41.8000
1084	1260	19.4750	29.3750
1085	1266	6.7000	30.6000
1086	1263	30.4500	7.7750
1087	1246	17.2000	46.8250
1088	1267	7.5000	33.4750
1089	1262	36.7250	41.1750
1090	1260	19.0250	29.7750
1091	1266	6.4000	31.4250
1092	1263	30.5250	8.2000
1093	1246	16.4500	46.8250
1094	1267	6.7000	34.0750
1095	1262	36.4500	40.3750
1096	1260	18.4750	29.9750
1097	1266	6.2500	31.8250
1098	1263	30.6000	8.6000
1099	1246	15.7000	46.8250
1100	1267	5.7500	34.2750
1101	1262	36.1750	39.7250
1102	1260	17.9250	30.3750
1103	1266	5.4000	32.2250
1104	1263	30.8000	9.0250
1105	1246	14.9750	46.8250
1106	1267	4.7500	34.7250
1107	1262	36.0000	38.9250
1108	1260	17.3750	30.6000
1109	1266	4.5000	32.6750
1110	1263	30.9000	9.6250
1111	1246	14.2500	46.8250
1112	1267	3.7500	35.1250
1113	1262	35.7250	38.3000
1114	1260	16.8000	31.0250
1115	1266	3.5500	32.6750
1116	1263	31.0750	10.0500
1117	1246	13.5000	46.8250
1118	1267	2.8500	35.3250
1119	1262	35.5500	37.4750
1120	1260	16.2500	31.4250
1121	1266	2.6500	32.8750
1122	1263	31.1500	10.4500
1123	1246	12.6750	46.8250
1124	1267	1.9000	35.3250
1125	1262	35.2500	36.6750
1126	1260	15.7000	31.6250
1127	1266	1.7250	32.8750
1128	1263	31.3500	10.8750
1129	1246	11.9500	46.8250
1130	1262	35.0750	36.0250
1131	1260	15.1500	32.0250
1132	1263	31.4500	11.4750
1133	1246	11.2000	46.8250
1134	1262	34.8000	35.2250
1135	1260	14.6000	32.2250
1136	1264	12.8500	8.0750
1137	1263	31.6250	11.9000
1138	1246	10.4500	46.8250
1139	1262	34.6250	34.4000
1140	1260	13.9500	32.6750
1141	1264	12.5000	8.7250
1142	1263	31.7250	12.5000
1143	1246	9.6500	46.8250
1144	1262	34.4250	33.7750
1145	1260	13.4000	32.8750
1146	1264	12.1000	9.5250
1147	1263	31.9000	13.3250
1148	1246	8.9000	46.8250
1149	1262	33.9750	33.1750
1150	1260	12.7750	33.0750
1151	1264	11.8500	10.3750
1152	1263	32.1000	14.1500
1153	1246	8.1500	46.8250
1154	1262	33.5000	32.5500
1155	1260	12.2000	33.4750
1156	1264	11.4750	11.1750
1157	1263	32.2750	14.9750
1158	1246	7.4250	46.8250
1159	1262	33.0500	31.9250
1160	1260	11.5750	33.6750
1161	1264	11.3000	11.7750
1162	1263	32.4500	16.0000
1163	1246	6.7000	46.8250
1164	1262	32.6000	31.5250
1165	1260	11.0250	34.0750
1166	1264	11.0000	12.6250
1167	1263	32.6500	16.8250
1168	1246	5.9500	46.8250
1169	1262	32.2250	30.9250
1170	1260	10.3750	34.2750
1171	1264	10.8500	13.4250
1172	1263	32.8250	17.6500
1173	1246	5.1250	46.8250
1174	1262	31.7750	30.2750
1175	1260	9.8250	34.5000
1176	1264	10.6500	14.0750
1177	1263	33.0000	18.4750
1178	1246	4.4000	46.8250
1179	1262	31.3000	29.8750
1180	1260	9.2750	34.7250
1181	1264	10.3500	14.8750
1182	1263	33.2000	19.3000
1183	1246	3.3750	46.8250
1184	1262	30.6000	29.2750
1185	1260	8.6250	34.9250
1186	1264	10.2000	15.6750
1187	1263	33.3000	20.1250
1188	1246	2.4500	47.0250
1189	1262	29.9250	28.8500
1190	1260	8.0750	35.1250
1191	1264	9.9000	16.3250
1192	1263	33.4500	20.9500
1193	1246	1.5500	47.0250
1194	1262	29.2500	28.3250
1195	1260	7.5250	35.5250
1196	1264	9.7000	17.1250
1197	1263	33.6500	21.7500
1198	1262	28.5000	27.7250
1199	1260	7.0500	35.7250
1200	1264	9.5000	17.8750
1201	1263	33.8500	22.5750
1202	1262	27.8500	27.3250
1203	1260	6.5000	36.1250
1204	1264	9.2250	18.5750
1205	1263	33.9250	23.4000
1206	1262	27.1250	26.6750
1207	1260	6.0500	36.5750
1208	1264	9.0000	19.2750
1209	1263	34.1000	24.2250
1210	1262	26.4750	26.2750
1211	1260	5.5000	36.9750
1212	1264	8.7500	20.0250
1213	1263	34.2000	25.2500
1214	1262	25.8500	25.8750
1215	1260	4.9500	37.3750
1216	1264	8.5250	20.8250
1217	1263	34.4000	26.0750
1218	1262	25.2000	25.4750
1219	1260	4.4000	37.7750
1220	1264	8.3500	21.6750
1221	1263	34.5750	27.1000
1222	1262	24.4500	25.0500
1223	1260	3.8500	38.2000
1224	1264	8.1500	22.4750
1225	1263	34.6500	27.9250
1226	1252	40.3750	87.8500
1226	1261	25.4750	20.3250
1227	1262	23.8000	24.6250
1228	1260	3.3500	38.9000
1229	1264	8.0000	23.1000
1230	1263	34.8500	28.5500
1231	1252	40.3750	87.8500
1231	1261	25.4750	20.3250
1232	1262	23.2000	24.2250
1233	1260	2.8750	39.3500
1234	1264	7.8500	23.9250
1235	1263	35.0000	29.1500
1236	1252	40.3750	87.8500
1236	1261	25.4750	20.3250
1237	1262	22.5750	23.9250
1238	1260	2.3250	39.5500
1239	1264	7.6500	24.6250
1240	1263	35.1250	29.7750
1241	1252	40.3750	87.8500
1241	1261	25.4750	20.3250
1242	1262	21.9750	23.5250
1243	1260	1.8500	39.9500
1244	1264	7.4750	25.4750
1245	1263	35.2750	30.3000
1246	1252	40.3750	87.8500
1246	1261	25.4750	20.3250
1247	1262	21.3250	23.1000
1248	1264	7.2750	26.1750
1249	1263	35.4000	30.9000
1250	1252	40.3750	87.8500
1250	1261	25.4750	20.3250
1251	1262	20.7250	22.6750
1252	1264	7.1500	27.0000
1253	1263	35.5250	31.5250
1254	1252	40.3750	87.8500
1254	1261	25.4750	20.3250
1255	1262	20.0750	22.3750
1256	1264	6.9500	27.7250
1257	1263	35.6750	32.0500
1258	1252	40.3750	87.8500
1258	1261	25.4750	20.3250
1259	1262	19.5000	21.9750
1260	1264	6.8500	28.4500
1261	1263	35.8250	32.6500
1262	1252	40.3750	87.8500
1262	1261	25.4750	20.3250
1263	1225	12.0750	10.0500
1264	1262	18.8500	21.6750
1265	1264	6.6500	29.1500
1266	1263	36.0000	33.6000
1267	1252	40.3750	87.8500
1267	1261	25.4750	20.3250
1268	1225	11.8000	10.6500
1269	1262	18.4500	20.8250
1270	1264	6.4750	29.9750
1271	1263	36.2750	34.4000
1272	1252	40.3750	87.8500
1272	1261	25.4750	20.3250
1273	1225	11.6000	11.2750
1274	1262	18.0000	20.2250
1275	1264	6.2750	30.7000
1276	1263	36.5500	35.4250
1277	1252	40.3750	87.8500
1277	1261	25.4750	20.3250
1278	1225	11.4250	11.9000
1279	1262	17.6500	19.4000
1280	1264	6.1000	31.5250
1281	1263	36.8250	36.2500
1282	1252	40.3750	87.8500
1282	1261	25.4750	20.3250
1283	1225	11.1500	12.7000
1284	1262	17.2750	18.5750
1285	1264	5.6250	31.9250
1286	1263	37.0250	37.2750
1287	1252	40.3750	87.8500
1287	1261	25.4750	20.3250
1288	1225	10.9750	13.3500
1289	1262	16.9000	17.9750
1290	1264	5.1750	32.3500
1291	1263	37.2750	38.1000
1292	1252	40.3750	87.8500
1292	1261	25.4750	20.3250
1293	1225	10.8000	13.9500
1294	1262	16.5500	17.1250
1295	1264	4.8000	32.9500
1296	1263	37.5750	38.9000
1297	1252	40.3750	87.8500
1297	1261	25.4750	20.3250
1298	1225	10.6000	14.7750
1299	1262	16.2500	16.3250
1300	1246	1.1000	46.3250
1301	1264	4.3500	33.3750
1302	1263	37.8250	39.7500
1303	1252	40.3750	87.8500
1303	1261	25.4750	20.3250
1304	1225	10.3250	15.4000
1305	1262	15.9000	15.7000
1306	1246	1.6500	45.7000
1307	1264	3.8750	33.7750
1308	1263	38.0250	40.5500
1309	1252	40.3750	87.8500
1309	1261	25.4750	20.3250
1310	1225	10.1500	16.0000
1311	1262	15.6000	14.8750
1312	1246	2.2750	45.0750
1313	1264	3.4250	34.4000
1314	1263	38.3000	41.4000
1315	1252	40.3750	87.8500
1315	1261	25.4750	20.3250
1316	1225	10.0500	16.8250
1317	1262	15.2500	14.2750
1318	1246	2.9000	44.4750
1319	1264	3.0750	35.0000
1320	1263	38.5750	42.2000
1321	1252	40.3750	87.8500
1321	1261	25.4750	20.3250
1322	1225	9.9500	17.6500
1323	1262	14.9750	13.4250
1324	1246	3.5500	44.0500
1325	1264	2.6750	35.8500
1326	1263	38.8500	43.0500
1327	1252	40.3750	87.8500
1327	1261	25.4750	20.3250
1328	1225	9.8500	18.4750
1329	1262	14.6000	12.8250
1330	1246	4.2000	43.4500
1331	1264	2.4250	36.6500
1332	1263	39.1250	43.6500
1333	1252	40.3750	87.8500
1333	1261	25.4750	20.3250
1334	1225	9.7750	19.3000
1335	1262	14.3500	12.0000
1336	1246	4.7500	42.8250
1337	1264	2.0500	37.2750
1338	1263	39.4000	44.4500
1339	1252	40.3750	87.8500
1339	1261	25.4750	20.3250
1340	1225	9.6750	20.1000
1341	1262	13.9500	11.1750
1342	1246	5.1250	42.2000
1343	1264	1.7750	38.1000
1344	1263	39.5750	45.3000
1345	1252	40.3750	87.8500
1345	1261	25.4750	20.3250
1346	1225	9.5000	20.9500
1347	1262	13.7000	10.5750
1348	1246	5.4000	41.6000
1349	1263	39.8750	46.1000
1350	1252	40.3750	87.8500
1350	1261	25.4750	20.3250
1351	1225	9.4000	21.5500
1352	1262	13.3000	9.7250
1353	1246	5.7750	40.9750
1354	1263	40.5000	46.5250
1355	1252	40.3750	87.8500
1355	1261	25.4750	20.3250
1356	1225	9.1250	22.3750
1357	1262	13.0500	9.1250
1358	1246	6.0500	40.5750
1359	1263	41.0750	46.7500
1360	1252	40.3750	87.8500
1360	1261	25.4750	20.3250
1361	1225	8.8500	23.0000
1362	1262	12.7500	8.5000
1363	1246	6.4000	39.9500
1364	1263	41.7000	47.1500
1365	1252	40.3750	87.8500
1365	1261	25.4750	20.3250
1366	1225	8.6750	23.6000
1367	1262	12.7500	8.5000
1368	1246	6.8000	39.3250
1369	1263	42.2500	47.3500
1370	1252	40.3750	87.8500
1370	1261	25.4750	20.3250
1371	1225	8.4000	24.4500
1372	1262	12.7500	8.5000
1373	1246	7.3500	38.5000
1374	1263	42.9000	47.5500
1375	1252	40.3750	87.8500
1375	1261	25.4750	20.3250
1376	1225	8.1250	25.0500
1377	1262	12.7500	8.5000
1378	1246	7.8000	37.6750
1379	1263	43.4500	47.9500
1380	1252	40.3750	87.8500
1380	1261	25.4750	20.3250
1381	1225	7.9500	25.6500
1382	1262	12.7500	8.5000
1383	1246	8.3500	37.0750
1384	1263	43.8250	48.1500
1385	1252	40.3750	87.8500
1385	1261	25.4750	20.3250
1386	1225	7.6500	26.5000
1387	1262	12.7500	8.5000
1388	1226	14.2750	73.9750
1389	1246	8.9000	36.2500
1390	1263	43.8250	48.1500
1391	1252	40.3750	87.8500
1391	1261	25.4750	20.3250
1392	1225	7.3750	27.1000
1393	1262	12.7500	8.5000
1394	1226	15.0250	74.1750
1395	1246	9.3500	35.4250
1396	1263	43.8250	48.1500
1397	1252	40.3750	87.8500
1397	1261	25.4750	20.3250
1398	1225	7.1000	27.7250
1399	1262	12.7500	8.5000
1400	1226	15.7500	74.5750
1401	1246	9.9000	34.6000
1402	1263	43.8250	48.1500
1403	1252	40.3750	87.8500
1403	1261	25.4750	20.3250
1404	1225	6.9250	28.5500
1405	1262	12.7500	8.5000
1406	1226	16.5000	74.7750
1407	1246	10.4500	33.9750
1408	1263	43.8250	48.1500
1409	1252	40.3750	87.8500
1409	1261	25.4750	20.3250
1410	1225	6.6500	29.1500
1411	1262	12.7500	8.5000
1412	1226	17.2250	75.2000
1413	1246	10.6500	33.1750
1414	1263	43.8250	48.1500
1415	1252	40.3750	87.8500
1415	1261	25.4750	20.3250
1416	1225	6.3750	29.7750
1417	1262	12.7500	8.5000
1418	1226	17.9750	75.6000
1419	1246	10.8500	32.5500
1420	1263	43.8250	48.1500
1421	1252	40.3750	87.8500
1421	1261	25.4750	20.3250
1422	1225	6.2000	30.6000
1423	1262	12.7500	8.5000
1424	1226	18.7000	75.8250
1425	1246	10.9250	31.9250
1426	1263	43.8250	48.1500
1427	1252	40.3750	87.8500
1427	1261	25.4750	20.3250
1428	1225	5.7250	31.0000
1429	1262	12.7500	8.5000
1430	1226	19.3500	76.4250
1431	1246	11.0000	31.3250
1432	1263	43.8250	48.1500
1433	1252	40.3750	87.8500
1433	1261	25.4750	20.3250
1434	1225	5.2500	31.6250
1435	1262	12.7500	8.5000
1436	1226	19.9750	77.0500
1437	1246	11.2000	30.5000
1438	1263	43.8250	48.1500
1439	1252	40.3750	87.8500
1439	1261	25.4750	20.3250
1440	1225	4.9000	32.2500
1441	1262	12.7500	8.5000
1442	1226	20.5250	77.6750
1443	1246	11.3000	29.8750
1444	1263	43.8250	48.1500
1445	1252	40.3750	87.8500
1445	1261	25.4750	20.3250
1446	1225	4.4500	32.8500
1447	1262	12.7500	8.5000
1448	1226	21.1750	78.2750
1449	1246	11.4000	29.2750
1450	1227	40.2000	86.1750
1451	1263	43.8250	48.1500
1452	1252	40.3250	87.7500
1452	1261	25.4750	20.3250
1453	1225	4.0750	33.4750
1454	1262	12.7500	8.5000
1455	1226	22.0000	79.4000
1456	1246	11.4750	28.5500
1457	1227	40.2000	86.1750
1458	1263	43.8250	48.1500
1459	1252	40.3250	87.7500
1459	1261	25.4750	20.3250
1460	1225	3.6000	34.2000
1461	1262	12.7500	8.5000
1462	1226	22.7500	79.8250
1463	1246	11.5500	27.8250
1464	1227	40.2000	86.1750
1465	1263	43.8250	48.1500
1466	1252	40.3250	87.7500
1466	1261	25.4750	20.3250
1467	1225	3.2000	34.9000
1468	1262	12.7500	8.5000
1469	1226	23.4750	80.2250
1470	1246	11.6500	27.1000
1471	1227	40.2000	86.1750
1472	1252	40.3250	87.7500
1473	1225	2.7500	35.7250
1474	1260	1.4500	41.3750
1475	1226	24.2250	80.6500
1476	1246	11.7500	26.2750
1477	1227	40.2000	86.1750
1478	1252	40.3250	87.7500
1479	1225	2.3000	36.5500
1480	1260	1.8000	40.9750
1481	1226	24.8500	81.0500
1482	1246	11.8500	25.6750
1483	1227	40.2000	86.1750
1484	1252	40.3250	87.8500
1485	1225	1.9500	37.2750
1486	1260	2.2000	40.5750
1487	1226	25.6000	81.4750
1488	1246	11.8750	24.8500
1489	1227	40.2000	86.1750
1490	1252	40.3250	87.8500
1491	1225	1.5000	37.9750
1492	1260	2.5500	39.9500
1493	1226	26.3500	81.8750
1494	1246	11.9750	24.1250
1495	1227	40.2000	86.1750
1496	1252	40.3250	87.8500
1497	1225	1.1000	38.7250
1498	1260	3.0000	39.5250
1499	1226	27.0750	82.2750
1500	1246	12.0250	23.4000
1501	1227	40.2000	86.1750
1502	1252	40.3250	87.8500
1503	1260	3.4000	38.9250
1504	1226	27.8000	82.7000
1505	1246	12.1250	22.6750
1506	1227	40.2000	86.1750
1507	1252	40.3250	87.8500
1508	1260	3.7500	38.5250
1509	1226	28.1750	83.3250
1510	1246	12.2250	21.8750
1511	1227	40.2000	86.1750
1512	1252	40.3250	87.8500
1513	1260	4.1000	38.1000
1514	1226	28.6500	84.1250
1515	1246	12.2750	21.2500
1516	1227	40.2000	86.1750
1517	1252	40.3250	87.9500
1518	1260	4.5000	37.4750
1519	1226	29.1000	84.7500
1520	1246	12.3750	20.5250
1521	1227	40.2000	86.1750
1522	1252	40.3250	87.9500
1523	1260	4.9500	37.0750
1524	1226	29.5500	85.5750
1525	1246	12.4250	19.7250
1526	1227	40.2000	86.1750
1527	1252	40.3250	87.9500
1528	1260	5.3000	36.4500
1529	1226	30.0250	86.2000
1530	1246	12.4750	19.0750
1531	1227	40.2000	86.1750
1532	1252	40.3250	87.8500
1533	1260	5.7000	36.0250
1534	1226	30.4000	87.0250
1535	1246	12.4750	18.2750
1536	1227	40.2000	86.1750
1537	1252	40.3250	87.8500
1538	1260	5.9500	35.4250
1539	1226	30.8500	87.6250
1540	1246	12.4750	17.6500
1541	1227	40.2000	86.1750
1542	1252	40.3250	87.9500
1543	1260	6.0500	34.8250
1544	1226	31.3000	88.4500
1545	1246	12.4750	16.8250
1546	1227	40.2000	86.1750
1547	1252	40.3250	87.9500
1548	1260	6.1500	34.1750
1549	1226	31.7750	89.0750
1550	1246	12.4750	16.0250
1551	1227	40.2000	86.1750
1552	1252	40.3250	87.9500
1553	1260	6.3250	33.7750
1554	1226	32.2250	89.9000
1555	1246	12.4750	15.3750
1556	1227	40.2000	86.1750
1557	1252	40.3250	87.9500
1558	1260	6.4000	33.1750
1559	1226	32.6000	90.5000
1560	1246	12.4750	14.5750
1561	1227	40.2000	86.1750
1562	1252	40.3250	87.9500
1563	1260	6.5000	32.5500
1564	1226	33.0500	91.3250
1565	1246	12.4000	13.9500
1566	1227	40.2000	86.1750
1567	1252	40.2750	88.0500
1568	1260	6.6000	31.9250
1569	1226	33.5000	91.9500
1570	1246	12.4000	13.1250
1571	1227	40.2000	86.1750
1572	1252	40.2750	88.0500
1573	1260	6.7000	31.3250
1574	1226	33.9750	92.7750
1575	1246	12.4000	12.3250
1576	1227	40.2000	86.1750
1577	1252	40.2750	88.0500
1578	1260	6.8750	30.7000
1579	1226	34.4250	93.6000
1580	1246	12.4000	11.6750
1581	1227	40.2000	86.1750
1582	1252	40.2750	88.0500
1583	1260	6.9500	30.0750
1584	1226	34.7000	94.2000
1585	1246	12.4000	10.8750
1586	1227	40.2000	86.1750
1587	1252	40.2750	88.0500
1588	1260	7.0500	29.4750
1589	1226	35.0000	95.0250
1590	1246	12.4000	10.2500
1591	1227	40.2000	86.1750
1592	1252	40.2750	88.1500
1593	1260	7.1500	28.8500
1594	1226	35.2500	95.8500
1595	1246	12.4000	9.4250
1596	1227	40.2000	86.1750
1597	1252	40.2750	88.1500
1598	1260	7.2500	28.2250
1599	1226	35.5500	96.6750
1600	1246	12.4000	8.6250
1601	1227	40.2000	86.1750
1602	1252	40.2750	88.0500
1603	1260	7.4250	27.8250
1604	1226	35.7250	96.8750
1605	1246	12.4000	7.9750
1606	1227	40.2000	86.1750
1607	1252	40.2750	88.0500
1608	1260	7.5000	27.2250
1609	1226	35.8000	96.9750
1610	1246	12.4000	7.1750
1611	1227	40.2000	86.1750
1612	1252	40.2750	88.0500
1613	1260	7.6000	26.5750
1614	1227	40.2000	86.1750
1615	1252	40.2750	88.1500
1616	1260	7.7000	25.9750
1617	1227	40.2000	86.1750
1618	1252	40.2750	88.1500
1619	1260	7.8000	25.3750
1620	1227	40.2000	86.1750
1621	1252	40.2750	88.1500
1622	1260	8.0000	24.7250
1623	1227	40.2000	86.1750
1624	1252	40.2750	88.1500
1625	1260	8.0750	24.1250
1626	1227	40.2000	86.1750
1627	1252	40.2750	88.1500
1628	1260	8.1500	23.5250
1629	1227	40.2000	86.1750
1630	1252	40.2750	88.1500
1631	1260	8.2500	22.8750
1632	1227	40.2000	86.1750
1633	1252	40.2750	88.2500
1634	1260	8.3500	22.2750
1635	1227	40.2000	86.1750
1636	1252	40.2750	88.2500
1637	1260	8.4500	21.4500
1638	1227	40.2000	86.1750
1639	1252	40.2750	88.2500
1640	1260	8.5500	20.8250
1641	1227	40.2000	86.1750
1642	1252	40.2750	88.2500
1643	1260	8.6250	20.2250
1644	1227	40.2000	86.1750
1645	1252	40.2750	88.2500
1646	1260	8.7000	19.6000
1647	1227	40.2000	86.1750
1648	1252	40.2250	88.2500
1649	1260	8.8500	18.8750
1650	1227	40.2000	86.1750
1651	1252	40.2250	88.2500
1652	1260	8.9000	18.2750
1653	1227	40.2000	86.1750
1654	1252	40.2250	88.2500
1655	1260	8.9500	17.6500
1656	1252	40.2250	88.1500
1657	1260	9.0000	17.0250
1658	1252	40.2250	88.1500
1659	1260	9.0250	16.3000
1660	1252	40.2250	88.1500
1661	1260	9.1250	15.8000
1662	1252	40.2250	88.0500
1663	1260	9.1750	15.1000
1664	1252	40.2750	88.0500
1665	1260	9.2250	14.4500
1666	1252	40.2250	88.0500
1667	1260	9.2750	13.8500
1668	1252	40.2250	87.9500
1669	1260	9.3000	13.2500
1670	1252	40.2250	87.9500
1671	1260	9.4500	12.5000
1672	1252	40.2250	87.9500
1673	1260	9.4500	12.0000
1674	1252	40.2250	87.8500
1675	1260	9.5500	11.5000
1676	1252	40.2250	87.8500
1677	1260	9.6000	10.8500
1678	1252	40.2750	87.8500
1679	1260	9.6500	10.3500
1680	1252	40.2750	87.7500
1681	1260	9.6750	9.7500
1682	1252	40.2750	87.7500
1683	1260	9.7750	9.1000
1684	1252	40.2250	87.7500
1685	1260	9.7750	8.7000
1686	1252	40.2250	87.6500
1687	1260	10.0750	8.3000
1688	1252	40.2250	87.6500
1689	1260	10.5500	8.1000
1690	1252	40.2250	87.6500
1691	1260	10.7000	8.1000
1692	1252	40.2750	87.6500
1693	1260	10.7000	8.1000
1694	1252	40.2750	87.6500
1695	1260	10.7000	8.1000
1696	1252	40.2750	87.6500
1697	1260	10.7000	8.1000
1698	1252	40.2750	87.5250
1699	1260	10.7000	8.1000
1700	1252	40.2250	87.5250
1701	1260	10.7000	8.1000
1702	1252	40.2250	87.5250
1703	1260	10.7000	8.1000
1704	1252	40.2250	87.4250
1705	1260	10.7000	8.1000
1706	1251	41.8500	45.6000
1707	1233	41.9000	49.4000
1708	1252	40.2750	87.4250
1709	1260	10.7000	8.1000
1710	1251	41.1000	44.7750
1711	1233	41.5000	48.3750
1712	1252	40.2750	87.4250
1713	1260	10.7000	8.1000
1714	1251	40.3500	43.9750
1715	1233	41.1500	47.5500
1716	1252	40.2750	87.3250
1717	1260	10.7000	8.1000
1718	1251	39.6500	43.3250
1719	1233	40.8000	46.7250
1720	1252	40.2750	87.3250
1721	1260	10.7000	8.1000
1722	1251	38.9000	42.5250
1723	1233	40.4000	45.7000
1724	1252	40.2750	87.3250
1725	1260	10.7000	8.1000
1726	1251	38.8000	42.1250
1727	1233	40.0500	44.8750
1728	1252	40.2250	87.2250
1729	1260	10.7000	8.1000
1730	1251	38.8000	41.6750
1731	1233	39.7000	44.0750
1732	1252	40.2250	87.2250
1733	1260	10.7000	8.1000
1734	1251	38.5250	40.8750
1735	1233	39.4000	43.2250
1736	1252	40.2750	87.2250
1737	1260	10.7000	8.1000
1738	1251	38.3500	40.0500
1739	1233	39.3000	42.4250
1740	1252	40.2750	87.1250
1741	1260	10.7000	8.1000
1742	1251	38.0500	39.2250
1743	1233	39.2000	41.5750
1744	1252	40.2750	87.1250
1745	1260	10.7000	8.1000
1746	1251	37.9000	38.6250
1747	1233	39.1500	40.7750
1748	1252	40.2750	87.1250
1749	1260	10.7000	8.1000
1750	1251	37.7000	37.7750
1751	1233	38.9500	39.9500
1752	1252	40.2750	87.0250
1753	1260	10.7000	8.1000
1754	1251	37.4250	36.9750
1755	1233	38.8500	39.1250
1756	1252	40.2750	87.0250
1757	1260	10.7000	8.1000
1758	1251	37.2500	36.3500
1759	1233	38.7500	38.3000
1760	1231	40.4500	85.7750
1760	1252	40.3000	87.1250
1761	1260	10.7000	8.1000
1762	1251	36.9500	35.6250
1763	1233	38.4000	37.5750
1764	1231	40.4500	85.7750
1764	1252	40.2750	87.0250
1765	1260	10.7000	8.1000
1766	1251	36.8000	34.9250
1767	1233	38.0000	36.9750
1768	1231	40.4500	85.7750
1768	1252	40.2750	87.0250
1769	1260	10.7000	8.1000
1770	1251	36.6000	34.2000
1771	1233	37.7000	36.2250
1772	1231	40.4500	85.7750
1772	1252	40.2750	87.1250
1773	1251	36.3500	33.4750
1774	1233	37.3500	35.6250
1775	1231	40.4500	85.7750
1775	1252	40.2750	87.1250
1776	1251	36.1750	32.7500
1777	1233	36.9500	34.9250
1778	1231	40.4500	85.7750
1778	1252	40.2750	87.1250
1779	1251	35.9500	32.0500
1780	1233	36.6000	34.3000
1781	1231	40.4500	85.7750
1781	1252	40.2750	87.2250
1782	1251	35.7250	31.3000
1783	1233	36.2750	33.5750
1784	1231	40.4500	85.7750
1784	1252	40.2250	87.2250
1785	1249	10.1000	10.6500
1786	1251	35.5500	30.6000
1787	1233	35.9000	32.9750
1788	1231	40.4500	85.7750
1788	1252	40.2250	87.2250
1789	1249	9.9000	11.2750
1790	1251	35.3500	29.9000
1791	1233	35.5500	32.2500
1792	1231	40.4500	85.7750
1792	1252	40.2250	87.3250
1793	1249	9.8000	11.9000
1794	1251	35.1750	29.1500
1795	1233	35.2250	31.6250
1796	1231	40.4500	85.7750
1796	1252	40.2250	87.3250
1797	1249	9.6500	12.7250
1798	1251	34.9500	28.4500
1799	1233	34.8500	31.0000
1800	1231	40.4500	85.7750
1800	1252	40.2250	87.3250
1801	1249	9.5500	13.3250
1802	1251	34.7000	27.7250
1803	1233	34.4750	30.3000
1804	1231	40.4500	85.7750
1804	1252	40.2250	87.4250
1805	1249	9.3500	14.1500
1806	1251	34.5250	27.1000
1807	1233	34.1000	29.7750
1808	1231	40.4500	85.7750
1808	1252	40.2250	87.4250
1809	1249	9.2500	14.7750
1810	1251	34.3500	26.3750
1811	1233	33.7750	29.0500
1812	1231	40.4500	85.7750
1812	1252	40.1750	87.5250
1813	1249	9.1000	15.6000
1814	1251	34.1000	25.6750
1815	1233	33.4250	28.4500
1816	1231	40.4500	85.7750
1816	1252	40.1750	87.5250
1817	1249	9.0000	16.2000
1818	1251	33.9250	24.9500
1819	1233	33.0500	27.7250
1820	1231	40.4500	85.7750
1820	1252	40.1750	87.5250
1821	1249	8.8000	17.0250
1822	1251	33.7500	24.2250
1823	1233	32.7750	27.1000
1824	1231	40.4500	85.7750
1824	1252	40.1750	87.6500
1825	1229	36.8250	96.5750
1825	1249	8.6250	17.6500
1826	1251	33.6500	23.8250
1827	1233	32.5000	26.3000
1828	1231	40.4500	85.7750
1828	1252	40.1750	87.6500
1829	1229	36.7500	95.7500
1829	1249	8.3500	18.2750
1830	1251	33.5500	23.6250
1831	1233	32.2250	25.4500
1832	1231	40.4500	85.7750
1832	1252	40.1750	87.6500
1833	1229	36.6500	95.1250
1833	1249	8.1500	18.8750
1834	1251	33.4750	23.4250
1835	1233	31.9500	24.6500
1836	1231	40.4500	85.7750
1836	1248	42.0750	45.5000
1836	1252	40.1750	87.7500
1837	1229	36.5500	94.5250
1837	1249	8.1500	19.7000
1838	1251	33.4750	23.2000
1839	1233	31.6750	23.8000
1840	1231	40.4500	85.7750
1840	1248	41.3500	45.0750
1840	1252	40.1250	87.7500
1841	1229	36.4500	93.9000
1841	1249	8.1500	20.5250
1842	1251	33.3750	22.9750
1843	1233	31.3000	23.0000
1844	1231	40.4500	85.7750
1844	1248	40.6000	44.6750
1844	1252	40.1250	87.7500
1845	1229	36.3500	93.2750
1845	1249	8.1500	21.3500
1846	1251	33.2750	22.5750
1847	1233	31.0250	22.3750
1848	1231	40.4500	85.7750
1848	1248	39.8500	44.2750
1848	1252	40.1250	87.8500
1849	1229	36.2750	92.4750
1849	1249	8.1500	22.1750
1850	1251	33.2000	22.3750
1851	1233	30.7500	21.5500
1852	1231	40.4500	85.7750
1852	1248	39.1250	43.8500
1852	1252	40.1250	87.8500
1853	1229	36.2000	91.8500
1853	1249	8.1500	23.0000
1854	1251	33.1000	22.1750
1855	1233	30.4750	20.7500
1856	1231	40.4500	85.7750
1856	1248	38.4000	43.6500
1856	1252	40.1250	87.9500
1857	1229	36.1000	91.2250
1857	1249	8.1500	23.8250
1858	1251	33.1000	21.9750
1859	1233	30.3000	19.9000
1860	1231	40.4500	85.7750
1860	1248	37.6500	43.2250
1860	1252	40.1250	87.9500
1861	1229	36.0000	90.6250
1861	1249	8.1500	24.6500
1862	1251	33.1000	21.5750
1863	1233	30.3000	19.3000
1864	1231	40.4500	85.7750
1864	1248	37.0000	42.8250
1864	1252	40.1250	87.9500
1865	1229	35.9000	90.0000
1865	1249	7.9000	25.2500
1866	1251	33.0000	21.1250
1867	1233	30.2000	18.4750
1868	1231	40.4500	85.7750
1868	1248	36.2750	42.4250
1868	1252	40.0750	88.0500
1869	1229	35.8000	89.3750
1869	1249	7.6000	25.8750
1870	1251	32.8250	20.7250
1871	1233	30.2000	17.6500
1872	1231	40.4500	85.7750
1872	1248	35.5500	42.2000
1872	1252	40.0750	88.0500
1873	1229	35.7250	88.5500
1873	1249	7.3500	26.5000
1874	1251	32.6500	20.1250
1875	1233	30.2000	17.0500
1876	1231	40.4500	85.7750
1876	1248	34.8000	41.8000
1876	1252	40.0750	88.0500
1877	1229	35.6250	87.9250
1877	1249	7.1500	27.1000
1878	1251	32.3750	19.5000
1879	1233	30.1250	16.2000
1880	1231	40.4500	85.7750
1880	1248	34.0500	41.3750
1880	1252	40.0750	88.1500
1881	1229	35.5500	87.3250
1881	1249	6.8750	27.7250
1882	1251	32.1750	19.0750
1883	1233	30.1250	15.4000
1884	1231	40.4500	85.7750
1884	1248	33.3250	40.9750
1884	1252	40.0750	88.1500
1885	1229	35.4500	86.7000
1885	1249	6.6000	28.3500
1886	1251	32.0000	18.4750
1887	1233	30.1250	14.5500
1888	1231	40.4500	85.7750
1888	1248	32.7000	40.5750
1888	1252	40.0750	88.1500
1889	1229	35.3500	86.0750
1889	1249	6.3250	28.9500
1890	1251	31.8000	18.0750
1891	1233	30.1250	13.9500
1892	1231	40.4500	85.7750
1892	1248	32.0500	40.1500
1892	1252	40.0750	88.2500
1893	1229	35.2500	85.4750
1893	1249	6.0500	29.5750
1894	1251	31.5250	17.4250
1895	1233	30.0250	13.1250
1896	1231	40.4500	85.7750
1896	1248	31.4000	39.5250
1896	1252	40.0250	88.2500
1897	1229	35.2500	84.6500
1897	1249	5.7750	30.2000
1898	1251	31.3500	16.8250
1899	1233	30.0250	12.3000
1900	1231	40.4500	85.7750
1900	1248	30.7500	39.1250
1900	1252	40.0250	88.2500
1901	1229	35.1750	84.0250
1901	1249	5.5000	30.8000
1902	1251	31.1750	16.4250
1903	1233	30.0250	11.7000
1904	1231	40.4500	85.7750
1904	1248	30.1000	38.5000
1904	1252	40.0250	88.3500
1905	1229	35.0750	83.4250
1905	1249	5.3000	31.6250
1906	1251	30.9750	15.8000
1907	1233	29.9250	10.8500
1908	1231	40.4500	85.7750
1908	1248	29.4500	38.1000
1908	1252	40.0250	88.3500
1909	1229	35.0000	82.8000
1909	1249	4.6500	31.6250
1910	1251	30.9750	15.3750
1911	1233	29.8250	10.2500
1912	1231	40.4500	85.7750
1912	1248	28.7250	37.4750
1912	1252	40.0250	88.4500
1913	1229	34.9000	82.1750
1913	1249	4.0250	31.8250
1914	1251	30.9750	15.1750
1915	1233	29.7500	9.6500
1916	1231	40.4500	85.7750
1916	1248	28.1000	37.0750
1916	1252	40.0250	88.4500
1917	1229	34.8000	81.5750
1917	1249	3.4000	32.0250
1918	1251	30.9750	14.7750
1919	1233	29.6500	9.0000
1920	1231	40.4500	85.7750
1920	1248	27.5500	36.4500
1920	1252	40.0250	88.4500
1921	1229	34.8000	81.3750
1921	1249	2.8250	32.2500
1922	1251	30.9750	14.3750
1923	1233	29.5500	8.4000
1924	1231	40.4500	85.7750
1924	1248	26.9750	35.7250
1924	1252	40.0750	88.4500
1925	1229	34.8000	81.3750
1925	1249	2.4000	32.2500
1926	1251	30.9250	14.1750
1927	1233	29.4750	7.8000
1928	1231	40.4500	85.7750
1928	1248	26.5250	35.1250
1928	1252	40.0750	88.4500
1929	1229	34.8000	81.3750
1929	1249	2.0500	32.1500
1930	1251	30.9250	14.1750
1931	1231	40.4500	85.7750
1931	1248	26.1500	34.5000
1931	1252	40.0750	88.4500
1932	1249	1.6750	31.9500
1933	1251	30.9250	14.0500
1934	1248	25.7000	33.7750
1934	1252	40.0750	88.4500
1935	1249	1.3500	31.8500
1936	1251	30.8750	14.0500
1937	1248	25.2750	33.1750
1937	1252	40.0750	88.4500
1938	1251	30.8750	13.9500
1939	1248	24.8500	32.6500
1939	1252	40.0750	88.3500
1940	1251	30.8750	13.9500
1941	1248	24.4500	32.0500
1941	1252	40.0750	88.3500
1942	1251	30.8750	13.7500
1943	1248	24.0500	31.3000
1943	1252	40.0750	88.3500
1944	1251	30.8750	13.7500
1945	1248	23.5750	30.7000
1945	1250	41.9250	44.7750
1945	1252	40.1250	88.3500
1946	1251	30.8750	13.6500
1947	1248	23.1500	30.1000
1947	1250	41.2000	44.5750
1947	1252	40.1250	88.2500
1948	1251	30.8750	13.6500
1949	1248	22.7500	29.4500
1949	1250	40.4500	44.5750
1949	1252	40.1250	88.2500
1950	1251	30.8500	13.6500
1951	1248	22.3250	28.8500
1951	1250	39.7250	44.3750
1951	1252	40.1250	88.2500
1952	1251	30.8500	13.5500
1953	1248	21.8750	28.2500
1953	1250	39.0000	44.3750
1953	1252	40.1250	88.2500
1954	1251	30.8500	13.5500
1955	1248	21.5000	27.5000
1955	1250	38.2500	44.3750
1955	1252	40.1250	88.1500
1956	1251	30.7000	13.1250
1957	1248	21.0500	26.9000
1957	1250	37.5250	44.1500
1957	1252	40.1250	88.1500
1958	1251	30.5250	12.7250
1959	1248	20.6250	26.4000
1959	1250	36.7750	44.1500
1959	1252	40.1750	88.1500
1960	1251	30.3500	12.3000
1961	1248	20.2250	25.6750
1961	1250	35.9500	44.1500
1961	1252	40.1750	88.1500
1962	1251	30.3500	11.9000
1963	1248	19.7500	25.0500
1963	1250	35.2250	44.1500
1963	1252	40.1750	88.1500
1964	1251	30.3500	11.4750
1965	1248	19.4000	24.4250
1965	1250	34.4750	44.1500
1965	1252	40.1750	88.0500
1966	1251	30.3500	11.0750
1967	1248	19.0250	23.6000
1967	1250	33.7500	44.1500
1967	1252	40.1750	88.0500
1968	1251	30.3500	10.6500
1969	1248	18.6500	23.0000
1969	1250	33.0000	44.1500
1969	1252	40.1750	88.0500
1970	1251	30.3500	10.0500
1971	1248	18.2750	22.1750
1971	1250	32.1750	44.1500
1971	1252	40.1750	88.0500
1972	1251	30.3500	9.4250
1973	1248	17.9250	21.5500
1973	1250	31.4500	44.1500
1973	1252	40.2750	87.9500
1974	1251	30.3500	9.0250
1975	1248	17.5500	20.9500
1975	1250	30.7000	44.1500
1975	1252	40.2750	87.9500
1976	1251	30.3500	8.4000
1977	1248	17.1750	20.1250
1977	1250	29.9750	44.1500
1977	1252	40.2750	87.9500
1978	1251	30.3500	7.7750
1979	1248	16.8250	19.5000
1979	1250	29.1500	44.1500
1979	1252	40.2750	87.9500
1980	1248	16.4500	18.6750
1980	1250	28.4000	44.1500
1980	1252	40.2750	87.9500
1981	1248	16.0750	18.0500
1981	1250	27.6750	44.3750
1981	1252	40.2750	87.8500
1982	1248	15.8000	17.2500
1982	1250	26.9250	44.3750
1982	1252	40.2750	87.8500
1983	1248	15.6250	16.6250
1983	1250	26.1000	44.5750
1983	1252	40.2750	87.8500
1984	1248	15.3500	15.8000
1984	1250	25.3750	44.7750
1984	1252	40.3250	87.8500
1985	1248	15.1500	14.9750
1985	1250	24.5500	44.7750
1985	1252	40.3250	87.7500
1986	1248	14.8750	14.1500
1986	1250	23.8000	44.9750
1986	1252	40.3250	87.7500
1987	1248	14.7000	13.5500
1987	1250	23.0750	44.9750
1987	1252	40.3250	87.7500
1988	1248	14.4250	12.7250
1988	1250	22.2500	45.2000
1988	1252	40.3250	87.7500
1989	1248	14.1500	12.1000
1989	1250	21.5000	45.2000
1989	1252	40.3250	87.7500
1990	1248	13.8750	11.4750
1990	1250	20.6750	45.4000
1990	1252	40.3250	87.6500
1991	1248	13.6000	10.8750
1991	1250	19.9500	45.4000
1991	1252	40.3750	87.6500
1992	1248	13.3250	10.2500
1992	1250	19.1250	45.6000
1992	1252	40.3750	87.6500
1993	1248	13.0500	9.6250
1993	1250	18.2000	45.6000
1993	1252	40.3750	87.6500
1994	1248	12.8500	9.0250
1994	1250	17.3750	45.6000
1994	1252	40.3750	87.5250
1995	1248	12.5750	8.4000
1995	1250	16.5500	45.6000
1995	1252	40.3750	87.5250
1996	1248	12.4000	7.7750
1996	1250	15.6250	45.6000
1996	1252	40.3750	87.5250
1997	1248	12.2250	7.5750
1997	1250	14.8000	45.6000
1997	1252	40.3750	87.5250
1998	1238	37.5750	47.6500
1999	1238	36.7250	47.6500
2000	1238	35.9000	47.6500
2001	1238	35.1750	47.6500
2002	1238	34.3500	47.6500
2003	1238	33.6000	47.8500
2004	1238	32.7750	47.8500
2005	1238	32.0500	47.8500
2006	1238	31.2250	47.8500
2007	1238	30.4750	48.0750
2008	1238	29.6500	48.0750
2009	1238	28.8250	48.0750
2010	1238	28.0750	48.0750
2011	1238	27.2500	48.0750
2012	1237	40.6500	86.5000
2012	1239	7.9250	53.1250
2012	1240	25.5500	20.0000
2013	1238	26.3750	48.2750
2014	1237	40.6500	86.5000
2014	1239	8.7750	53.1250
2014	1240	25.5500	20.0000
2015	1238	25.5000	48.3750
2016	1237	40.6500	86.5000
2016	1239	9.5750	53.1250
2016	1240	25.5500	20.0000
2017	1238	24.6000	48.4750
2018	1237	40.6500	86.5000
2018	1239	10.5250	53.1250
2018	1240	25.5500	20.0000
2019	1238	23.6250	48.5750
2020	1237	40.6500	86.5000
2020	1239	11.3250	53.1250
2020	1240	25.5500	20.0000
2021	1238	22.7000	48.7750
2022	1237	40.6500	86.5000
2022	1239	12.1750	53.1250
2022	1240	25.5500	20.0000
2023	1238	21.8250	49.0000
2024	1237	40.6500	86.5000
2024	1239	13.0750	53.1250
2024	1240	25.5500	20.0000
2025	1238	21.1750	49.0000
2026	1237	40.6500	86.5000
2026	1239	13.9250	53.1250
2026	1240	25.5500	20.0000
2027	1238	20.5250	49.0000
2028	1237	40.6500	86.5000
2028	1239	14.7500	53.1250
2028	1240	25.5500	20.0000
2029	1238	19.9750	49.0000
2030	1237	40.6500	86.5000
2030	1239	15.6750	53.1250
2030	1240	25.5500	20.0000
2031	1238	19.3500	49.0000
2032	1237	40.6500	86.5000
2032	1239	16.4750	53.1250
2032	1240	25.5500	20.0000
2033	1238	18.6000	49.0000
2034	1237	40.6500	86.5000
2034	1239	17.3250	53.1250
2034	1240	25.5500	20.0000
2035	1238	17.8750	49.0000
2036	1237	40.6500	86.5000
2036	1239	18.2250	53.1250
2036	1240	25.5500	20.0000
2037	1238	17.1250	49.2000
2038	1237	40.6500	86.5000
2038	1239	19.0750	53.3250
2038	1240	25.5500	20.0000
2039	1238	16.4000	49.2000
2040	1237	40.6500	86.5000
2040	1239	19.9000	53.3250
2040	1240	25.5500	20.0000
2041	1238	15.6750	49.2000
2042	1237	40.6500	86.5000
2042	1239	20.7250	53.3250
2042	1240	25.5500	20.0000
2043	1238	14.9250	49.2000
2044	1237	40.6500	86.5000
2044	1239	21.6500	53.3250
2044	1240	25.5500	20.0000
2045	1238	14.1000	49.0000
2046	1237	40.6500	86.5000
2046	1239	22.4750	53.3250
2046	1240	25.5500	20.0000
2047	1238	13.3750	49.0000
2048	1237	40.6500	86.5000
2048	1239	23.3000	53.3250
2048	1240	25.5500	20.0000
2049	1238	12.5250	48.7750
2050	1237	40.6500	86.5000
2050	1239	24.1250	53.3250
2050	1240	25.5500	20.0000
2051	1238	11.8000	48.7750
2052	1237	40.6500	86.5000
2052	1239	24.9500	53.3250
2052	1240	25.5500	20.0000
2053	1238	11.0750	48.7750
2054	1237	40.6500	86.5000
2054	1239	25.7750	53.3250
2054	1240	25.5500	20.0000
2055	1238	10.4250	49.0000
2056	1237	40.6500	86.5000
2056	1239	26.7000	53.3250
2056	1240	25.5500	20.0000
2057	1238	9.6750	49.0000
2058	1237	40.6500	86.5000
2058	1239	27.5250	53.3250
2058	1240	25.5500	20.0000
2059	1238	8.9500	49.0000
2060	1237	40.6500	86.5000
2060	1239	28.3750	53.3250
2060	1240	25.5500	20.0000
2061	1238	8.1250	49.2000
2062	1237	40.6500	86.5000
2062	1239	29.1750	53.3250
2062	1240	25.5500	20.0000
2063	1238	7.1000	49.2000
2064	1237	40.6500	86.5000
2064	1239	30.0250	53.3250
2064	1240	25.5500	20.0000
2065	1238	6.1750	49.2000
2066	1237	40.6500	86.5000
2066	1239	30.8500	53.3250
2066	1240	25.5500	20.0000
2067	1238	5.1750	49.2000
2068	1223	42.8000	46.5250
2069	1237	40.6500	86.5000
2069	1239	31.7750	53.3250
2069	1240	25.5500	20.0000
2070	1238	4.1750	49.2000
2071	1223	41.9750	46.5250
2072	1237	40.6500	86.5000
2072	1239	32.6000	53.3250
2072	1240	25.5500	20.0000
2073	1238	3.3250	49.2000
2074	1223	41.1500	46.5250
2075	1237	40.6500	86.5000
2075	1239	33.4250	53.3250
2075	1240	25.5500	20.0000
2076	1238	2.7750	49.2000
2077	1223	40.3250	46.7250
2078	1237	40.6500	86.5000
2078	1239	34.2500	53.1250
2078	1240	25.5500	20.0000
2079	1238	2.2250	49.2000
2080	1223	39.5000	46.7250
2081	1222	40.7000	53.3000
2082	1237	40.6500	86.5000
2082	1239	35.0750	53.1250
2082	1240	25.5500	20.0000
2083	1238	1.6750	49.2000
2084	1223	38.6750	46.9250
2085	1222	40.1500	52.5000
2086	1237	40.6500	86.5000
2086	1239	35.8250	53.1250
2086	1240	25.5500	20.0000
2087	1223	37.8500	46.9250
2088	1222	39.6750	51.6500
2089	1237	40.6500	86.5000
2089	1239	36.6250	52.8750
2089	1240	25.5500	20.0000
2090	1223	37.0000	47.1500
2091	1222	39.1250	50.8500
2092	1237	40.6500	86.5000
2092	1239	37.4750	52.8750
2092	1240	25.5500	20.0000
2093	1223	36.1750	47.1500
2094	1222	38.6750	50.0250
2095	1237	40.6500	86.5000
2095	1239	38.2000	52.8750
2095	1240	25.5500	20.0000
2096	1223	35.3500	47.3500
2097	1222	38.2000	49.2000
2098	1237	40.6500	86.5000
2098	1239	39.0250	52.8750
2098	1240	25.5500	20.0000
2099	1223	34.5250	47.1500
2100	1222	37.6500	48.3750
2101	1237	40.6500	86.5000
2101	1239	39.8750	52.6750
2101	1240	25.5500	20.0000
2102	1223	33.8000	47.1500
2103	1222	37.2000	47.5500
2104	1237	40.6500	86.5000
2104	1239	40.6750	52.6750
2104	1240	25.5500	20.0000
2105	1223	33.0500	47.1500
2106	1222	36.6500	46.7250
2107	1237	40.6500	86.5000
2107	1239	41.4250	52.6750
2107	1240	25.5500	20.0000
2108	1223	32.3250	47.1500
2109	1222	36.1750	45.9000
2110	1237	40.6500	86.5000
2110	1239	42.2500	52.4750
2110	1240	25.5500	20.0000
2111	1273	12.3000	7.4750
2112	1223	31.6750	46.9250
2113	1222	35.6250	44.8750
2114	1237	40.6500	86.5000
2114	1239	43.0750	52.4750
2114	1240	25.5500	20.0000
2115	1273	12.4750	8.3000
2116	1223	31.1500	46.6250
2117	1222	35.2500	43.7500
2118	1237	40.6500	86.5000
2118	1239	43.9250	52.4750
2118	1240	25.5500	20.0000
2119	1273	12.7750	9.1250
2120	1223	30.7000	46.4000
2121	1222	34.9500	42.7250
2122	1237	40.6500	86.5000
2122	1239	44.6500	52.4750
2122	1240	25.5500	20.0000
2123	1273	12.9500	9.9500
2124	1223	30.2000	46.2000
2125	1222	34.5750	41.7000
2126	1273	12.9500	10.7750
2127	1223	29.3500	46.2000
2128	1222	33.9250	41.0750
2129	1273	12.9500	11.5750
2130	1223	28.6500	46.2000
2131	1222	33.3000	40.6750
2132	1273	12.8750	12.4000
2133	1223	27.9000	46.2000
2134	1222	32.6500	40.0500
2135	1273	12.8750	13.4250
2136	1223	27.0500	46.2000
2137	1222	32.0000	39.4250
2138	1273	12.8750	14.2500
2139	1223	26.3500	46.2000
2140	1222	31.3500	38.8250
2141	1273	12.7750	15.0750
2142	1223	25.4000	46.0000
2143	1222	30.7000	38.4000
2144	1273	12.7750	15.9000
2145	1223	24.6000	46.0000
2146	1222	30.0500	37.8000
2147	1273	12.6750	16.7250
2148	1223	23.7500	46.0000
2149	1222	29.4000	37.1750
2150	1273	12.6750	17.5500
2151	1223	22.8500	46.1000
2152	1222	28.7750	36.5500
2153	1273	12.6750	18.3750
2154	1223	22.1000	46.0000
2155	1222	28.2250	35.9500
2156	1273	12.6750	19.2000
2157	1223	21.3750	46.0000
2158	1222	27.7250	35.1250
2159	1273	12.6750	20.0250
2160	1223	20.7250	46.0000
2161	1222	27.1500	34.4000
2162	1273	12.7750	20.8250
2163	1223	19.9750	45.8000
2164	1222	26.7000	33.5750
2165	1273	12.7750	21.6500
2166	1223	19.3500	45.8000
2167	1222	26.2000	32.7500
2168	1273	12.8750	22.4750
2169	1223	18.7000	45.8000
2170	1222	25.7000	32.0250
2171	1273	12.8750	23.3000
2172	1223	17.9750	45.8000
2173	1222	25.1750	31.2250
2174	1273	12.9500	24.1250
2175	1223	17.2250	45.8000
2176	1222	24.6750	30.4000
2177	1273	12.9500	24.9500
2178	1223	16.4000	45.8000
2179	1222	24.2250	29.7750
2180	1273	13.0250	25.7750
2181	1223	15.5750	45.8000
2182	1222	23.7750	28.9500
2183	1273	13.0250	26.6000
2184	1223	14.7500	45.8000
2185	1222	23.3000	28.3250
2186	1273	13.1250	27.4250
2187	1223	13.9250	45.8000
2188	1222	22.8250	27.7250
2189	1273	13.1250	28.0250
2190	1223	13.0750	45.8000
2191	1222	22.3750	26.9000
2192	1272	41.9750	45.9000
2193	1273	13.2250	28.8500
2194	1223	12.2500	46.0000
2195	1222	21.9250	26.2750
2196	1272	41.2500	45.5000
2197	1273	13.2250	29.6750
2198	1223	11.4250	46.0000
2199	1222	21.4750	25.6750
2200	1272	40.6000	45.3000
2201	1273	13.3250	30.5000
2202	1223	10.6000	46.0000
2203	1222	21.0000	24.8500
2204	1272	39.8500	45.0750
2205	1273	13.3250	31.3250
2206	1223	9.7750	46.0000
2207	1222	20.5250	24.2250
2208	1272	39.2250	44.8750
2209	1273	13.4250	32.1500
2210	1223	8.9500	46.2250
2211	1222	20.0750	23.4000
2212	1272	38.4750	44.6750
2213	1273	13.5000	33.1750
2214	1223	8.1250	46.2250
2215	1222	19.6250	22.7750
2216	1272	37.8500	44.4750
2217	1273	13.5750	34.0000
2218	1223	7.2750	46.2250
2219	1222	19.1750	22.1750
2220	1272	37.1000	44.2750
2221	1273	13.6750	34.8000
2222	1223	6.4750	46.2250
2223	1222	18.7000	21.3500
2224	1272	36.4500	44.0500
2225	1273	13.6750	35.8250
2226	1223	5.6250	46.2250
2227	1222	18.3250	20.5250
2228	1272	35.8000	43.8500
2229	1273	13.7750	36.6500
2230	1223	4.8000	46.2250
2231	1222	17.8750	19.7000
2232	1272	35.0750	43.6500
2233	1273	13.8750	37.4750
2234	1223	3.9750	46.2250
2235	1222	17.4250	18.8750
2236	1272	34.4250	43.4500
2237	1273	13.9750	38.5000
2238	1223	3.1500	46.2250
2239	1222	17.0500	18.2750
2240	1272	33.7000	43.2250
2241	1273	14.0500	39.3250
2242	1223	2.3250	46.2250
2243	1222	16.5750	17.4500
2244	1272	33.0500	43.0250
2245	1273	14.1500	40.1500
2246	1222	16.1250	16.6250
2247	1272	32.4000	42.8250
2248	1273	14.1500	40.7750
2249	1222	15.6750	15.8000
2250	1272	31.6750	42.8250
2251	1273	14.1500	41.3750
2252	1222	15.3000	14.9750
2253	1272	31.0250	42.6250
2254	1273	14.1000	42.3000
2255	1222	14.8250	14.1500
2256	1272	30.2000	42.6250
2257	1273	14.0000	43.3500
2258	1222	14.3750	13.3250
2259	1272	29.3750	42.7250
2260	1273	13.9000	44.4500
2261	1222	14.0000	12.7250
2262	1272	28.5500	42.9250
2263	1273	13.8250	45.5000
2264	1272	27.7250	43.0250
2265	1273	13.7250	46.6250
2266	1272	26.8500	43.0500
2267	1273	13.6250	47.6500
2268	1272	26.0000	43.2500
2269	1273	13.6750	48.6750
2270	1272	25.1750	43.3500
2271	1273	13.8750	49.5000
2272	1272	24.3750	43.3250
2273	1273	14.0750	50.5250
2274	1272	23.5250	43.3250
2275	1273	14.2250	51.5500
2276	1272	22.7000	43.3250
2277	1273	14.4250	52.3750
2278	1272	21.9750	43.3250
2279	1273	14.6250	53.4000
2280	1272	21.1250	43.3250
2281	1273	14.7000	54.2250
2282	1272	20.3250	43.3250
2283	1273	14.7000	55.0500
2284	1272	19.5750	43.3250
2285	1273	14.7000	55.8750
2286	1272	18.7500	43.3250
2287	1273	14.7000	56.7000
2288	1272	17.9250	43.3250
2289	1273	14.7750	57.5250
2290	1272	17.1750	43.3250
2291	1273	14.7750	58.3500
2292	1272	16.3500	43.3250
2293	1273	14.7750	59.1750
2294	1272	15.5250	43.3250
2295	1272	14.7750	43.3250
2296	1272	14.0500	43.3250
2297	1272	13.3250	43.5500
2298	1272	12.5750	43.5500
2299	1272	11.8250	43.5500
2300	1272	11.1250	43.5500
2301	1272	10.3750	43.7500
2302	1272	9.6250	43.7500
2303	1272	8.9000	43.7500
2304	1272	8.1750	43.9500
2305	1272	7.4250	43.9500
2306	1272	6.6750	43.9500
2307	1272	5.9750	44.1750
2308	1272	5.2250	44.1750
2309	1272	4.4750	44.1750
2310	1272	3.7500	44.3750
2311	1272	3.0250	44.5750
2312	1272	2.1750	44.7750
2313	1272	1.4500	44.9750
2314	1228	33.1500	56.2000
2314	1241	40.4000	86.3000
2315	1265	26.0250	19.8000
2316	1228	33.7000	56.2000
2316	1241	40.4000	86.3000
2317	1265	26.0250	19.8000
2318	1228	34.2500	56.2000
2318	1241	40.4000	86.3000
2319	1265	26.0250	19.8000
2320	1228	34.9000	56.2000
2320	1241	40.4000	86.3000
2321	1265	26.0250	19.8000
2322	1228	35.4500	56.4000
2322	1241	40.4000	86.3000
2323	1265	26.0250	19.8000
2324	1228	36.0000	56.4000
2324	1241	40.4000	86.3000
2325	1265	26.0250	19.8000
2326	1228	36.6500	56.4000
2326	1241	40.4000	86.3000
2327	1253	1.2250	46.2000
2328	1265	26.0250	19.8000
2329	1228	37.2000	56.4000
2329	1241	40.4000	86.3000
2330	1253	1.6750	45.0000
2331	1265	26.0250	19.8000
2332	1228	37.9250	56.2000
2332	1241	40.4000	86.3000
2333	1253	2.1250	43.7500
2334	1265	26.0250	19.8000
2335	1228	38.6500	56.0000
2335	1241	40.4000	86.3000
2336	1253	2.6750	42.5000
2337	1265	26.0250	19.8000
2338	1228	39.4000	55.7750
2338	1241	40.4000	86.3000
2339	1253	3.1500	41.5000
2340	1265	26.0250	19.8000
2341	1228	40.2250	55.7750
2341	1241	40.4000	86.3000
2342	1253	3.6250	40.6500
2343	1265	26.0250	19.8000
2344	1228	40.9750	55.5500
2344	1241	40.4000	86.3000
2345	1253	4.1750	39.8500
2346	1265	26.0250	19.8000
2347	1228	41.7000	55.3500
2347	1241	40.4000	86.3000
2348	1253	4.6250	39.0000
2349	1265	26.0250	19.8000
2350	1228	42.4500	55.1500
2350	1241	40.4000	86.3000
2351	1253	5.0750	38.0000
2352	1265	26.0250	19.8000
2353	1228	43.1750	54.7500
2353	1241	40.4000	86.3000
2354	1253	5.5500	37.1500
2355	1265	26.0250	19.8000
2356	1228	43.8250	54.3500
2356	1241	40.4000	86.3000
2357	1253	5.9250	36.3500
2358	1265	26.0250	19.8000
2359	1228	44.5500	53.9250
2359	1241	40.4000	86.3000
2360	1253	6.1000	35.3000
2361	1265	26.0250	19.8000
2362	1228	45.3000	53.7000
2362	1241	40.4000	86.3000
2363	1253	6.2750	34.5000
2364	1265	26.0250	19.8000
2365	1228	45.9500	53.3000
2365	1241	40.4000	86.3000
2366	1253	6.4750	33.7000
2367	1265	26.0250	19.8000
2368	1228	46.6750	52.9000
2368	1241	40.4000	86.3000
2369	1253	6.6500	32.8500
2370	1265	26.0250	19.8000
2371	1228	47.4000	52.5000
2371	1241	40.4000	86.3000
2372	1253	6.8250	31.8500
2373	1245	54.4500	55.1500
2373	1265	26.0250	19.8000
2374	1228	48.0500	52.3000
2374	1241	40.4000	86.3000
2375	1253	6.9250	31.0000
2376	1245	55.0500	56.5000
2376	1265	26.0250	19.8000
2377	1228	48.7000	52.0750
2377	1241	40.4000	86.3000
2378	1253	7.1000	30.0000
2379	1245	55.7000	57.8500
2379	1265	26.0250	19.8000
2380	1228	48.8750	52.0750
2380	1241	40.4000	86.3000
2381	1253	7.2000	29.0500
2382	1245	56.1500	58.0500
2382	1265	26.0250	19.8000
2383	1228	48.8750	52.0750
2383	1241	40.4000	86.3000
2384	1253	7.3250	28.0500
2385	1245	56.5000	57.8500
2385	1265	26.0250	19.8000
2386	1228	48.8750	52.0750
2386	1241	40.4000	86.3000
2387	1253	7.5250	27.1000
2388	1245	56.9000	57.6250
2388	1265	26.0250	19.8000
2389	1228	48.8750	52.0750
2389	1241	40.4000	86.3000
2390	1253	7.6250	26.2000
2391	1245	57.3500	57.4000
2391	1265	26.0250	19.8000
2392	1228	48.8750	52.0750
2392	1241	40.4000	86.3000
2393	1253	7.8000	25.1500
2394	1245	57.7000	57.2000
2394	1265	26.0250	19.8000
2395	1228	48.8750	52.0750
2395	1241	40.4000	86.3000
2396	1253	7.8750	24.3500
2397	1245	58.1000	57.0000
2397	1265	26.0250	19.8000
2398	1228	48.8750	52.0750
2398	1241	40.4000	86.3000
2399	1253	8.1750	23.5000
2400	1245	58.5500	57.0000
2400	1265	26.0250	19.8000
2401	1228	48.8750	52.0750
2401	1241	40.4000	86.3000
2402	1253	8.3500	22.7000
2403	1245	58.9000	56.8000
2403	1265	26.0250	19.8000
2404	1228	48.8750	52.0750
2404	1241	40.4000	86.3000
2405	1253	8.5250	21.8500
2406	1245	59.3000	56.6000
2406	1265	26.0250	19.8000
2407	1228	48.8750	52.0750
2407	1241	40.4000	86.3000
2408	1253	8.8250	20.8500
2409	1245	59.7500	56.4000
2409	1265	26.0250	19.8000
2410	1228	48.8750	52.0750
2410	1241	40.4000	86.3000
2411	1253	8.9750	20.0000
2412	1245	60.2000	56.0000
2412	1265	26.0250	19.8000
2413	1228	48.8750	52.0750
2413	1241	40.4000	86.3000
2414	1253	9.1750	19.2000
2415	1245	60.6500	55.5500
2415	1265	26.0250	19.8000
2416	1228	48.8750	52.0750
2416	1241	40.4000	86.3000
2417	1253	9.3750	18.3500
2418	1245	61.2000	55.1500
2418	1265	26.0250	19.8000
2419	1228	48.8750	52.0750
2419	1241	40.4000	86.3000
2420	1253	9.6250	17.5500
2421	1245	61.7500	54.7500
2421	1265	26.0250	19.8000
2422	1228	48.8750	52.0750
2422	1241	40.4000	86.3000
2423	1253	9.8250	16.7250
2424	1245	62.3000	54.3500
2424	1265	26.0250	19.8000
2425	1228	48.8750	52.0750
2425	1241	40.4000	86.3000
2426	1253	10.0000	15.9000
2427	1245	62.3000	54.3500
2427	1265	26.0250	19.8000
2428	1228	48.8750	52.0750
2428	1241	40.4000	86.3000
2429	1253	10.2750	15.1000
2430	1245	62.3000	54.3500
2430	1265	26.0250	19.8000
2431	1228	48.8750	52.0750
2431	1241	40.4000	86.3000
2432	1253	10.4750	14.4500
2433	1245	62.3000	54.3500
2433	1265	26.0250	19.8000
2434	1228	48.8750	52.0750
2434	1241	40.4000	86.3000
