0	1448	45.1500	57.1500
1	1448	44.5000	56.9500
2	1448	43.9500	56.9500
3	1448	43.3000	56.7500
4	1448	42.7250	56.7500
5	1448	42.0750	56.7500
6	1448	41.5250	56.5500
7	1448	40.8750	56.5500
8	1448	40.3250	56.5500
9	1444	1.0000	58.1000
10	1448	39.6750	56.3500
11	1444	2.4750	56.4500
12	1448	39.1000	56.3500
13	1444	3.2250	56.4500
14	1448	38.4500	56.1250
15	1444	3.9750	56.2250
16	1448	37.9000	56.1250
17	1444	4.6250	56.0250
18	1448	37.2500	56.1250
19	1444	5.2500	55.8250
19	1445	14.4250	50.2500
19	1447	55.3250	32.2750
20	1448	36.7000	56.0250
21	1444	5.7250	56.0250
21	1445	13.9750	50.0500
21	1447	55.3250	32.2750
22	1448	36.2000	56.0250
23	1444	6.2750	56.3500
23	1445	13.5750	50.0500
23	1447	55.3250	32.2750
24	1448	35.6500	56.0250
25	1444	6.7250	56.7500
25	1445	13.1250	49.8500
25	1447	55.3250	32.2750
26	1448	35.1000	56.0250
27	1444	7.2750	57.0500
27	1445	12.7750	49.8500
27	1447	55.3250	32.2750
28	1448	34.5750	55.9250
29	1444	7.9250	57.0500
29	1445	12.2750	49.6250
29	1447	55.3250	32.2750
30	1448	33.8500	55.7250
31	1446	59.5500	46.3250
32	1444	8.5750	56.8500
32	1445	11.9250	49.6250
32	1447	55.3250	32.2750
33	1448	33.2000	55.3250
34	1446	58.8000	46.3250
35	1444	9.2250	56.6500
35	1445	11.5750	49.6250
35	1447	55.3250	32.2750
36	1448	32.5500	54.8750
37	1446	58.1500	46.3250
38	1444	9.8750	56.4500
38	1445	11.0750	49.4250
38	1447	55.3250	32.2750
39	1448	31.8000	54.6750
40	1446	57.5000	46.3250
41	1444	10.6250	56.2500
41	1445	10.7250	49.4250
41	1447	55.3250	32.2750
42	1448	31.1500	54.2750
43	1446	56.8500	46.3250
44	1444	11.1750	56.0250
44	1445	10.3500	49.2000
44	1447	55.3250	32.2750
45	1448	30.5000	54.0750
46	1450	3.0250	61.1000
47	1446	56.2000	46.3250
48	1444	11.6500	55.4000
48	1445	10.0750	49.2000
48	1447	55.3250	32.2750
49	1448	29.8500	54.0750
50	1450	2.3750	60.2500
51	1446	55.7500	46.3250
52	1444	12.1250	55.0000
52	1445	9.8750	49.2000
52	1447	55.3250	32.2750
53	1448	29.2000	54.0750
54	1450	1.7250	59.4500
55	1446	55.2750	46.1250
56	1444	12.5750	54.3750
56	1445	9.7250	49.2000
56	1447	55.3250	32.2750
57	1448	28.5500	53.8750
58	1450	1.0750	58.6000
59	1446	54.9000	45.9250
60	1444	13.0250	53.9500
60	1445	9.4250	49.2000
60	1447	55.3250	32.2750
61	1448	28.0000	53.8750
62	1450	0.8500	57.9000
63	1446	54.4500	45.9250
64	1444	13.5000	53.3500
64	1445	9.2250	49.2000
64	1447	55.3250	32.2750
65	1448	27.3500	53.6750
66	1446	53.8000	45.7000
67	1444	13.8750	52.9250
67	1445	8.9750	49.2000
67	1447	55.3250	32.2750
68	1448	26.7000	53.6750
69	1446	53.1500	45.7000
70	1444	14.3750	52.3000
70	1445	8.7750	49.0000
70	1447	55.3250	32.2750
71	1448	26.1500	53.6750
72	1446	52.5000	45.5000
73	1444	14.8250	51.9000
73	1445	8.4750	49.0000
73	1447	55.3250	32.2750
74	1448	25.5000	53.8750
75	1446	51.8500	45.2750
76	1444	15.3250	51.4000
76	1445	8.3250	49.0000
76	1447	55.3250	32.2750
77	1448	24.8500	54.0750
78	1446	51.1000	45.2750
79	1444	15.7750	50.9750
79	1445	8.0250	49.0000
79	1447	55.3250	32.2750
80	1448	24.2000	54.2750
81	1446	50.4500	45.2750
82	1444	16.2250	50.4500
82	1445	7.8500	49.0000
82	1447	55.3250	32.2750
83	1448	23.5500	54.6750
84	1446	49.8250	45.5000
85	1444	16.6750	50.0500
85	1445	7.5750	49.0000
85	1447	55.3250	32.2750
86	1448	22.9000	54.6750
87	1446	49.2500	45.9250
88	1444	17.2250	49.5250
88	1447	55.3250	32.2750
89	1448	22.2500	54.6750
90	1446	48.6000	46.1250
91	1444	17.6750	49.1000
91	1447	55.3250	32.2750
92	1448	21.6000	54.4750
93	1446	47.9500	46.1250
94	1444	18.2250	48.7000
94	1447	55.3250	32.2750
95	1448	20.9500	54.2750
96	1446	47.3250	46.1250
97	1444	18.7750	48.3000
97	1447	55.3250	32.2750
98	1448	20.3000	54.2750
99	1446	46.6750	45.9250
100	1444	19.3250	47.8750
100	1447	55.3250	32.2750
101	1448	19.6500	54.4750
102	1446	46.1000	45.9250
103	1444	19.8750	47.4500
103	1447	55.3250	32.2750
104	1448	19.0000	54.6750
105	1446	45.4500	45.9250
106	1444	20.4250	47.0500
106	1447	55.3250	32.2750
107	1448	18.3500	54.8750
108	1446	44.8000	45.9250
109	1444	21.0250	46.6500
109	1447	55.3250	32.2750
110	1448	17.8000	55.1000
111	1446	44.1750	45.9250
112	1444	21.5750	46.0000
112	1447	55.3250	32.2750
113	1448	17.1500	55.3250
114	1446	43.5250	45.9250
115	1444	22.0250	45.6000
115	1447	55.3250	32.2750
116	1448	16.7000	55.3250
117	1446	42.7750	45.9250
118	1444	22.5750	45.2000
118	1447	55.3250	32.2750
119	1448	16.2500	55.3250
120	1442	2.2750	61.2000
121	1446	41.8500	46.1250
122	1444	23.1250	44.7750
122	1447	55.3250	32.2750
123	1448	15.7750	55.3250
124	1442	2.5750	60.8000
125	1446	41.0250	46.3250
126	1444	23.5250	44.3500
126	1447	55.3250	32.2750
127	1448	15.1250	55.5250
128	1442	2.8250	60.5500
129	1446	40.1000	46.5250
130	1444	23.9750	43.7500
130	1447	55.3250	32.2750
131	1448	14.4750	55.5250
132	1442	3.1750	60.3500
133	1446	39.2500	46.7250
134	1444	24.3250	43.3500
134	1447	55.3250	32.2750
135	1448	13.7250	55.5250
136	1442	3.5250	59.9500
137	1446	38.5000	46.9500
138	1444	24.8250	42.9000
138	1447	55.3250	32.2750
139	1448	13.0000	55.7250
140	1442	4.4750	59.7500
141	1446	37.7750	46.9500
142	1444	25.2750	42.3000
142	1447	55.3250	32.2750
143	1448	12.2500	55.9250
144	1442	5.3000	59.5500
145	1446	36.9500	47.1500
146	1444	25.6250	41.9000
146	1447	55.3250	32.2750
147	1448	11.5000	56.1250
148	1442	6.2250	59.1250
149	1446	36.2000	47.1500
150	1444	25.9250	41.2500
150	1447	55.3250	32.2750
151	1448	10.9500	56.1250
152	1442	6.8750	58.5000
153	1446	35.6500	47.1500
154	1444	26.1750	40.4500
154	1447	55.3250	32.2750
155	1448	10.3000	56.0250
156	1442	7.6250	58.3000
157	1446	35.0000	47.1500
158	1444	26.3250	39.8000
158	1447	55.3250	32.2750
159	1448	9.6500	55.9250
160	1442	8.2750	58.1000
161	1446	34.3500	47.1500
162	1444	26.5250	39.2000
162	1447	55.3250	32.2750
163	1448	8.9500	56.0250
164	1442	9.0250	57.8000
165	1444	26.6250	38.3750
166	1448	8.3000	56.0250
167	1442	9.7500	57.4750
168	1444	26.7500	37.7500
169	1448	7.6750	56.0250
170	1442	10.4000	57.2500
171	1444	26.9250	37.0500
172	1448	7.0250	56.0250
173	1442	11.1250	56.9500
174	1444	27.0250	36.3000
175	1448	6.3250	55.9250
176	1442	11.8750	56.7500
177	1444	27.1750	35.6000
178	1448	5.6250	56.0500
179	1442	12.6250	56.5500
180	1444	27.3500	34.9500
181	1448	4.9750	55.9250
182	1442	13.4500	56.1500
183	1444	27.5000	34.2500
184	1448	4.3250	56.0250
185	1442	14.2750	55.8000
186	1444	27.5750	33.5250
187	1448	3.6250	55.9250
188	1442	15.1250	55.6000
189	1444	27.7750	32.8000
190	1448	3.0250	55.9250
191	1442	15.9750	55.3000
192	1444	27.9000	32.1000
193	1448	2.4250	55.9250
194	1442	16.7750	55.1000
195	1444	28.0000	31.4500
196	1448	1.9500	55.7250
197	1442	17.5250	54.9000
198	1444	28.2000	30.7500
199	1448	1.6750	55.5000
200	1442	18.2750	54.9000
201	1444	28.3250	30.0000
202	1448	1.4750	55.5000
203	1442	19.0250	54.7000
204	1444	28.4500	29.4000
205	1448	1.1750	55.3000
206	1442	19.7500	54.5000
207	1444	28.6000	28.5500
208	1448	0.9500	55.1000
209	1442	20.4750	54.5000
210	1444	28.7500	27.9500
211	1442	21.2250	54.2750
212	1444	28.9000	27.2250
213	1442	22.0750	54.0500
214	1444	29.0000	26.5000
215	1442	22.8250	54.0500
216	1444	29.1500	25.9000
217	1442	23.6250	53.8500
218	1444	29.3000	25.0500
219	1442	24.4750	53.8500
220	1444	29.4250	24.4500
221	1442	25.3250	53.6500
222	1444	29.5750	23.7000
223	1449	0.7500	58.7000
224	1442	26.1500	53.6500
225	1444	29.7000	23.0000
226	1449	1.5000	58.9250
227	1442	26.8750	53.4500
228	1444	29.8500	22.3750
229	1449	2.3500	59.3250
230	1442	27.6250	53.2500
231	1444	30.0250	21.6500
232	1449	3.0000	59.9500
233	1442	28.4750	53.2500
234	1444	30.1250	20.9500
235	1449	3.4500	60.5750
236	1442	29.2000	53.0500
237	1444	30.2750	20.2000
238	1449	3.9000	61.4000
239	1450	1.2750	57.3750
240	1442	29.9250	52.8250
241	1444	30.4500	19.6000
242	1449	4.2000	61.8000
243	1450	2.1000	58.0000
244	1442	30.6750	52.6250
245	1444	30.5500	18.7500
246	1449	4.2000	61.8000
247	1450	2.9500	58.4000
248	1442	31.5250	52.6250
249	1444	30.6750	18.1500
250	1449	4.2000	61.8000
251	1450	3.6750	58.8250
252	1442	32.2750	52.6250
253	1444	30.8750	17.4000
254	1449	4.2000	61.8000
255	1450	4.5000	59.4250
256	1442	33.0750	52.6250
257	1444	31.0250	16.7000
258	1449	4.2000	61.8000
259	1450	5.3500	59.8500
260	1442	33.9250	52.6250
261	1444	31.1250	16.0750
262	1449	4.2000	61.8000
263	1450	6.1000	60.4750
264	1442	34.6750	52.6250
265	1444	31.1750	15.6500
266	1449	4.2000	61.8000
267	1450	6.9250	60.8750
268	1442	35.5000	52.6250
269	1444	31.1750	15.4500
270	1449	4.2000	61.8000
271	1450	7.4000	61.3000
272	1442	36.2250	52.8250
273	1444	31.1750	15.2500
274	1449	4.2000	61.8000
275	1450	7.4000	61.3000
276	1442	36.8750	52.8250
277	1444	31.1750	15.0500
278	1449	4.2000	61.8000
279	1450	7.4000	61.3000
280	1442	37.6250	52.8250
281	1444	31.1750	14.8500
282	1449	4.2000	61.8000
283	1450	7.4000	61.3000
284	1442	38.2750	53.0500
285	1444	31.1750	14.8500
286	1449	4.2000	61.8000
287	1450	7.4000	61.3000
288	1451	10.4750	51.6000
288	1452	56.4750	31.4500
289	1442	38.8250	53.0500
290	1444	31.1750	14.8500
291	1449	4.2000	61.8000
292	1450	7.4000	61.3000
293	1451	9.8250	51.6000
293	1452	56.4250	31.3500
294	1442	39.3500	53.3500
295	1444	31.1750	14.8500
296	1449	4.2000	61.8000
297	1450	7.4000	61.3000
298	1451	9.1750	51.7000
298	1452	56.4250	31.3500
299	1442	39.9000	53.6750
300	1451	8.4750	51.6000
300	1452	56.4250	31.2500
301	1442	40.5500	54.0750
302	1451	7.7750	51.6000
302	1452	56.4250	31.2500
303	1442	41.6750	54.0750
304	1451	7.0250	51.4000
304	1452	56.4250	31.2500
305	1442	42.7750	54.0750
306	1451	6.2750	51.4000
306	1452	56.4250	31.1500
307	1442	43.8750	54.0750
308	1451	5.6250	51.1750
308	1452	56.4250	31.1500
309	1442	44.5250	54.2750
310	1451	5.0750	51.1750
310	1452	56.4250	31.1500
311	1442	45.0000	54.6750
312	1451	4.5250	51.1750
312	1452	56.4250	31.0500
313	1442	45.5500	54.0750
314	1451	3.8750	51.1750
314	1452	56.4250	31.0500
315	1442	46.2000	53.6500
316	1451	3.1250	51.4000
316	1452	56.3250	31.0500
317	1442	46.8500	52.8250
318	1451	2.3750	51.6000
318	1452	56.3250	31.0500
319	1442	47.4000	52.2250
320	1451	1.7750	51.1750
320	1452	56.3250	31.0500
321	1442	48.2250	51.8000
322	1451	1.3750	50.3500
322	1452	56.3250	31.0500
323	1442	49.1750	51.5750
324	1451	0.9500	49.5250
324	1452	56.3250	31.0500
325	1442	49.9000	51.3750
326	1451	0.9500	49.3000
326	1452	56.2750	31.0500
327	1442	50.5500	50.7750
328	1451	0.9500	49.3000
328	1452	56.2750	31.0500
329	1442	51.1250	50.3500
330	1451	0.9500	49.1000
330	1452	56.2750	31.0500
331	1442	51.6750	50.1500
332	1451	0.9500	49.1000
332	1452	56.2750	31.0500
333	1442	52.2250	50.1500
334	1451	0.9500	48.7000
334	1452	56.2750	31.0500
335	1442	52.6750	50.1500
336	1451	0.9500	48.3000
336	1452	56.1750	31.0500
337	1442	53.2250	50.1500
338	1451	0.9500	47.8750
338	1452	56.1750	31.0500
339	1442	53.8000	50.1500
340	1451	0.9500	47.4500
340	1452	56.1750	31.0500
341	1442	54.5250	49.9250
342	1452	56.1750	31.0500
343	1442	55.3750	49.7250
344	1452	56.1750	31.0500
345	1442	56.1250	49.5250
346	1452	56.0750	31.0500
347	1442	56.9500	49.3250
348	1452	56.0750	31.0500
349	1451	0.9250	46.4250
350	1442	57.9750	49.1250
351	1452	56.0750	31.0500
352	1451	0.8250	46.4250
353	1442	58.4250	49.1250
354	1452	56.0750	31.0500
355	1451	0.7750	46.4250
356	1442	59.0750	48.7000
357	1452	56.0750	31.0500
358	1452	55.9750	31.0500
359	1452	55.9750	31.0500
360	1452	55.8750	31.0500
361	1452	55.8750	31.0500
362	1452	55.7750	31.0500
363	1452	55.7750	31.0500
364	1452	55.7750	31.0500
365	1452	55.7750	31.0500
366	1452	55.7750	31.0500
367	1443	12.1250	49.8250
368	1452	55.7750	31.0500
369	1443	12.7750	50.2250
370	1452	55.7750	31.0500
371	1443	13.5000	51.0750
372	1452	55.7750	31.0500
373	1443	13.2250	50.5750
374	1452	55.7750	31.0500
375	1443	13.6250	50.3500
376	1452	55.7750	31.0500
377	1443	14.0750	50.0500
378	1443	14.0750	50.5500
379	1443	14.3500	50.0500
380	1443	14.5500	50.3500
381	1443	15.5500	49.0000
382	1442	59.3250	46.5250
383	1443	15.9000	48.8000
384	1442	58.5750	46.5250
385	1443	16.1500	48.7000
386	1442	57.7250	46.3250
387	1443	16.3250	48.1000
388	1442	56.9750	46.3250
389	1443	16.4500	49.0250
390	1442	56.1750	46.7250
391	1443	16.9000	47.2500
392	1442	55.2250	46.5250
393	1443	17.0250	46.7500
394	1442	54.3250	46.1250
395	1443	17.2000	46.2250
396	1442	53.6750	46.1250
397	1443	17.4000	47.2750
398	1442	53.1000	46.1250
399	1443	17.5750	45.7000
400	1442	52.3750	45.9250
401	1443	17.9000	44.6500
