0	1453	27.3000	55.5000
0	1454	27.9500	49.9250
0	1455	27.3000	53.2500
0	1456	60.1250	53.7500
0	1457	59.6000	51.6000
0	1458	53.0500	44.0500
0	1459	12.3750	35.9000
0	1460	11.8250	37.2500
0	1461	13.4250	37.4500
0	1462	9.1250	36.6250
0	1464	53.2000	37.8500
0	1479	13.7750	36.0000
0	1481	7.8000	36.5000
1	1453	26.7500	54.5000
1	1454	29.0500	49.3250
1	1455	27.5000	53.2500
1	1456	60.0500	53.5500
1	1457	59.6000	51.6000
1	1458	53.0500	44.0500
1	1459	12.3750	35.9000
1	1460	11.8250	37.2500
1	1461	13.4250	37.4500
1	1462	9.1250	36.6250
1	1464	52.4500	37.6500
1	1479	13.7750	36.0000
1	1481	7.8000	36.5000
2	1453	26.3000	53.6500
2	1454	30.1750	48.9000
2	1455	27.6750	53.2500
2	1456	60.0500	53.5500
2	1457	59.6000	51.6000
2	1458	53.0500	44.0500
2	1459	12.3750	35.9000
2	1460	11.8250	37.2500
2	1461	13.4250	37.4500
2	1462	9.1250	36.6250
2	1464	51.7250	37.5500
2	1479	13.7750	36.0000
2	1481	7.8000	36.5000
3	1453	25.8000	52.8500
3	1454	31.3000	48.2750
3	1455	27.9500	53.3500
3	1456	60.0500	53.5500
3	1457	59.6000	51.6000
3	1458	53.0500	44.0500
3	1459	12.3750	35.9000
3	1460	11.8250	37.2500
3	1461	13.4250	37.4500
3	1462	9.1250	36.6250
3	1464	50.9750	37.3500
3	1479	13.7750	36.0000
3	1481	7.8000	36.5000
4	1453	25.3500	51.9000
4	1454	32.1250	48.0750
4	1455	28.1500	53.3500
4	1456	60.0500	53.5500
4	1457	59.6000	51.6000
4	1458	53.0500	44.0500
4	1459	12.3750	35.9000
4	1460	11.8250	37.2500
4	1461	13.4250	37.4500
4	1462	9.1250	36.6250
4	1464	50.2250	37.3500
4	1479	13.7750	36.0000
4	1481	7.8000	36.5000
5	1453	25.1000	51.3000
5	1454	32.7500	47.6750
5	1455	28.4000	53.5500
5	1456	60.0500	53.5500
5	1457	59.6000	51.6000
5	1458	53.0500	44.0500
5	1459	12.3750	35.9000
5	1460	11.8250	37.2500
5	1461	13.4250	37.4500
5	1462	9.1250	36.6250
5	1464	49.5000	37.2500
5	1479	13.7750	36.0000
5	1481	7.8000	36.5000
6	1453	24.7000	50.6500
6	1454	33.3250	47.4750
6	1455	28.6000	53.5500
6	1456	60.0500	53.5500
6	1457	59.6000	51.6000
6	1458	53.0500	44.0500
6	1459	12.3750	35.9000
6	1460	11.8250	37.2500
6	1461	13.4250	37.4500
6	1462	9.1250	36.6250
6	1464	48.8500	37.2500
6	1479	13.7750	36.0000
6	1481	7.8000	36.5000
7	1453	24.4500	50.0500
7	1454	33.9750	47.0500
7	1455	28.8750	53.7500
7	1456	60.0500	53.5500
7	1457	59.6000	51.6000
7	1458	53.0500	44.0500
7	1459	12.3750	35.9000
7	1460	11.8250	37.2500
7	1461	13.4250	37.4500
7	1462	9.1250	36.6250
7	1464	48.2750	37.2500
7	1479	13.7750	36.0000
7	1481	7.8000	36.5000
8	1453	24.0500	49.4000
8	1454	34.3500	46.8500
8	1455	29.1500	53.9500
8	1456	60.0500	53.5500
8	1457	59.6000	51.6000
8	1458	53.0500	44.0500
8	1459	12.3750	35.9000
8	1460	11.8250	37.2500
8	1461	13.4250	37.4500
8	1462	9.1250	36.6250
8	1464	47.8250	37.2500
8	1479	13.7750	36.0000
8	1481	7.8000	36.5000
9	1453	23.8000	48.8000
9	1454	34.4500	46.8500
9	1455	29.4500	54.1500
9	1456	60.0500	53.5500
9	1457	59.6000	51.6000
9	1458	53.0500	44.0500
9	1459	12.3750	35.9000
9	1460	11.8250	37.2500
9	1461	13.4250	37.4500
9	1462	9.1250	36.6250
9	1464	47.3000	37.2500
9	1479	13.7750	36.0000
9	1481	7.8000	36.5000
10	1453	23.4000	48.2000
10	1454	34.6250	46.8500
10	1455	29.6000	54.4000
10	1456	60.0500	53.5500
10	1457	59.6000	51.6000
10	1458	53.0500	44.0500
10	1459	12.3750	35.9000
10	1460	11.8250	37.2500
10	1461	13.4250	37.4500
10	1462	9.1250	36.6250
10	1464	46.8500	37.2500
10	1479	13.7750	36.0000
10	1481	7.8000	36.5000
11	1453	23.1500	47.5500
11	1454	34.7000	46.7250
11	1455	29.9000	54.6000
11	1456	59.9750	53.3500
11	1457	59.6000	51.6000
11	1458	53.0500	44.0500
11	1459	12.3750	35.9000
11	1460	11.8250	37.2500
11	1461	13.4250	37.4500
11	1462	9.1250	36.6250
11	1464	46.0250	37.0500
11	1479	13.7750	36.0000
11	1481	7.8000	36.5000
12	1453	22.8500	46.7500
12	1454	34.8000	46.7250
12	1455	30.1750	54.8000
12	1456	59.9750	53.3500
12	1457	59.6000	51.6000
12	1458	53.0500	44.0500
12	1459	12.3750	35.9000
12	1460	11.8250	37.2500
12	1461	13.4250	37.4500
12	1462	9.1250	36.6250
12	1464	45.2750	36.8250
12	1479	13.7750	36.0000
12	1481	7.8000	36.5000
13	1453	22.5000	45.9000
13	1454	34.9000	46.5250
13	1455	30.4500	55.0000
13	1456	59.9750	53.3500
13	1457	59.6000	51.6000
13	1458	53.0500	44.0500
13	1459	12.3750	35.9000
13	1460	11.8250	37.2500
13	1461	13.4250	37.4500
13	1462	9.1250	36.6250
13	1464	44.5250	36.6250
13	1479	13.7750	36.0000
13	1481	7.8000	36.5000
14	1453	22.2000	45.1000
14	1454	35.0000	46.5250
14	1455	30.8250	55.2000
14	1456	59.9750	53.3500
14	1457	59.6000	51.6000
14	1458	53.0500	44.0500
14	1459	12.3750	35.9000
14	1460	11.8250	37.2500
14	1461	13.4250	37.4500
14	1462	9.1250	36.6250
14	1464	43.8000	36.4000
14	1479	13.7750	36.0000
14	1481	7.8000	36.5000
15	1453	21.9500	44.2500
15	1454	35.0000	46.5250
15	1455	31.4000	55.2000
15	1456	59.9750	53.3500
15	1457	59.6000	51.6000
15	1458	53.0500	44.0500
15	1459	12.3750	35.9000
15	1460	11.8250	37.2500
15	1461	13.4250	37.4500
15	1462	9.1250	36.6250
15	1464	43.2500	36.4000
15	1479	13.7750	36.0000
15	1481	7.8000	36.5000
16	1453	21.6500	43.4500
16	1454	35.1000	46.3250
16	1455	31.9500	55.2000
16	1456	59.9750	53.3500
16	1457	59.6000	51.6000
16	1458	53.0500	44.0500
16	1459	12.3750	35.9000
16	1460	11.8250	37.2500
16	1461	13.4250	37.4500
16	1462	9.1250	36.6250
16	1464	42.6750	36.4000
16	1479	13.7750	36.0000
16	1481	7.8000	36.5000
17	1453	21.3750	42.8000
17	1454	35.1750	46.3250
17	1455	32.3000	55.4000
17	1456	59.9750	53.3500
17	1457	59.6000	51.6000
17	1458	53.0500	44.0500
17	1459	12.3750	35.9000
17	1460	11.8250	37.2500
17	1461	13.4250	37.4500
17	1462	9.1250	36.6250
17	1464	42.2250	36.4000
17	1479	13.7750	36.0000
17	1481	7.8000	36.5000
18	1453	21.1000	42.4000
18	1454	35.1750	46.1250
18	1455	32.3000	55.4000
18	1456	59.9750	53.3500
18	1457	59.6000	51.6000
18	1458	53.0500	44.0500
18	1459	12.3750	35.9000
18	1460	11.8250	37.2500
18	1461	13.4250	37.4500
18	1462	9.1250	36.6250
18	1464	41.6500	36.4000
18	1479	13.7750	36.0000
18	1481	7.8000	36.5000
19	1453	20.9000	41.8000
19	1454	35.2500	46.1250
19	1455	32.3000	55.4000
19	1456	59.9750	53.3500
19	1457	59.6000	51.6000
19	1458	53.0500	44.0500
19	1459	12.3750	35.9000
19	1460	11.8250	37.2500
19	1461	13.4250	37.4500
19	1462	9.1250	36.6250
19	1464	41.1000	36.6250
19	1479	13.7750	36.0000
19	1481	7.8000	36.5000
20	1453	20.7250	41.3500
20	1454	35.3500	46.1250
20	1455	32.7500	55.4000
20	1456	59.9750	53.3500
20	1457	59.6000	51.6000
20	1458	53.0500	44.0500
20	1459	12.3750	35.9000
20	1460	11.8250	37.2500
20	1461	13.4250	37.4500
20	1462	9.1250	36.6250
20	1464	40.4500	36.6250
20	1479	13.7750	36.0000
20	1481	7.8000	36.5000
21	1453	20.4500	40.9500
21	1454	35.3500	45.9250
21	1455	33.4000	55.4000
21	1456	59.8750	53.3500
21	1457	59.6000	51.6000
21	1458	53.0500	44.0500
21	1459	12.3750	35.9000
21	1460	11.8250	37.2500
21	1461	13.4250	37.4500
21	1462	9.1250	36.6250
21	1464	39.8000	36.8250
21	1479	13.7750	36.0000
21	1481	7.8000	36.5000
22	1453	20.2500	40.5500
22	1454	35.4500	45.9250
22	1455	34.0500	55.4000
22	1456	59.8750	53.3500
22	1457	59.6000	51.6000
22	1458	53.0500	44.0500
22	1459	12.3750	35.9000
22	1460	11.8250	37.2500
22	1461	13.4250	37.4500
22	1462	9.1250	36.6250
22	1464	39.1500	36.8250
22	1479	13.7750	36.0000
22	1481	7.8000	36.5000
23	1453	20.0750	39.9250
23	1454	35.7500	45.7000
23	1455	34.6250	55.4000
23	1456	59.8750	53.3500
23	1457	59.6000	51.6000
23	1458	53.0500	44.0500
23	1459	12.3750	35.9000
23	1460	11.8250	37.2500
23	1461	13.4250	37.4500
23	1462	9.1250	36.6250
23	1464	38.6000	36.8250
23	1479	13.7750	36.0000
23	1481	7.8000	36.5000
24	1453	19.9000	39.5000
24	1454	36.2000	45.7000
24	1455	35.2500	55.4000
24	1456	59.8750	53.3500
24	1457	59.6000	51.6000
24	1458	53.0500	44.0500
24	1459	12.3750	35.9000
24	1460	11.8250	37.2500
24	1461	13.4250	37.4500
24	1462	9.1250	36.6250
24	1464	38.1500	36.6250
24	1479	13.7750	36.0000
24	1481	7.8000	36.5000
25	1453	19.7000	38.9000
25	1454	36.6500	45.5000
25	1455	35.9000	55.4000
25	1456	59.8750	53.3500
25	1457	59.6000	51.6000
25	1458	53.0500	44.0500
25	1459	12.3750	35.9000
25	1460	11.8250	37.2500
25	1461	13.4250	37.4500
25	1462	9.1250	36.6250
25	1464	37.6000	36.4000
25	1479	13.7750	36.0000
25	1481	7.8000	36.5000
26	1453	19.5000	38.2500
26	1454	37.1250	45.5000
26	1455	36.5500	55.4000
26	1456	59.8750	53.3500
26	1457	59.6000	51.6000
26	1458	53.0500	44.0500
26	1459	12.3750	35.9000
26	1460	11.8250	37.2500
26	1461	13.4250	37.4500
26	1462	9.1250	36.6250
26	1464	36.8500	36.4000
26	1479	13.7750	36.0000
26	1481	7.8000	36.5000
27	1453	19.3500	37.8500
27	1454	37.6000	45.2750
27	1455	37.2000	55.4000
27	1456	59.8750	53.3500
27	1457	59.6000	51.6000
27	1458	53.0500	44.0500
27	1459	12.3750	35.9000
27	1460	11.8250	37.2500
27	1461	13.4250	37.4500
27	1462	9.1250	36.6250
27	1464	36.2000	36.4000
27	1479	13.7750	36.0000
27	1481	7.8000	36.5000
28	1453	19.1500	37.2500
28	1454	38.0500	45.2750
28	1455	37.8500	55.4000
28	1456	59.8750	53.3500
28	1457	59.6000	51.6000
28	1458	53.0500	44.0500
28	1459	12.3750	35.9000
28	1460	11.8250	37.2500
28	1461	13.4250	37.4500
28	1462	9.1250	36.6250
28	1464	35.5500	36.6250
28	1479	13.7750	36.0000
28	1481	7.8000	36.5000
29	1453	18.9500	36.6000
29	1454	38.5000	45.0750
29	1455	38.5000	55.4000
29	1456	59.8750	53.3500
29	1457	59.6000	51.6000
29	1458	53.0500	44.0500
29	1459	12.3750	35.9000
29	1460	11.8250	37.2500
29	1461	13.4250	37.4500
29	1462	9.1250	36.6250
29	1464	34.9000	36.8250
29	1479	13.7750	36.0000
29	1481	7.8000	36.5000
30	1453	18.8000	36.2000
30	1454	38.9750	44.8750
30	1455	39.1500	55.4000
30	1456	59.8750	53.3500
30	1457	59.6000	51.6000
30	1458	53.0500	44.0500
30	1459	12.3750	35.9000
30	1460	11.8250	37.2500
30	1461	13.4250	37.4500
30	1462	9.1250	36.6250
30	1464	34.2500	37.2500
30	1479	13.7750	36.0000
30	1481	7.8000	36.5000
31	1453	18.6000	35.6000
31	1454	39.4500	44.8750
31	1455	39.8000	55.4000
31	1456	59.7750	53.5500
31	1457	59.6000	51.6000
31	1458	53.0500	44.0500
31	1459	12.3750	35.9000
31	1460	11.8250	37.2500
31	1461	13.4250	37.4500
31	1462	9.1250	36.6250
31	1464	33.6000	37.2500
31	1479	13.7750	36.0000
31	1481	7.8000	36.5000
32	1453	18.4000	35.1750
32	1454	40.1000	44.6750
32	1455	40.4500	55.4000
32	1456	59.7750	53.5500
32	1457	59.6000	51.6000
32	1458	53.0500	44.0500
32	1459	12.3750	35.9000
32	1460	11.8250	37.2500
32	1461	13.4250	37.4500
32	1462	9.1250	36.6250
32	1464	33.0500	37.2500
32	1479	13.7750	36.0000
32	1481	7.8000	36.5000
33	1453	18.1500	34.9500
33	1454	41.0000	44.4750
33	1455	41.1000	55.4000
33	1456	59.7750	53.5500
33	1457	59.6000	51.6000
33	1458	53.0500	44.0500
33	1459	12.3750	35.9000
33	1460	11.8250	37.2500
33	1461	13.4250	37.4500
33	1462	9.1250	36.6250
33	1464	32.4000	37.2500
33	1479	13.7750	36.0000
33	1481	7.8000	36.5000
34	1485	36.9000	35.4750
35	1454	41.9500	44.0500
35	1455	41.7500	55.4000
35	1456	59.7750	53.5500
35	1457	59.6000	51.6000
35	1458	53.0500	44.0500
35	1459	12.3750	35.9000
35	1460	11.8250	37.2500
35	1461	13.4250	37.4500
35	1462	9.1250	36.6250
35	1464	31.8500	37.2500
35	1479	13.7750	36.0000
35	1481	7.8000	36.5000
36	1485	36.3500	35.5750
37	1454	42.8500	43.8500
37	1455	42.4000	55.4000
37	1456	59.7750	53.5500
37	1457	59.6000	51.6000
37	1458	53.0500	44.0500
37	1459	12.3750	35.9000
37	1460	11.8250	37.2500
37	1461	13.4250	37.4500
37	1462	9.1250	36.6250
37	1464	31.3000	37.2500
37	1479	13.7750	36.0000
37	1481	7.8000	36.5000
38	1485	35.8500	35.8000
39	1454	43.7000	43.2250
39	1455	43.0500	55.4000
39	1456	59.7750	53.5500
39	1457	59.6000	51.6000
39	1458	53.0500	44.0500
39	1459	12.3750	35.9000
39	1460	11.8250	37.2500
39	1461	13.4250	37.4500
39	1462	9.1250	36.6250
39	1464	30.7250	37.2500
39	1479	13.7750	36.0000
39	1481	7.8000	36.5000
40	1485	35.3500	36.0000
41	1454	44.6250	42.6250
41	1455	43.6000	55.4000
41	1456	59.7750	53.5500
41	1457	59.6000	51.6000
41	1458	53.0500	44.0500
41	1459	12.3750	35.9000
41	1460	11.8250	37.2500
41	1461	13.4250	37.4500
41	1462	9.1250	36.6250
41	1464	30.1750	37.4500
41	1479	13.7750	36.0000
41	1481	7.8000	36.5000
42	1485	34.9000	36.2250
43	1454	45.4500	41.9750
43	1455	44.4500	55.6000
43	1456	59.7750	53.5500
43	1457	59.6000	51.6000
43	1458	53.0500	44.0500
43	1459	12.3750	35.9000
43	1460	11.8250	37.2500
43	1461	13.4250	37.4500
43	1462	9.1250	36.6250
43	1464	29.6250	37.6500
43	1479	13.7750	36.0000
43	1481	7.8000	36.5000
44	1485	34.4500	36.4250
45	1454	46.4000	41.3750
45	1455	45.3500	55.8000
45	1456	59.7750	53.5500
45	1457	59.6000	51.6000
45	1458	53.0500	44.0500
45	1459	12.3750	35.9000
45	1460	11.8250	37.2500
45	1461	13.4250	37.4500
45	1462	9.1250	36.6250
45	1464	29.0500	37.8500
45	1479	13.7750	36.0000
45	1481	7.8000	36.5000
46	1485	33.8000	36.2250
47	1454	47.4000	41.1750
47	1455	46.4000	55.8000
47	1456	59.7750	53.5500
47	1457	59.6000	51.6000
47	1458	53.0500	44.0500
47	1459	12.3750	35.9000
47	1460	11.8250	37.2500
47	1461	13.4250	37.4500
47	1462	9.1250	36.6250
47	1464	28.6000	38.0500
47	1479	13.7750	36.0000
47	1481	7.8000	36.5000
48	1485	33.2500	36.0000
49	1454	48.6000	40.2250
49	1455	46.8500	56.0500
49	1456	59.7750	53.7500
49	1457	59.6000	51.6000
49	1458	53.0500	44.0500
49	1459	12.3750	35.9000
49	1460	11.8250	37.2500
49	1461	13.4250	37.4500
49	1462	9.1250	36.6250
49	1464	27.7750	37.8500
49	1479	13.7750	36.0000
49	1481	7.8000	36.5000
50	1485	32.6000	36.0000
51	1486	52.0000	54.9000
52	1454	49.6500	39.7250
52	1455	47.5000	56.0500
52	1456	59.7750	53.7500
52	1457	59.6000	51.6000
52	1458	53.0500	44.0500
52	1459	12.3750	35.9000
52	1460	11.8250	37.2500
52	1461	13.4250	37.4500
52	1462	9.1250	36.6250
52	1464	26.9250	37.8500
52	1479	13.6750	36.0000
52	1481	7.8000	36.4000
53	1485	32.0750	36.1250
54	1486	51.5250	54.9000
55	1454	50.5500	38.7750
55	1455	48.3500	56.0500
55	1456	59.7750	53.7500
55	1457	59.6000	51.6000
55	1458	53.0500	44.0500
55	1459	12.3750	35.9000
55	1460	11.8250	37.2500
55	1461	13.4250	37.4500
55	1462	9.1250	36.6250
55	1464	26.2750	37.9500
55	1479	13.6750	36.0000
55	1481	7.8000	36.4000
56	1485	31.5000	36.2000
57	1486	51.0750	54.9000
58	1454	51.6500	37.5500
58	1455	48.9000	55.8000
58	1456	59.7750	53.7500
58	1457	59.6000	51.6000
58	1458	53.0500	44.0500
58	1459	12.3750	35.9000
58	1460	11.8250	37.2500
58	1461	13.4250	37.4500
58	1462	9.1250	36.6250
58	1464	25.6500	38.0500
58	1479	13.6750	36.0000
58	1481	7.8000	36.4000
59	1485	30.8750	36.2000
60	1486	50.6000	54.9000
61	1464	25.0750	38.1500
61	1479	13.6250	36.0000
61	1481	7.8000	36.4000
62	1485	30.2250	36.0000
63	1486	50.1500	54.9000
64	1464	24.4250	38.3750
64	1479	13.6250	36.0000
64	1481	7.8000	36.4000
65	1485	29.5750	36.0000
66	1486	49.7750	54.9000
67	1464	23.7750	38.6000
67	1479	13.6250	36.0000
67	1481	7.8000	36.4000
68	1485	28.9250	35.8000
69	1486	49.3000	54.9000
70	1464	23.1250	38.7000
70	1479	13.6000	36.0000
70	1481	7.8000	36.4000
71	1485	28.2750	35.6000
72	1486	48.8500	54.9000
73	1464	22.5000	38.9000
73	1479	13.6000	36.0000
73	1481	7.8000	36.4000
74	1485	27.6250	35.6000
75	1486	48.3750	54.9000
76	1464	21.8500	38.9000
76	1479	13.6000	36.0000
76	1481	7.8500	36.4000
77	1485	26.9750	35.3750
78	1486	48.0000	54.9000
79	1464	21.2500	39.1000
79	1479	13.5500	36.0000
79	1481	7.8500	36.3000
80	1485	26.3500	35.3750
81	1486	47.5500	54.9000
82	1464	20.6250	39.1000
82	1479	13.5500	36.0000
82	1481	7.8500	36.3000
83	1485	25.7000	35.1750
84	1486	47.1750	54.9000
85	1464	20.0250	39.3000
85	1479	13.5500	36.0000
85	1481	7.8500	36.3000
86	1485	25.0500	34.9750
87	1486	46.7000	54.9000
88	1464	19.4500	39.3000
88	1479	13.5000	36.0000
88	1481	7.8500	36.3000
89	1485	24.4000	34.9750
90	1486	46.1500	54.9000
91	1464	18.8500	39.3000
91	1479	13.5000	36.0000
91	1481	7.8500	36.3000
92	1485	23.7500	34.7500
93	1486	45.6000	54.9000
94	1464	18.2000	39.5000
94	1479	13.5000	36.0000
94	1481	7.8500	36.3000
95	1485	23.1000	34.7500
96	1466	16.5500	53.8500
96	1486	45.1250	54.9000
97	1464	17.6000	39.5000
97	1479	13.4500	36.0000
97	1481	7.8500	36.3000
98	1485	22.7000	34.5500
99	1466	16.3750	53.0500
99	1486	44.6750	54.9000
100	1464	17.0000	39.6000
100	1479	13.4500	36.0000
100	1481	7.8500	36.3000
101	1485	22.3500	34.3500
102	1466	16.2000	52.2000
102	1486	44.2000	54.9000
103	1464	16.4250	39.7000
103	1479	13.4500	36.0000
103	1481	7.9000	36.2000
104	1485	21.9500	34.3500
105	1466	16.1000	51.4000
105	1486	43.8500	54.9000
106	1464	15.7750	39.7000
106	1479	13.4000	36.0000
106	1481	7.9000	36.2000
107	1485	21.5500	34.5500
108	1466	15.9000	50.7500
109	1464	15.2000	39.8000
109	1479	13.4000	36.0000
109	1481	7.9000	36.2000
110	1485	21.1000	34.7500
111	1466	15.7250	49.9500
112	1464	14.6000	39.9250
112	1479	13.4000	36.0000
112	1481	7.9000	36.2000
113	1485	20.5500	34.9750
114	1466	15.6250	49.1000
115	1464	13.9750	39.9250
115	1479	13.3500	36.0000
115	1481	7.9000	36.2000
116	1485	20.2500	34.7500
117	1466	15.4500	48.3000
118	1464	13.3750	40.0500
118	1479	13.3500	36.0000
118	1481	7.9000	36.2000
119	1466	15.2500	47.6500
120	1464	12.8000	40.1500
120	1479	13.3500	36.0000
120	1481	7.9000	36.2000
121	1466	15.1750	46.8500
122	1484	7.9500	36.3000
123	1464	12.2000	40.2500
123	1479	13.3250	36.0000
123	1481	7.9000	36.2000
124	1466	14.9750	46.0000
125	1484	7.8500	36.5000
126	1464	11.5500	40.2500
126	1479	13.3250	36.0000
126	1481	7.9250	36.1000
127	1466	14.9000	45.4000
128	1484	7.8500	36.9500
129	1464	10.9750	40.3500
129	1479	13.3250	36.0000
129	1481	7.9250	36.1000
130	1466	14.6000	44.7750
131	1484	7.7500	37.3500
132	1464	10.3500	40.4500
132	1479	13.2750	36.0000
132	1481	7.9250	36.1000
133	1466	14.3250	44.1500
134	1484	7.7500	37.7500
135	1464	9.7500	40.4500
135	1479	13.2750	36.0000
135	1481	7.9250	36.1000
136	1466	14.1500	43.7500
137	1484	7.8500	38.3750
138	1464	9.1250	40.6500
138	1479	13.2750	36.0000
138	1481	7.9250	36.1000
139	1466	13.8750	43.1250
140	1484	8.0250	39.0000
141	1464	8.5250	40.6500
141	1479	13.2250	36.0000
141	1481	7.9250	36.1000
142	1466	13.6750	42.7000
143	1484	8.3000	39.6000
144	1464	7.9500	40.6500
144	1479	13.2250	36.0000
144	1481	7.9250	36.1000
145	1466	13.4000	42.1000
146	1484	8.5000	40.2500
147	1464	7.3250	40.8500
147	1479	13.2250	36.0000
147	1481	7.9250	36.1000
148	1466	13.2250	41.6750
149	1484	8.7750	41.0500
150	1464	6.7250	40.8500
150	1479	13.1750	36.0000
150	1481	7.9750	36.1000
151	1466	12.9500	41.0500
152	1484	8.9500	41.6750
153	1464	6.1250	40.9500
153	1479	13.1750	36.0000
153	1481	7.9750	36.0000
154	1466	12.7500	40.6500
155	1484	9.2500	42.3000
156	1464	5.4750	41.0500
156	1479	13.1750	36.0000
156	1481	7.9750	36.0000
157	1466	12.4750	40.0250
158	1484	9.4250	42.9000
159	1464	4.9250	41.0500
159	1479	13.1250	36.0000
159	1481	7.9750	36.0000
160	1486	34.9500	54.9000
161	1466	12.2000	39.4000
162	1484	9.7000	43.5500
163	1464	4.3250	41.0500
163	1479	13.1250	36.0000
163	1481	7.9750	36.0000
164	1486	34.4750	54.7000
165	1466	12.0250	39.0000
166	1484	9.9750	44.1500
167	1464	3.1250	41.9000
167	1479	13.1250	36.0000
167	1481	7.9750	36.0000
168	1486	33.9250	54.4750
169	1466	11.7500	38.3750
170	1484	10.1750	45.0000
171	1464	2.4750	41.4500
171	1479	13.0750	36.0000
171	1481	7.9750	36.0000
172	1486	33.4750	54.2750
173	1466	11.5500	37.9500
174	1484	10.4500	45.6000
175	1464	2.2500	40.9500
175	1465	1.2000	45.0000
175	1479	13.0750	36.0000
175	1481	7.9750	36.0000
176	1486	32.9000	54.2750
177	1466	11.2750	37.3500
178	1484	10.6250	46.2250
179	1464	0.5250	42.1000
179	1465	1.3500	43.9500
179	1479	13.0750	36.0000
179	1481	7.9750	36.0000
180	1486	32.4500	54.4750
181	1463	13.9500	35.3750
181	1467	9.2000	36.2000
181	1468	44.7250	40.4500
181	1469	35.9000	52.2000
181	1470	36.0500	50.7750
181	1473	28.9750	42.9000
181	1478	13.5000	37.8500
182	1466	11.2250	36.9500
183	1484	10.9500	46.8500
184	1464	0.9500	40.8500
184	1465	1.6750	43.2500
184	1479	12.9750	36.0000
184	1481	7.9750	36.0000
185	1486	31.9750	54.7000
186	1463	13.9500	35.3750
186	1467	9.2000	36.2000
186	1468	45.2750	40.0250
186	1469	35.3500	52.0000
186	1470	35.6000	50.5500
186	1473	29.4750	42.9000
186	1478	13.5000	37.8500
187	1466	11.1750	36.3000
188	1484	11.3250	47.5500
189	1464	0.6250	40.9500
189	1465	2.1250	42.4000
189	1479	12.9750	36.0000
189	1481	7.9750	36.0000
190	1486	31.7000	54.7000
191	1463	13.9500	35.3750
191	1467	9.2000	36.2000
191	1468	45.9250	39.6000
191	1469	34.9000	51.8000
191	1470	35.1750	50.4500
191	1473	30.0250	42.9000
191	1478	13.5000	37.8500
192	1466	11.0750	35.8000
193	1484	11.7000	48.2000
194	1465	2.4750	41.6750
194	1479	12.9250	36.0000
194	1481	7.9750	36.0000
195	1463	13.9500	35.3750
195	1467	9.2000	36.2000
195	1468	46.5750	39.4000
195	1469	34.4500	51.6000
195	1470	34.7500	50.4500
195	1473	30.6000	42.9000
195	1478	13.5000	37.8500
196	1466	11.0500	35.1750
197	1483	58.9500	50.7500
197	1484	12.0750	48.9000
198	1465	2.7500	40.8500
198	1479	12.9250	36.0000
198	1481	7.9750	36.0000
199	1463	13.9500	35.3750
199	1467	9.2000	36.2000
199	1468	47.2250	39.0000
199	1469	33.9750	51.6000
199	1470	34.5750	50.4500
199	1473	31.0500	43.1250
199	1478	13.5000	37.8500
200	1483	58.9500	50.7500
200	1484	12.4250	49.7500
201	1465	3.1250	39.8250
201	1479	12.9250	36.0000
201	1481	7.9750	36.0000
202	1463	13.9500	35.3750
202	1467	9.2000	36.2000
202	1468	47.7750	38.8000
202	1469	33.7000	51.6000
202	1470	34.5750	50.8750
202	1471	31.7000	55.3000
202	1473	31.6000	43.5500
202	1478	13.5000	37.8500
203	1483	58.9500	50.7500
203	1484	12.8250	50.3500
204	1465	3.4000	39.0000
204	1479	12.9000	36.0000
204	1481	7.9750	36.0000
205	1463	13.9500	35.3750
205	1467	9.2000	36.2000
205	1468	48.4250	38.3750
205	1469	33.5000	51.6000
205	1470	34.5750	51.0750
205	1471	31.6000	55.1000
205	1473	32.0750	43.7500
205	1478	13.5000	37.8500
206	1483	58.9500	50.7500
206	1484	13.1750	51.0750
207	1465	3.6750	38.1750
207	1479	12.9000	36.0000
207	1481	7.9750	36.0000
208	1463	13.9500	35.3750
208	1467	9.2000	36.2000
208	1468	48.8750	38.1750
208	1469	33.4000	51.6000
208	1470	34.5750	51.4750
208	1471	31.5000	55.1000
208	1473	32.6250	43.7500
208	1478	13.5000	37.8500
209	1483	58.9500	50.7500
209	1484	13.5500	51.7000
210	1465	3.7750	37.9500
210	1479	12.8500	36.0000
210	1481	7.9750	36.0000
211	1463	13.9500	35.3750
211	1467	9.2000	36.2000
211	1468	49.2750	38.1750
211	1469	33.3250	51.8000
211	1470	34.5750	51.7000
211	1471	31.4250	55.1000
211	1473	33.1750	43.7500
211	1478	13.5000	37.8500
212	1483	58.9500	50.7500
212	1484	13.9250	52.4000
213	1465	3.9500	37.5500
213	1479	12.8500	36.0000
213	1481	7.9250	36.0000
214	1463	13.9500	35.3750
214	1467	9.2000	36.2000
214	1468	49.6250	38.1750
214	1469	33.1500	51.8000
214	1470	34.4750	51.7000
214	1471	31.3500	55.1000
214	1473	33.8250	43.5500
214	1478	13.5000	37.8500
215	1483	58.9500	50.7500
215	1484	14.2500	53.2500
216	1465	4.0500	37.3500
216	1479	12.8500	36.0000
216	1481	7.9250	36.0000
217	1463	13.9500	35.3750
217	1467	9.2000	36.2000
217	1468	50.0000	37.9500
217	1469	33.0500	51.8000
217	1470	34.4000	51.6000
217	1471	31.2500	55.1000
217	1473	34.4000	43.5500
217	1478	13.5000	37.8500
218	1483	58.9500	50.7500
218	1484	14.4250	54.0750
219	1465	4.2500	36.7250
219	1479	12.8000	35.9000
219	1481	7.9250	35.9000
220	1463	13.9500	35.3750
220	1467	9.2000	36.2000
220	1468	50.2750	37.7500
220	1469	32.9500	52.0000
220	1470	34.2000	51.6000
220	1471	31.1500	55.1000
220	1473	34.9500	43.5500
220	1478	13.5000	37.8500
221	1483	58.9500	50.7500
221	1484	14.7000	54.9000
222	1465	4.3750	36.1000
222	1479	12.8000	35.9000
222	1481	7.9250	35.9000
223	1463	13.9500	35.3750
223	1467	9.2000	36.2000
223	1468	50.5500	37.5500
223	1469	32.7500	52.0000
223	1470	34.1250	51.3750
223	1471	31.0500	55.1000
223	1473	35.4000	43.7500
223	1478	13.5000	37.8500
224	1483	58.9500	50.7500
224	1484	14.8750	55.7250
225	1465	4.5250	35.5000
225	1479	12.7500	35.9000
225	1481	7.9250	35.9000
226	1463	13.9500	35.3750
226	1467	9.2000	36.2000
226	1468	50.7250	37.3500
226	1469	32.7000	52.0000
226	1470	34.0250	51.3750
226	1471	30.9500	55.1000
226	1473	35.8750	43.7500
226	1478	13.5000	37.8500
227	1483	58.9500	50.7500
228	1465	4.6500	34.8500
228	1479	12.7500	35.9000
228	1481	7.9250	35.9000
229	1472	60.1500	36.6250
230	1463	13.9500	35.3750
230	1467	9.2000	36.2000
230	1468	51.0250	37.1500
230	1469	32.6000	52.0000
230	1470	33.9250	51.2750
230	1471	30.8750	55.1000
230	1473	36.3250	43.9500
230	1478	13.5000	37.8500
231	1483	58.9500	50.7500
232	1465	4.8250	34.2500
232	1479	12.7500	35.9000
232	1481	7.9250	35.9000
233	1472	59.5000	36.6250
234	1463	13.9500	35.3750
234	1467	9.2000	36.2000
234	1468	51.3000	36.9250
234	1469	32.4000	52.0000
234	1470	33.8250	51.0750
234	1471	30.7750	55.1000
234	1473	36.8000	43.9500
234	1478	13.5000	37.8500
235	1483	58.9500	50.7500
236	1465	4.9750	33.6250
236	1479	12.7000	35.9000
236	1481	7.9250	35.9000
237	1472	58.8500	36.6250
238	1463	13.9500	35.3750
238	1467	9.2000	36.2000
238	1468	51.3750	36.3000
238	1469	32.3000	52.0000
238	1470	33.7000	51.0750
238	1471	30.7000	55.1000
238	1473	37.2500	44.1500
238	1478	13.5000	37.8500
239	1483	58.9500	50.7500
240	1465	5.1750	33.2000
240	1479	12.7000	35.9000
240	1481	7.9250	35.9000
241	1472	58.3000	36.6250
242	1463	13.9500	35.3750
242	1467	9.2000	36.2000
242	1468	51.4250	35.7000
242	1469	32.2000	51.9000
242	1470	33.6000	50.8750
242	1471	30.6000	55.1000
242	1473	37.8250	44.1500
242	1478	13.5000	37.8500
243	1483	58.9500	50.7500
244	1465	5.2750	32.6000
244	1479	12.6500	35.9000
244	1481	7.9000	35.9000
245	1472	57.6500	36.6250
246	1463	13.9500	35.3750
246	1467	9.2000	36.2000
246	1468	51.4250	34.8500
246	1469	32.1000	51.8000
246	1470	33.5000	50.7500
246	1471	30.5000	55.1000
246	1473	38.2750	44.1500
246	1478	13.5000	37.8500
247	1483	58.9500	50.7500
248	1479	12.6500	35.9000
248	1481	7.9000	35.9000
249	1472	57.0750	36.6250
250	1463	13.9500	35.3750
250	1467	9.2000	36.2000
250	1468	51.5250	34.0500
250	1469	32.0500	51.8000
250	1470	33.3750	50.7500
250	1471	30.4000	55.1000
250	1473	38.8250	44.1500
250	1478	13.5000	37.8500
251	1483	58.9500	50.7500
252	1479	12.6000	35.9000
252	1481	7.9000	35.9000
253	1472	56.4500	36.6250
254	1463	13.9500	35.3750
254	1467	9.2000	36.2000
254	1468	51.5250	33.0000
254	1469	31.8500	51.7000
254	1470	33.2750	50.5500
254	1471	30.3000	55.1000
254	1473	39.4000	44.1500
254	1478	13.5000	37.8500
255	1483	58.9500	50.7500
256	1479	12.6000	35.9000
256	1481	7.9000	35.9000
257	1472	55.8750	36.6250
258	1463	13.9500	35.3750
258	1467	9.2000	36.2000
258	1468	51.6250	32.8000
258	1469	31.7500	51.7000
258	1470	33.1500	50.4500
258	1471	30.2250	55.1000
258	1473	39.8500	43.9500
258	1478	13.5000	37.8500
259	1483	58.9500	50.7500
260	1479	12.6000	35.8000
260	1481	7.9000	35.8000
261	1472	55.2250	36.4250
262	1463	13.9500	35.3750
262	1467	9.2000	36.2000
262	1468	51.6250	32.8000
262	1469	31.6500	51.7000
262	1470	33.0500	50.4500
262	1471	29.6500	55.3000
262	1473	40.3250	43.7500
262	1478	13.5000	37.8500
263	1483	58.9500	50.7500
264	1479	12.5750	35.8000
264	1481	7.9000	35.8000
265	1472	54.5750	36.4250
266	1463	13.9500	35.3750
266	1467	9.2000	36.2000
266	1468	51.6250	32.8000
266	1469	31.4500	51.2750
266	1470	32.7750	50.0500
266	1471	29.1000	55.3000
266	1473	40.8750	43.5500
266	1478	13.5000	37.8500
267	1483	58.9500	50.7500
268	1479	12.5750	35.8000
268	1481	7.9000	35.8000
269	1472	53.9250	36.4250
270	1463	13.9500	35.3750
270	1467	9.2000	36.2000
270	1468	51.6250	32.8000
270	1469	31.3000	50.9750
270	1470	32.3000	49.2000
270	1471	28.6500	55.1000
270	1473	41.3500	43.3500
270	1478	13.5000	37.8500
271	1483	58.9500	50.7500
272	1479	12.5250	35.8000
272	1481	7.9000	35.8000
273	1472	53.3000	36.2000
274	1463	13.9500	35.3750
274	1467	9.2000	36.2000
274	1468	51.6250	32.8000
274	1469	31.1000	50.5500
274	1470	31.9500	48.6000
274	1471	28.2000	54.9000
274	1473	41.9000	43.1250
274	1478	13.5000	37.8500
275	1483	58.9500	50.7500
276	1479	12.5250	35.8000
276	1481	7.8500	35.8000
277	1472	52.6500	36.2000
278	1463	13.9500	35.3750
278	1467	9.2000	36.2000
278	1468	51.6250	32.8000
278	1469	30.9000	50.2500
278	1470	31.4750	47.7500
278	1471	27.7250	54.9000
278	1473	42.3500	42.9000
278	1478	13.5000	37.8500
279	1483	58.9500	50.7500
280	1479	12.5250	35.8000
280	1481	7.8500	35.8000
281	1472	52.0000	36.0000
282	1463	13.9500	35.3750
282	1467	9.2000	36.2000
282	1468	51.6250	32.8000
282	1469	30.5500	49.9500
282	1470	30.9250	47.3500
282	1471	27.2500	55.1000
282	1473	42.8250	42.9000
282	1478	13.5000	37.8500
283	1483	58.9500	50.7500
284	1479	12.4750	35.8000
284	1481	7.8500	35.8000
285	1472	51.3500	36.0000
286	1463	13.9500	35.3750
286	1467	9.2000	36.2000
286	1468	51.6250	32.8000
286	1469	30.0000	49.9500
286	1470	30.2750	47.5500
286	1471	26.7000	55.1000
286	1473	43.3750	42.7000
286	1478	13.5000	37.8500
287	1483	58.9500	50.7500
288	1479	12.4750	35.8000
288	1481	7.8500	35.8000
289	1472	50.7000	35.8000
290	1463	13.9500	35.3750
290	1467	9.2000	36.2000
290	1468	51.6250	32.8000
290	1469	29.4500	50.0500
290	1470	29.6250	47.5500
290	1471	26.2500	55.1000
290	1473	43.7500	42.3000
290	1478	13.5000	37.8500
291	1483	58.9500	50.7500
292	1479	12.4250	35.8000
292	1481	7.8500	35.8000
293	1472	50.0000	35.8000
294	1463	13.9500	35.3750
294	1467	9.2000	36.2000
294	1468	51.6250	32.8000
294	1469	28.8000	50.0500
294	1470	28.7000	47.5500
294	1471	25.7000	54.9000
294	1473	44.0250	41.9000
294	1478	13.5000	37.8500
295	1483	58.9500	50.7500
296	1479	12.4250	35.8000
296	1481	7.8500	35.8000
297	1472	49.3500	35.8000
298	1463	13.9500	35.3750
298	1467	9.2000	36.2000
298	1468	51.6250	32.8000
298	1469	28.2500	50.0500
298	1470	27.7750	47.5500
298	1471	25.2000	54.9000
298	1473	44.4000	41.6750
298	1478	13.5000	37.8500
299	1483	58.9500	50.7500
300	1479	12.4250	35.7000
300	1481	7.8500	35.7000
301	1472	48.7000	35.6000
302	1463	13.9500	35.3750
302	1467	9.2000	36.2000
302	1468	51.6250	32.8000
302	1469	27.2000	50.1500
302	1470	26.9250	47.5500
302	1471	24.6500	54.9000
302	1473	44.7750	41.2500
302	1478	13.5000	37.8500
303	1483	58.9500	50.7500
304	1482	0.5750	48.9000
305	1479	12.3750	35.7000
305	1481	7.8500	35.7000
306	1472	48.0500	35.6000
307	1463	13.9500	35.3750
307	1467	9.2000	36.2000
307	1468	51.6250	32.8000
307	1469	26.0000	50.3500
307	1470	26.0000	47.5500
307	1471	24.2000	55.1000
307	1473	45.1250	40.8500
307	1478	13.5000	37.8500
308	1483	58.9500	50.7500
309	1482	1.1000	48.9000
310	1479	12.3750	35.7000
310	1481	7.8000	35.7000
311	1472	47.4000	35.6000
312	1463	13.9500	35.3750
312	1467	9.2000	36.2000
312	1468	51.6250	32.8000
312	1469	24.8000	50.3500
312	1470	25.0000	47.5500
312	1471	23.6500	55.3000
312	1473	45.5000	40.6500
312	1478	13.5000	37.8500
313	1483	58.9500	50.7500
314	1482	1.6500	49.0000
315	1479	12.3250	35.7000
315	1481	7.8000	35.7000
316	1472	46.5750	35.6000
317	1463	13.9500	35.3750
317	1467	9.2000	36.2000
317	1468	51.6250	32.8000
317	1469	23.7000	50.1500
317	1470	23.8750	47.5500
317	1471	23.0000	55.3000
317	1473	45.8750	40.4500
317	1478	13.5000	37.8500
318	1483	58.9500	50.7500
319	1482	2.1500	49.0000
320	1479	12.3250	35.7000
320	1481	7.8000	35.7000
321	1472	45.8250	35.6000
322	1463	13.9500	35.3750
322	1467	9.2000	36.2000
322	1468	51.6250	32.8000
322	1469	22.6500	49.7250
322	1470	22.8500	46.9500
322	1473	46.3500	40.2500
322	1478	13.5000	37.8500
323	1483	58.9500	50.7500
324	1482	2.7500	49.2000
325	1479	12.3250	35.7000
325	1481	7.8000	35.7000
326	1472	45.0000	35.6000
327	1463	13.9500	35.3750
327	1467	9.2000	36.2000
327	1468	51.6250	32.8000
327	1469	21.5500	49.3250
327	1470	21.7500	47.1500
327	1473	46.8000	40.2500
327	1478	13.5000	37.8500
328	1483	58.9500	50.7500
329	1482	3.4000	49.6250
330	1479	12.2750	35.7000
330	1481	7.8000	35.7000
331	1472	44.2500	35.6000
332	1463	13.9500	35.3750
332	1467	9.2000	36.2000
332	1468	51.6250	32.8000
332	1469	20.3500	49.1000
332	1470	20.5500	47.3500
332	1473	47.2750	40.0250
332	1478	13.5000	37.8500
333	1483	58.9500	50.7500
334	1482	3.9500	49.8500
335	1479	12.2750	35.7000
335	1481	7.8000	35.7000
336	1472	43.4250	35.6000
337	1463	13.9500	35.3750
337	1467	9.2000	36.2000
337	1468	51.6250	32.8000
337	1469	18.8500	49.1000
337	1470	18.9500	47.1500
337	1473	47.7250	40.0250
337	1478	13.5000	37.8500
338	1483	58.9500	50.7500
339	1482	4.6000	50.0500
340	1479	12.2500	35.7000
340	1481	7.8000	35.7000
341	1472	42.5750	35.6000
342	1463	13.9500	35.3750
342	1467	9.2000	36.2000
342	1468	51.6250	32.8000
342	1469	17.3000	49.3250
342	1470	17.3000	47.5500
342	1473	48.2000	39.8250
342	1478	13.5000	37.8500
343	1483	58.9500	50.7500
344	1482	5.1500	50.2500
345	1479	12.2500	35.7000
345	1481	7.8000	35.7000
346	1472	41.8500	35.6000
347	1463	13.9500	35.3750
347	1467	9.2000	36.2000
347	1468	51.6250	32.8000
347	1469	15.6500	49.3250
347	1470	15.7250	47.1500
347	1473	48.6500	39.8250
347	1478	13.5000	37.8500
348	1483	58.9500	50.7500
349	1482	5.7250	50.2500
350	1474	48.3750	55.8250
350	1475	45.8500	55.2250
350	1476	35.2750	54.0750
350	1477	1.7000	53.2250
350	1479	12.2500	35.7000
350	1481	7.8000	35.7000
351	1472	41.1000	35.6000
352	1463	13.9500	35.3750
352	1467	9.2000	36.2000
352	1468	51.6250	32.8000
352	1469	14.3500	49.3250
352	1470	14.6000	47.1500
352	1473	49.1250	39.6000
352	1478	13.5000	37.7500
353	1483	58.9500	50.7500
354	1482	6.2750	50.2500
355	1474	47.8750	55.6250
355	1475	45.4500	54.9750
355	1476	34.9000	54.0750
355	1477	1.7000	53.2250
355	1479	12.1750	35.7000
355	1481	7.8000	35.7000
356	1472	40.5000	35.7000
357	1463	13.9500	35.3750
357	1467	9.2000	36.2000
357	1468	51.6250	32.8000
357	1469	13.2500	49.3250
357	1470	13.5000	47.1500
357	1473	49.5750	39.5000
357	1478	13.5000	37.7500
358	1483	58.9500	50.7500
359	1482	6.8750	50.2500
360	1474	47.4000	55.4250
360	1475	45.2000	54.9750
360	1476	34.5250	54.2750
360	1477	1.7000	53.2250
360	1479	12.1750	35.7000
360	1481	7.8500	35.7000
361	1472	39.9000	36.0000
362	1463	13.9500	35.3750
362	1467	9.2000	36.2000
362	1468	51.6250	32.8000
362	1469	12.1500	49.3250
362	1470	12.4000	47.1500
362	1473	50.0000	39.2000
362	1478	13.5000	37.7500
363	1483	58.9500	50.7500
364	1482	7.4750	50.1500
365	1474	46.9000	55.3250
365	1475	44.9000	54.9750
365	1476	34.2500	54.2750
365	1477	1.7250	53.2250
365	1479	12.1750	35.7000
365	1481	7.9500	35.7000
366	1472	39.3000	36.1250
367	1473	50.4750	39.1000
367	1478	13.5000	37.7500
368	1483	58.9500	50.7500
369	1482	8.0750	50.0500
370	1474	46.4250	55.3250
370	1475	44.4500	54.7750
370	1476	33.8750	54.4750
370	1477	1.7250	53.2250
370	1479	12.1750	35.8000
370	1481	8.0000	35.9000
371	1472	38.6500	36.3250
372	1473	50.8750	38.8000
372	1478	13.5000	37.6500
373	1483	58.9500	50.7500
374	1482	8.6250	50.0500
375	1474	45.9750	55.3250
375	1475	43.9750	54.7750
375	1476	33.6000	54.4750
375	1477	1.7250	53.2250
375	1479	12.1750	35.8000
375	1481	8.0000	35.9000
376	1472	38.0000	36.3250
377	1473	51.3000	38.5750
377	1478	13.5000	37.6500
378	1483	58.9500	50.7500
379	1482	9.2750	49.9500
380	1474	45.4750	55.3250
380	1475	43.5000	54.5750
380	1476	33.2250	54.7000
380	1477	1.8250	53.0250
380	1479	12.1750	35.8000
380	1481	8.1000	35.9000
381	1472	37.3000	36.3250
382	1473	51.8500	38.1750
382	1478	13.5000	37.6500
383	1483	59.0000	50.7500
384	1482	9.8500	49.9500
385	1474	44.9500	55.3250
385	1475	43.0500	54.5750
385	1476	32.8500	54.7000
385	1477	1.8250	52.8250
385	1479	12.1250	35.9000
385	1481	8.1500	36.1000
386	1472	36.6750	36.3250
387	1473	52.4000	37.9500
387	1478	13.5000	37.6500
388	1483	59.0000	50.8500
389	1482	10.4000	49.8500
390	1474	44.4500	55.3250
390	1475	42.6000	54.3750
390	1476	32.5750	54.9000
390	1477	1.7250	52.6250
390	1479	12.1250	35.9000
390	1481	8.1750	36.1000
391	1472	35.9250	36.3250
392	1473	52.8750	37.7500
392	1478	13.5000	37.5500
393	1483	59.0000	50.8500
394	1482	11.0000	49.8500
395	1475	42.1250	54.3750
395	1476	32.2250	54.9000
395	1477	1.7250	52.6250
395	1479	12.0750	35.9000
395	1481	8.2500	36.1000
395	1484	13.5500	55.3000
396	1472	35.2750	36.1250
397	1473	53.2500	37.3500
397	1478	13.5000	37.5500
398	1483	59.0000	50.8500
399	1482	11.6000	49.7250
400	1475	41.0000	54.1750
400	1476	31.6500	54.9000
400	1477	1.7250	52.6250
400	1479	12.0750	36.0000
400	1481	8.2500	36.3000
400	1484	13.0750	55.4250
401	1472	34.5250	36.1250
402	1473	53.7000	37.1500
402	1478	13.5000	37.5500
403	1483	59.0000	50.8500
404	1482	12.2000	49.7250
405	1475	39.8000	54.1750
405	1476	31.0000	54.9000
405	1477	1.7250	52.6250
405	1479	12.0750	36.0000
405	1481	8.3000	36.3000
405	1484	12.7250	55.6250
406	1472	33.7750	36.1250
407	1473	54.1750	36.7250
407	1478	13.5000	37.6500
408	1483	59.0000	50.8500
409	1482	12.6750	49.7250
410	1475	38.5000	54.1750
410	1476	30.4500	54.9000
410	1477	1.7250	52.6250
410	1479	12.0750	36.0000
410	1481	8.4000	36.3000
410	1484	12.3500	55.7250
411	1472	33.1250	35.9000
412	1473	54.6250	36.5250
412	1478	13.5000	37.5500
413	1483	59.0250	50.8500
414	1482	12.9500	50.3500
415	1475	37.7750	53.9750
415	1476	29.8000	54.9000
415	1477	1.7250	52.6250
415	1479	12.0750	36.1000
415	1481	8.4500	36.3000
416	1472	32.5000	35.6750
417	1473	55.2000	36.7250
417	1478	13.5000	37.5500
418	1483	59.0250	50.8500
419	1482	13.2250	50.9750
420	1475	37.6000	53.9750
420	1476	29.1500	54.9000
420	1477	1.7250	52.6250
420	1479	12.0250	36.1000
420	1481	8.5000	36.5250
421	1472	31.8500	35.4750
422	1473	55.8250	36.9250
422	1478	13.5000	37.5500
423	1483	59.0250	50.9750
424	1482	13.4000	51.6000
425	1475	37.4000	53.9750
425	1476	28.6000	54.7000
425	1477	1.7250	52.6250
425	1479	12.0250	36.1000
425	1481	8.5500	36.5250
426	1472	31.2000	35.4750
427	1473	56.4000	36.9250
427	1478	13.5000	37.4500
428	1483	59.0250	50.9750
429	1482	14.0500	52.3250
430	1475	37.2000	53.9750
430	1476	27.9500	54.7000
430	1477	1.7250	52.6250
430	1479	12.0250	36.1000
430	1481	8.6000	36.5250
431	1472	30.5500	35.4750
432	1473	56.8500	36.7250
432	1478	13.5000	37.4500
433	1483	59.0250	50.9750
434	1482	14.7000	52.9250
435	1475	37.0500	53.9750
435	1476	27.3000	54.7000
435	1477	1.7250	52.6250
435	1479	11.9750	36.2000
435	1481	8.6750	36.7250
436	1472	29.8000	35.2750
437	1473	57.3250	36.5250
437	1478	13.5000	37.4500
438	1483	59.0250	50.9750
439	1482	15.3500	53.1250
440	1475	36.7500	53.9750
440	1476	26.7500	54.7000
440	1477	1.7250	52.6250
440	1479	11.9750	36.2000
440	1481	8.6750	36.7250
441	1472	28.8750	35.0750
442	1473	57.8750	36.5250
442	1478	13.5000	37.4500
443	1483	59.0750	50.9750
444	1482	16.0000	53.1250
445	1475	36.5500	53.9750
445	1476	26.1000	54.7000
445	1477	1.6500	52.4250
445	1479	11.9750	36.2000
445	1481	8.6750	36.7250
446	1472	28.0500	34.8750
447	1473	58.4250	36.5250
447	1478	13.5000	37.3500
448	1483	59.0750	50.9750
449	1482	16.5500	53.1250
450	1475	36.4000	53.9750
450	1476	25.5500	54.7000
450	1477	1.6500	52.4250
450	1479	11.9750	36.3000
450	1481	8.6750	36.7250
451	1472	27.1250	34.8750
452	1473	58.9750	36.9250
452	1478	13.5000	37.3500
453	1483	59.0750	51.0750
454	1482	17.2000	53.1250
455	1475	36.2000	53.9750
455	1476	24.8000	54.7000
455	1477	1.6500	52.4250
455	1479	11.9250	36.3000
455	1481	8.6750	36.7250
456	1472	26.4750	34.8750
457	1473	59.6250	36.9250
457	1478	13.5000	37.4500
458	1483	59.0750	51.0750
459	1482	17.7750	53.1250
460	1475	35.9000	53.9750
460	1476	24.0500	54.7000
460	1477	1.6500	52.4250
460	1479	11.9250	36.3000
460	1481	8.6750	36.7250
461	1472	26.1000	34.8750
462	1473	60.4750	36.9250
462	1478	13.5000	37.4500
463	1483	59.0750	51.0750
464	1482	18.3250	53.1250
465	1475	35.7500	53.9750
465	1476	23.3250	54.9000
465	1477	1.6500	52.4250
465	1479	11.9250	36.4250
465	1481	8.6750	36.7250
466	1472	25.8250	34.6750
467	1473	60.8500	36.9250
467	1478	13.5000	37.3500
468	1483	59.1250	51.0750
469	1482	18.9750	52.9250
470	1475	35.1750	53.7750
470	1476	22.5750	54.9000
470	1477	1.6500	52.4250
470	1479	11.9250	36.4250
470	1481	8.6750	36.7250
471	1472	25.4500	34.4500
472	1473	61.2000	36.9250
472	1478	13.5000	37.3500
473	1483	59.1250	51.0750
474	1482	19.6250	52.9250
475	1475	34.4500	53.7750
475	1477	1.6500	52.4250
475	1479	11.9250	36.4250
475	1481	8.6750	36.7250
476	1472	24.9000	34.4500
477	1473	62.0750	37.1500
477	1478	13.5000	37.3500
478	1474	32.2250	57.2750
479	1483	59.1250	51.0750
480	1482	20.1750	52.7250
481	1475	33.6000	53.5750
481	1477	1.6500	52.4250
481	1479	11.8750	36.5250
481	1481	8.6750	36.7250
482	1472	24.4250	34.4500
483	1473	62.6500	37.3500
483	1478	13.5000	37.3500
484	1474	31.7500	57.0750
485	1483	59.1250	51.0750
486	1482	20.8250	52.7250
487	1475	32.9500	53.5750
487	1477	1.6500	52.4250
487	1479	11.8750	36.5250
487	1481	8.6750	36.7250
488	1472	23.8750	34.4500
489	1473	62.6000	37.3500
489	1478	13.5000	37.2250
490	1474	31.2750	57.0750
491	1483	59.1250	51.1750
492	1482	21.4750	52.5250
493	1475	32.6750	53.5750
493	1477	1.6500	52.4250
493	1479	11.8250	36.5250
493	1481	8.6750	36.7250
494	1473	63.0500	37.3500
494	1478	13.5000	37.2250
495	1474	30.8250	56.8500
496	1483	59.1250	51.1750
496	1484	5.6250	55.5250
497	1482	22.0250	52.5250
498	1475	32.3000	53.5750
498	1477	1.6500	52.4250
498	1479	11.8250	36.6250
498	1481	8.6750	36.7250
499	1473	63.8000	37.6500
499	1478	13.5000	37.2250
500	1474	30.3750	56.6500
501	1483	59.1750	51.1750
502	1482	22.5750	52.3250
503	1475	32.0250	53.5750
503	1477	1.6500	52.4250
503	1479	11.8250	36.6250
503	1481	8.6750	36.7250
504	1473	63.4250	37.3500
504	1478	13.5000	37.1250
505	1474	29.9000	56.4250
506	1483	59.1750	51.1750
507	1482	23.1250	52.3250
508	1475	31.6500	53.5750
508	1477	1.5500	52.2250
508	1479	11.8250	36.6250
508	1481	8.6750	36.7250
509	1473	63.4250	37.3500
509	1478	13.5000	37.2250
510	1474	29.4250	56.4250
511	1483	59.1750	51.1750
512	1482	23.6000	52.1250
513	1475	31.2500	53.4500
513	1477	1.5500	52.2250
513	1479	11.8250	36.6250
513	1481	8.6750	36.7250
514	1473	63.4250	37.3500
514	1478	13.5000	37.2250
515	1474	28.8750	56.2250
516	1483	59.1750	51.1750
517	1482	24.1500	52.1250
518	1475	30.7250	53.4500
518	1477	1.5500	52.2250
518	1479	11.8250	36.7250
518	1481	8.6750	36.7250
519	1473	63.4250	37.3500
519	1476	21.1000	54.7000
519	1478	13.5000	37.2250
520	1474	28.4250	56.2250
521	1483	59.1750	51.1750
522	1482	24.7250	51.9000
523	1475	30.1750	53.4500
523	1477	1.5500	52.2250
523	1479	11.7750	36.7250
523	1481	8.6750	36.7250
524	1473	63.4250	37.3500
524	1476	19.9000	54.4750
524	1478	13.5000	37.1250
525	1474	27.7750	56.2250
526	1483	59.1750	51.2750
527	1482	25.2750	51.9000
528	1475	29.7250	53.5500
528	1477	1.5500	52.2250
528	1479	11.7250	36.7250
528	1481	8.6750	36.7250
529	1473	63.4250	37.3500
529	1476	18.7750	54.4750
529	1478	13.5000	37.1250
530	1474	27.2250	56.2250
531	1483	59.2250	51.2750
532	1482	25.9250	51.9000
533	1475	28.9750	53.5500
533	1477	1.5500	52.2250
533	1479	11.7250	36.8250
533	1481	8.6750	36.7250
534	1473	63.4250	37.3500
534	1476	17.6750	54.2750
534	1478	13.5000	37.1250
535	1474	26.6500	56.0250
536	1483	59.2250	51.2750
537	1480	51.9500	34.9750
537	1482	26.4750	51.9000
538	1475	28.4250	53.5500
538	1477	1.5500	52.2250
538	1479	11.7250	36.8250
538	1481	8.6750	36.7250
539	1473	63.4250	37.3500
539	1476	16.5500	54.2750
539	1478	13.5000	37.1250
540	1474	26.0000	56.0250
541	1483	59.2250	51.2750
542	1480	52.2250	34.9750
542	1482	27.1250	51.9000
543	1475	27.9500	53.7750
543	1477	1.5500	52.2250
543	1479	11.7250	36.8250
543	1481	8.6750	36.7250
544	1473	63.4250	37.3500
544	1476	15.4500	54.2750
544	1478	13.5000	37.0250
545	1474	25.3500	55.8250
546	1483	59.2250	51.2750
547	1480	52.5750	34.9750
547	1482	27.7750	52.1250
548	1475	27.4750	53.7750
548	1477	1.5500	52.2250
548	1479	11.7250	36.9250
548	1481	8.6750	36.7250
549	1473	63.4250	37.3500
549	1476	14.3250	54.0750
549	1478	13.5000	37.0250
550	1474	24.6250	55.4250
551	1483	59.2250	51.2750
552	1480	52.8750	34.9750
552	1482	28.4250	52.1250
553	1475	26.8250	54.0750
553	1477	1.5500	52.2250
553	1479	11.7250	36.9250
553	1481	8.6750	36.7250
554	1473	63.4250	37.3500
554	1476	13.2250	54.0750
554	1478	13.5000	37.0250
555	1474	23.8750	55.2000
556	1483	59.2250	51.2750
557	1480	53.2250	34.9750
557	1482	28.9750	52.1250
558	1475	26.2000	54.2750
558	1477	1.5500	52.2250
558	1479	11.7250	36.9250
558	1481	8.6750	36.7250
559	1473	63.4250	37.3500
559	1476	12.0250	53.8500
559	1478	13.5000	37.0250
560	1474	23.4250	55.2000
561	1483	59.2750	51.3750
562	1480	53.6250	34.9750
562	1482	29.6250	52.4250
563	1475	25.7250	54.2750
563	1477	1.5500	52.2250
563	1479	11.7250	36.9250
563	1481	8.6500	36.7250
564	1473	63.4250	37.3500
564	1476	10.9000	53.6500
564	1478	13.5000	37.0250
565	1483	59.2750	51.3750
566	1480	53.9750	35.2750
566	1482	30.0250	53.4500
567	1475	25.2750	54.2750
567	1477	1.5500	52.2250
567	1479	11.7250	36.9250
567	1481	8.6500	36.7250
568	1473	63.4250	37.3500
568	1476	9.8000	53.6500
568	1478	13.5000	37.0250
569	1483	59.2750	51.3750
570	1480	54.4500	35.4750
570	1482	30.6000	54.2750
571	1475	24.8000	54.2750
571	1477	1.6000	52.3250
571	1479	11.7750	36.9250
571	1481	8.6500	36.7250
572	1478	13.5000	37.0250
573	1483	59.3250	51.4750
574	1480	54.9250	35.4750
574	1482	30.8750	54.4750
575	1477	1.7000	52.3250
575	1479	11.7750	37.0250
575	1481	8.6500	36.7250
576	1478	13.5000	37.0250
577	1483	59.3250	51.4750
578	1480	55.4750	35.4750
578	1482	31.3250	55.1000
579	1477	1.7000	52.4250
579	1479	11.8250	36.9250
579	1481	8.7000	36.8250
580	1478	13.5000	37.1250
581	1483	59.3500	51.6000
582	1480	56.0250	35.7000
582	1482	31.6000	55.1000
583	1477	1.7750	52.5250
583	1479	11.8250	36.9250
583	1481	8.7000	36.8250
584	1478	13.5000	37.0250
585	1483	59.3500	51.7000
586	1480	56.5750	35.7000
586	1482	32.0750	55.1000
587	1477	1.8250	52.6250
587	1479	11.9250	37.0250
587	1481	8.7000	36.8250
588	1478	13.5000	37.1250
589	1483	59.3500	51.7000
590	1480	57.2250	35.7000
590	1482	32.2500	55.1000
591	1477	1.9250	52.6250
591	1479	11.9250	36.9250
591	1481	8.7000	36.9500
592	1484	5.9000	55.5000
593	1478	13.5000	37.0250
594	1483	59.4000	51.8000
595	1480	57.6750	35.7000
596	1477	1.9250	52.6250
596	1479	11.9750	36.9250
596	1481	8.7000	36.9500
597	1484	5.8000	55.3000
598	1478	13.4500	37.1500
599	1483	59.4000	51.8000
600	1480	58.0750	35.7000
601	1477	1.9500	52.7250
601	1479	12.0250	37.0250
601	1481	8.7500	36.9500
602	1484	5.2500	55.3000
603	1478	13.4500	37.0500
604	1483	59.4500	51.9000
605	1480	58.4250	35.9000
606	1477	2.0500	52.8250
606	1479	12.0250	36.9250
606	1481	8.7500	37.0500
607	1484	4.8000	55.5000
608	1478	13.4500	37.1500
609	1482	34.9500	55.3000
610	1483	59.4500	52.0000
611	1480	59.1750	36.3250
612	1477	2.0500	52.9250
612	1479	12.1000	37.0500
612	1481	8.7500	37.0500
613	1478	13.4500	37.1500
614	1482	35.3250	55.1000
615	1483	59.5000	52.1000
616	1480	59.8250	36.3250
617	1477	2.1500	52.9250
617	1479	12.1000	37.0500
617	1481	8.7500	37.0500
618	1478	13.4500	37.1500
619	1482	35.4000	55.1000
620	1483	59.5000	52.1000
621	1480	60.3750	36.3250
622	1477	2.2000	53.0250
622	1479	12.1500	37.0500
622	1481	8.7750	37.0500
623	1478	13.4500	37.1500
624	1483	59.5000	52.1000
625	1480	61.1250	36.3250
626	1477	2.2000	53.0250
626	1479	12.1500	37.0500
626	1481	8.7750	37.1500
627	1478	13.4500	37.1500
628	1483	59.5500	52.2000
629	1480	61.4750	36.5250
630	1477	2.3000	53.2500
630	1479	12.2000	37.0500
630	1481	8.7750	37.1500
631	1478	13.4500	37.1500
632	1483	59.5500	52.2000
633	1480	62.0250	36.9250
634	1477	2.3000	53.2500
634	1479	12.2000	37.0500
634	1481	8.7750	37.1500
635	1478	13.4500	37.1500
