0	1952	45.9750	27.9000
0	1956	45.1250	29.1750
1	1952	45.9750	27.9000
1	1956	45.1250	29.1750
2	1952	45.9750	27.9000
2	1956	45.1250	29.1750
3	1952	46.0750	27.8250
3	1956	45.1250	29.1750
4	1952	46.0750	27.8250
4	1956	45.1250	29.1750
5	1952	46.0750	27.8250
5	1956	45.1250	29.1750
6	1952	46.0750	27.8250
6	1956	45.1250	29.1750
7	1952	45.9000	27.7500
7	1956	45.1250	29.1750
8	1954	42.5500	25.1750
9	1952	45.4250	27.7500
9	1956	45.1250	29.1750
10	1954	42.5500	25.2500
11	1952	45.7250	27.7500
11	1956	45.1250	29.1750
12	1954	43.1000	25.5750
13	1952	45.8000	27.8000
13	1956	45.1250	29.1750
14	1954	43.6500	25.9500
15	1952	45.8000	27.8000
15	1956	45.1250	29.1750
16	1954	43.9500	26.2750
17	1952	45.8000	27.8000
17	1956	45.1250	29.1750
18	1954	44.5000	26.5000
19	1952	45.8000	27.8000
19	1956	45.1250	29.1750
20	1954	44.4000	27.0500
21	1952	45.8000	27.8000
21	1956	45.1250	29.1750
22	1954	44.5000	27.3000
23	1952	45.8500	27.8000
23	1956	45.1250	29.1750
24	1954	44.5750	27.5250
25	1952	45.8500	27.8000
25	1956	45.1250	29.1750
26	1954	44.7500	27.7500
27	1952	45.8500	27.8000
27	1956	45.1250	29.1750
28	1954	44.9500	28.0500
29	1952	45.9000	27.8000
29	1956	45.1250	29.1750
30	1954	45.0500	28.3000
31	1952	45.9000	27.8000
31	1956	45.1250	29.1750
32	1954	45.0500	28.3000
33	1952	45.9000	27.8000
33	1956	45.1250	29.1750
34	1954	45.0500	28.3000
35	1952	45.9250	27.8000
35	1956	45.1250	29.1750
36	1954	45.0500	28.3000
37	1952	45.9250	27.8000
37	1956	45.1250	29.1750
38	1954	45.0500	28.3000
39	1952	45.9250	27.8000
39	1956	45.1250	29.1750
40	1954	45.0500	28.3000
41	1952	45.9250	27.8000
41	1956	45.1250	29.1750
42	1954	44.9500	28.3000
43	1952	45.9250	27.8000
43	1956	45.1250	29.1750
44	1954	44.9500	28.3000
45	1952	45.9250	27.8000
45	1956	45.1250	29.1750
46	1954	44.9500	28.3000
47	1952	45.9250	27.8000
47	1956	45.1250	29.1750
48	1954	44.9500	28.3000
49	1952	45.8500	27.8000
49	1956	45.1250	29.1750
50	1954	44.9500	28.3000
51	1952	45.7750	27.8000
51	1956	45.1250	29.1750
52	1954	44.9500	28.3000
53	1952	45.7750	27.8000
53	1956	45.1250	29.1750
54	1954	44.8500	28.3000
55	1952	45.6750	27.8000
55	1956	45.1250	29.1750
56	1954	44.8500	28.3000
57	1952	45.5750	27.8000
57	1956	45.1250	29.1750
58	1954	44.8500	28.3000
59	1952	45.4750	27.8000
59	1956	45.1250	29.1750
60	1954	44.8500	28.3000
61	1952	45.4750	27.8000
61	1956	45.1250	29.1750
62	1954	44.8500	28.3000
63	1952	45.3750	27.8000
63	1956	45.1250	29.1750
64	1954	44.8500	28.3000
65	1952	45.3750	27.8000
65	1956	45.1250	29.1750
66	1954	44.8500	28.2250
67	1952	45.3750	27.8000
67	1956	45.1250	29.1750
68	1954	44.8500	28.0500
69	1952	45.3500	27.7500
69	1956	45.1250	29.1750
70	1954	44.8500	28.0000
71	1952	45.3500	27.7500
71	1956	45.1250	29.1750
72	1954	44.8500	27.8250
73	1952	45.3500	27.7500
73	1956	45.1250	29.1750
74	1954	44.9500	27.7500
75	1952	45.3500	27.7500
75	1956	45.1250	29.1750
76	1954	45.1000	27.7500
77	1952	45.3250	27.7500
77	1956	45.1250	29.1250
78	1954	45.2000	27.7500
79	1952	45.3250	27.8250
79	1956	45.1250	29.1250
80	1954	45.2000	27.7500
81	1952	45.3500	27.9500
81	1956	45.1250	29.1250
82	1954	45.2000	27.7500
83	1952	45.4000	28.0500
83	1956	45.1250	29.1250
84	1954	45.2500	27.7500
85	1952	45.4500	28.1000
85	1956	45.1250	29.1250
86	1954	45.2500	27.7500
87	1952	45.4500	28.1000
87	1956	45.1250	29.1250
88	1954	45.3000	27.7500
89	1952	45.4500	28.1000
89	1956	45.1250	29.1250
90	1954	45.3500	27.7500
91	1952	45.4500	28.1000
91	1956	45.1250	29.1250
92	1954	45.3500	27.8000
93	1952	45.4500	28.0250
93	1956	45.1250	29.1250
94	1954	45.3500	27.8250
95	1952	45.4500	28.0250
95	1956	45.1250	29.1250
96	1954	45.4000	27.8250
97	1952	45.4500	28.0250
97	1956	45.1250	29.1250
98	1954	45.4500	27.8250
99	1952	45.4500	28.0250
99	1956	45.1250	29.1250
100	1954	45.4500	27.8250
101	1952	45.4500	27.9500
101	1956	45.1250	29.1250
102	1954	45.5000	27.8250
103	1952	45.4500	27.9500
103	1956	45.1250	29.1250
104	1954	45.5000	27.8250
105	1952	45.4500	27.9500
105	1956	45.1250	29.0750
106	1954	45.5000	27.8500
107	1952	45.4500	27.9500
107	1956	45.1250	29.0750
108	1954	45.5500	27.8500
109	1952	45.4500	27.8750
109	1956	45.1250	29.0750
110	1954	45.5750	27.9000
111	1952	45.4500	27.8750
111	1956	45.1250	29.0750
112	1954	45.5750	27.9000
113	1952	45.4500	27.8750
113	1956	45.1250	29.0750
114	1954	45.5750	27.9000
115	1952	45.4500	27.8750
115	1956	45.1250	29.0750
116	1954	45.6250	27.9000
117	1952	45.4500	27.7750
117	1956	45.1250	29.0750
118	1954	45.6500	27.9500
119	1952	45.4500	27.7750
119	1956	45.1250	29.0750
120	1954	45.6500	27.9500
121	1952	45.4500	27.7750
121	1956	45.1250	29.0750
122	1954	45.7000	27.9500
123	1952	45.4500	27.7750
123	1956	45.1250	29.0750
124	1954	45.7000	27.9500
125	1952	45.4500	27.7250
125	1956	45.1250	29.0750
126	1954	45.7000	27.9500
127	1952	45.4500	27.7250
127	1956	45.1250	29.0750
128	1954	45.7500	28.0000
129	1952	45.4500	27.7250
129	1956	45.1250	29.0750
130	1954	45.8000	28.0000
131	1952	45.4500	27.7250
131	1956	45.1250	29.0750
132	1954	45.8000	28.0250
133	1952	45.4500	27.6250
133	1956	45.1250	29.0500
134	1954	45.8000	28.0250
135	1953	64.8250	4.5000
136	1952	45.4500	27.6250
136	1956	45.1250	29.0500
137	1954	45.8500	28.0250
138	1953	64.8250	4.9500
139	1952	45.4500	27.6250
139	1956	45.1250	29.0500
140	1954	45.8500	28.0250
141	1953	64.8250	5.4250
142	1952	45.4500	27.6250
142	1956	45.1250	29.0500
143	1954	45.9000	28.0250
144	1953	64.8250	5.9000
145	1952	45.2500	27.4750
145	1956	45.1250	29.0500
146	1954	45.9500	28.0250
147	1953	64.7750	6.6000
148	1952	45.0750	27.3250
148	1956	45.1250	29.0500
149	1954	45.9500	28.0500
150	1953	64.7750	7.3000
151	1952	44.8000	27.0750
151	1956	45.1250	29.0500
152	1954	45.9500	28.1000
153	1953	64.7750	8.0000
154	1952	44.6250	26.7000
154	1956	45.1250	29.0500
155	1954	45.9750	28.1000
156	1953	64.7750	8.4750
157	1952	44.4250	26.3750
157	1956	45.1250	29.0500
158	1954	46.0250	28.1000
159	1953	64.7750	8.9250
160	1952	44.2500	26.0750
160	1956	45.1250	29.0500
161	1954	46.0250	28.1000
162	1953	64.7750	9.4750
163	1952	44.2500	25.6750
163	1956	45.1250	29.0500
164	1954	46.0750	28.1000
165	1953	64.7750	10.1000
166	1952	44.1750	25.3750
166	1956	45.1250	29.0500
167	1954	46.0750	28.1000
168	1953	64.8750	10.6500
169	1952	44.1750	24.9750
169	1956	45.1250	29.0500
170	1954	46.0750	28.1000
171	1953	64.8750	11.3500
172	1952	44.1750	24.9750
172	1956	45.1250	29.0500
173	1951	46.7250	27.9250
174	1954	46.0750	28.2000
175	1953	65.1000	11.7000
176	1952	44.3250	24.9750
176	1956	45.0750	28.9500
177	1951	46.6250	27.9250
178	1954	46.0750	28.2000
179	1953	65.2250	12.2500
180	1952	44.5750	24.9750
180	1956	45.0750	28.9500
181	1951	46.6250	27.9250
182	1954	46.0750	28.2000
183	1953	65.2250	12.8750
184	1952	44.7500	24.9750
184	1956	45.0750	28.9500
185	1951	46.6250	27.9250
186	1954	46.0250	28.2000
187	1953	65.2250	13.4000
188	1952	44.9500	24.9500
188	1956	45.0750	28.9250
189	1951	46.6250	27.9750
190	1954	45.9750	28.2000
191	1953	65.2250	14.0500
192	1952	44.9500	24.9500
192	1956	45.0750	28.9250
193	1951	46.5250	27.9750
194	1954	45.9750	28.2000
195	1953	65.2250	14.5000
196	1952	45.1250	24.9500
196	1956	45.0250	28.9000
197	1951	46.5250	27.9750
198	1954	45.9500	28.2000
199	1953	65.2250	14.9000
200	1952	45.2000	24.9500
200	1956	45.0250	28.8500
201	1951	46.5250	27.9750
202	1954	45.9500	28.2000
203	1953	65.2250	15.3500
204	1956	45.0250	28.8500
205	1951	46.5250	28.0750
206	1954	45.9000	28.2000
207	1953	65.2250	15.8250
208	1956	45.0250	28.8500
209	1951	46.5250	28.0750
210	1954	45.8500	28.2000
211	1953	65.2250	16.2250
212	1956	45.0250	28.8500
213	1951	46.4500	28.0750
214	1954	45.8500	28.2000
215	1953	65.2250	16.7500
216	1956	44.9750	28.7750
217	1951	46.4500	28.1250
218	1954	45.8500	28.2000
219	1953	65.2250	17.4000
220	1956	44.9750	28.7750
221	1951	46.4500	28.1250
222	1954	45.7500	28.2000
223	1953	65.2250	18.0000
224	1956	44.9750	28.7750
225	1951	46.4500	28.1250
226	1954	45.7500	28.2000
227	1953	65.2250	18.5500
228	1956	44.9750	28.7250
229	1951	46.4500	28.1250
230	1954	45.7500	28.2000
231	1953	65.2250	19.1750
232	1956	44.9750	28.7250
233	1951	46.3500	28.1250
234	1954	45.7000	28.2000
235	1953	65.2250	19.8000
236	1956	44.9250	28.7000
237	1951	46.3500	28.1250
238	1954	45.6750	28.2250
239	1953	65.2250	20.4250
240	1956	44.9250	28.6500
241	1951	46.3500	28.0750
242	1954	45.6750	28.2250
243	1953	65.1500	21.1250
244	1956	44.9250	28.6500
245	1951	46.3500	28.0750
246	1954	45.6250	28.2250
247	1953	65.1500	21.5250
248	1956	44.9250	28.6500
249	1951	46.2750	27.9750
250	1954	45.6250	28.2250
251	1953	65.1500	21.7500
252	1956	44.9250	28.6250
253	1951	46.2750	27.9750
254	1954	45.5250	28.2250
255	1956	44.9250	28.6250
256	1951	46.2750	27.9750
257	1954	45.5250	28.2250
258	1956	44.8750	28.5750
259	1951	46.2750	27.9250
260	1954	45.5250	28.2250
261	1956	44.8750	28.5250
262	1951	46.2750	27.9250
263	1954	45.5000	28.2250
264	1956	44.8750	28.5250
265	1951	46.2750	27.8250
266	1954	45.4500	28.2250
267	1956	44.8750	28.5250
268	1951	46.2750	27.8250
269	1954	45.4500	28.2250
270	1956	44.8750	28.5250
271	1951	46.2750	27.8250
272	1954	45.4000	28.2250
273	1956	44.8000	28.3000
274	1951	46.2750	27.7750
275	1954	45.4000	28.2250
276	1956	44.7250	27.9750
277	1951	46.2750	27.7750
278	1954	45.3500	28.2250
279	1956	44.6250	27.7500
280	1951	46.2750	27.7750
281	1954	45.3000	28.2250
282	1956	44.5250	27.5250
283	1951	46.0750	27.6750
284	1954	45.3000	28.2250
285	1956	44.3500	27.2250
286	1951	45.9750	27.6750
287	1954	45.3000	28.2250
288	1956	44.2250	26.9000
289	1951	45.8000	27.5750
290	1954	45.1250	28.1750
291	1956	44.5750	26.3500
292	1951	45.6250	27.5750
293	1954	44.9500	28.0250
294	1956	44.6750	26.2750
295	1951	45.5250	27.5750
296	1954	44.7500	27.8750
297	1956	44.7750	26.1250
298	1951	45.2750	27.0750
299	1954	44.5750	27.7250
300	1956	44.7750	25.8000
301	1951	45.0750	26.8250
302	1954	44.4000	27.5750
303	1956	44.8250	25.5750
304	1951	44.8750	26.6750
305	1954	44.2000	27.4000
306	1956	44.8250	25.3250
307	1951	44.7250	26.5250
308	1954	44.3000	27.3250
309	1956	44.8250	25.2750
310	1951	44.5750	26.3500
311	1954	44.5750	27.2250
312	1956	44.9250	25.1750
313	1951	44.4750	25.9750
314	1954	44.8500	27.0750
315	1956	44.9250	25.1750
316	1951	44.3000	25.5750
317	1954	45.1250	26.9750
318	1956	44.9250	25.1750
319	1951	44.2250	25.1250
320	1954	45.4500	26.8500
321	1956	44.8750	25.1000
322	1954	45.8000	26.7000
323	1956	44.8750	25.1000
324	1954	46.1500	26.5500
325	1956	44.8750	25.1000
326	1954	46.6000	26.4000
327	1956	44.8750	25.1000
328	1954	46.8500	26.0750
329	1956	44.9250	25.1000
330	1954	46.8500	25.6000
331	1956	44.9250	25.1000
332	1954	46.8500	25.1500
333	1956	44.9250	25.1000
334	1954	46.7500	25.0500
335	1956	44.9250	25.1000
336	1954	46.7500	25.0500
337	1956	44.9250	25.1000
338	1956	44.9750	25.1000
339	1956	44.9750	25.1000
340	1956	44.9500	25.1000
341	1956	44.9500	25.1000
342	1956	44.9500	25.1000
343	1956	45.0000	25.1000
344	1947	57.4000	8.8500
345	1956	45.0000	25.1000
346	1947	57.5000	8.8500
347	1956	45.0000	25.0750
348	1947	57.8750	9.0000
349	1956	45.0000	25.0750
350	1947	58.2500	9.1750
351	1956	45.0000	25.0750
352	1947	58.6000	9.2500
353	1956	45.0500	25.0750
354	1947	58.9500	9.4000
355	1956	45.0500	25.0750
356	1947	59.4250	9.6500
357	1956	45.0500	25.0750
358	1947	59.8000	10.2000
359	1956	45.0000	25.0750
360	1947	60.2500	10.7250
361	1956	45.0250	25.0750
362	1947	60.6000	11.2750
363	1956	45.0250	25.0750
364	1947	60.9750	11.6000
365	1956	45.0250	25.0750
366	1947	61.2500	11.9000
367	1956	45.0250	25.0750
368	1947	61.5250	12.3500
369	1956	45.0250	25.0750
370	1947	61.6000	12.9000
371	1956	45.0750	25.0750
372	1947	61.7000	13.5500
373	1956	45.0750	25.0750
374	1947	61.8000	14.0750
375	1956	45.0750	25.0750
376	1947	61.8000	14.7000
377	1956	45.0750	25.0750
378	1947	61.8000	15.3250
379	1956	45.0750	25.0750
380	1947	61.8000	15.9500
381	1956	45.1250	25.0750
382	1947	61.6000	16.5750
383	1956	45.1250	25.0750
384	1947	61.3500	17.2750
385	1956	45.1250	25.0750
386	1947	61.1500	17.9000
387	1956	45.1250	25.0750
388	1947	60.9750	18.5250
389	1956	45.1250	25.0750
390	1947	60.9000	19.0000
391	1956	45.1250	25.0750
392	1947	60.8000	19.4500
393	1956	45.1250	25.0750
394	1947	60.6000	19.9250
395	1956	45.1250	25.0750
396	1947	60.4250	20.4500
397	1955	46.0250	25.0250
398	1956	45.0750	25.0750
399	1947	60.3000	21.0500
400	1955	46.0250	25.0250
401	1956	45.0750	25.0750
402	1947	60.2500	21.6500
403	1955	46.0250	25.0250
404	1956	45.0750	25.0750
405	1947	60.2000	22.1750
406	1955	46.0250	25.0250
407	1956	45.0750	25.0750
408	1947	60.1000	22.7500
409	1955	46.0250	25.0250
410	1956	45.0750	25.0750
411	1947	60.0750	23.3000
412	1955	46.0250	25.0250
413	1956	45.0750	25.0750
414	1947	60.0250	23.9000
415	1955	46.0250	25.0250
416	1956	45.0250	25.0750
417	1947	59.9750	24.5000
418	1955	46.0250	25.0250
419	1956	45.0250	25.0750
420	1947	59.9250	25.0250
421	1955	46.0250	25.0250
422	1956	45.0250	25.0750
423	1947	59.8750	25.6000
424	1955	46.0250	25.0250
425	1956	45.0250	25.0750
426	1947	59.8250	26.1500
427	1955	46.0250	25.0250
428	1956	45.0250	25.0750
429	1947	59.9250	26.7000
430	1955	46.0250	25.0250
431	1956	45.0000	25.0750
432	1947	59.9250	27.2500
433	1955	46.0250	25.0250
434	1956	45.0000	25.0750
435	1947	60.0250	27.8000
436	1955	46.0250	25.0250
437	1956	45.0000	25.0750
438	1947	60.2000	28.2500
439	1955	46.0250	25.0250
440	1956	45.0000	25.0750
441	1947	60.3000	28.8000
442	1955	46.0250	25.0250
443	1956	45.0500	25.0750
444	1947	60.3000	29.4250
445	1955	46.0250	25.0250
446	1956	45.0500	25.0750
447	1947	60.3750	29.9750
448	1955	46.0250	25.0250
449	1956	45.0000	25.0750
450	1947	60.4750	30.5250
451	1955	46.0250	25.0250
452	1956	45.0000	25.0750
453	1947	60.8500	30.9750
454	1955	46.0250	25.0250
455	1956	45.0000	25.0750
456	1947	61.4000	31.4500
457	1955	46.0250	25.0250
458	1956	45.0000	25.0750
459	1947	61.9500	31.8500
460	1955	46.0250	25.0250
461	1938	58.1000	36.5750
461	1956	45.0000	25.0750
462	1947	62.4000	32.2250
463	1955	46.0250	25.0250
464	1938	58.2750	36.5750
464	1956	44.9500	25.1250
465	1947	62.8500	32.6250
466	1955	46.0250	25.0250
467	1938	58.5500	36.3750
467	1956	44.9500	25.1250
468	1947	63.1750	33.0250
469	1955	46.0250	25.0250
470	1938	58.8250	36.0500
470	1956	44.9500	25.1250
471	1947	63.5000	33.3250
472	1955	46.0250	25.0250
473	1938	59.1000	35.5750
473	1956	44.9500	25.1250
474	1947	63.8000	33.7250
475	1955	46.0250	25.0250
476	1938	59.2750	35.0250
476	1956	44.9500	25.1250
477	1947	64.1750	33.8750
478	1955	46.0250	25.0250
479	1938	59.3750	34.8250
479	1956	44.9500	25.1250
480	1947	64.4500	33.9500
481	1955	46.0250	25.0250
482	1938	59.6500	34.3250
482	1956	44.9000	25.1250
483	1947	64.8000	33.9500
484	1955	46.0250	25.0250
485	1938	59.8250	33.7250
485	1956	44.9000	25.1250
486	1947	65.1000	33.9500
487	1955	46.0250	25.0250
488	1938	59.9250	33.2250
488	1956	44.9250	25.1250
489	1947	65.1000	33.9500
490	1955	46.0250	25.0250
491	1938	59.9250	32.8750
491	1956	44.9250	25.1250
492	1947	65.1000	34.0250
493	1955	46.0250	25.0250
494	1938	59.8250	32.3250
494	1956	44.9250	25.1250
495	1947	65.1000	34.0250
496	1955	46.0250	25.0250
497	1938	59.8250	32.0000
497	1956	44.8750	25.1250
498	1947	65.1000	34.1000
499	1955	46.0250	25.0250
500	1938	59.9250	31.8250
500	1956	44.8750	25.1250
501	1947	65.1000	34.1000
502	1955	46.0250	25.0250
503	1938	59.9250	31.3750
503	1956	44.8750	25.1250
504	1947	65.1000	34.1750
505	1955	46.0250	25.0250
506	1938	59.8250	30.2250
506	1956	44.8750	25.1250
507	1947	65.1000	34.2500
508	1955	46.0250	25.0250
509	1938	59.8250	29.4250
509	1956	44.8750	25.1250
510	1947	65.1000	34.3250
511	1955	46.0250	25.0250
512	1938	59.8250	28.9750
512	1956	44.8750	25.1250
513	1947	65.1000	34.4250
514	1955	46.0250	25.0250
515	1938	59.8250	28.4250
515	1956	44.8250	25.1250
516	1947	65.1000	34.4250
517	1955	46.0250	25.0250
518	1938	59.7500	27.8750
518	1956	44.8250	25.1250
519	1947	65.1000	34.5000
520	1955	46.0250	25.0250
521	1938	59.6500	27.3250
521	1956	44.8250	25.1250
522	1947	65.1500	34.5750
523	1955	46.0250	25.0250
524	1938	59.5000	26.8250
524	1956	44.8250	25.1250
525	1947	65.0500	34.5500
526	1955	46.0250	25.0250
527	1938	59.3750	26.3500
527	1956	44.8250	25.1250
528	1947	65.0500	34.5500
529	1955	46.0250	25.0250
530	1938	59.3000	25.8500
531	1947	65.0500	34.5500
532	1938	59.3000	25.3000
533	1947	65.0000	34.5500
534	1938	59.3000	24.6750
535	1947	65.0000	34.5500
536	1938	59.3000	24.1250
537	1947	65.0000	34.5750
538	1938	59.4500	23.5750
539	1947	64.9500	34.5750
540	1938	59.5500	22.9750
541	1947	64.9500	34.5750
542	1938	59.6500	22.5000
543	1947	64.9000	34.5750
544	1938	59.7500	21.9500
545	1947	64.9000	34.5750
546	1938	59.8500	21.4000
547	1947	64.9000	34.6250
548	1938	60.0000	20.9250
549	1947	64.8750	34.6250
550	1938	60.1000	20.4750
551	1947	64.8750	34.6250
552	1938	60.4750	20.0000
553	1947	64.8750	34.6250
554	1938	60.8500	19.5250
555	1947	64.8250	34.6250
556	1938	61.0250	19.0750
557	1947	64.8250	34.6500
558	1938	61.2000	18.4500
559	1947	64.8250	34.6500
560	1938	61.3000	17.9000
561	1947	64.7750	34.6500
562	1938	61.5000	17.2750
563	1947	64.7750	34.6500
564	1938	61.5500	16.8000
565	1947	64.7750	34.6500
566	1938	61.5500	16.3250
567	1947	64.7250	34.7000
568	1938	61.5500	15.8750
569	1947	64.7250	34.7000
570	1938	61.5500	15.4000
571	1947	64.7250	34.7000
572	1938	61.5500	14.9250
573	1947	64.6750	34.7000
574	1938	61.7500	14.3250
575	1947	64.6750	34.7000
576	1938	61.9500	13.6750
577	1947	64.6750	34.7000
578	1938	62.0250	12.9750
579	1947	64.6750	34.7250
580	1938	62.0250	12.2750
581	1947	64.6750	34.7250
582	1938	62.1000	11.7500
583	1938	62.1000	11.4250
584	1938	62.1000	11.0250
585	1938	62.0250	10.6500
586	1938	61.9500	10.1750
587	1938	61.8500	9.5500
588	1938	61.8500	8.7750
589	1938	61.7500	8.2250
590	1938	61.7500	7.7750
591	1938	61.7500	7.3000
592	1938	61.7500	6.8250
593	1938	61.7500	6.2750
594	1938	61.7500	5.7500
595	1938	61.7500	5.2750
595	1941	44.6250	25.3000
596	1938	61.7500	4.7500
596	1941	44.6250	25.3000
597	1938	61.8000	4.2500
597	1941	44.6250	25.3000
598	1938	61.8750	3.7750
598	1941	44.6250	25.3000
599	1938	61.9250	3.3250
599	1941	44.6250	25.3000
600	1938	61.9750	2.9000
600	1941	44.6250	25.3000
601	1938	61.9750	2.5000
601	1941	44.6250	25.3000
602	1938	61.9750	2.1250
602	1941	44.6250	25.3000
603	1938	61.8000	1.5500
603	1941	44.6250	25.3000
604	1938	61.6250	0.9500
604	1941	44.6250	25.3000
605	1938	61.5250	0.5000
605	1941	44.6250	25.3000
606	1938	61.1750	0.4500
606	1941	44.6250	25.3000
607	1941	44.6250	25.3000
608	1941	44.6250	25.3000
609	1941	44.6250	25.3000
610	1947	64.4500	34.4250
611	1941	44.6250	25.3000
612	1947	64.3500	34.4250
613	1941	44.6250	25.3000
614	1947	64.3500	34.3250
615	1941	44.6250	25.3000
616	1947	64.2500	34.2500
617	1941	44.6250	25.3000
618	1947	64.1750	34.2500
619	1941	44.6250	25.3000
620	1947	64.1000	34.1750
621	1941	44.6250	25.3000
622	1947	64.1000	34.1000
623	1941	44.6250	25.3000
624	1947	64.0000	34.1000
625	1941	44.6250	25.3000
626	1947	63.9000	34.0250
627	1941	44.6250	25.3000
628	1947	63.8000	33.9500
629	1941	44.6250	25.3000
630	1947	63.3500	33.7250
631	1941	44.6250	25.3000
632	1947	62.9000	33.4000
633	1941	44.6250	25.3000
634	1947	62.5500	33.0250
635	1941	44.6250	25.3000
636	1947	62.1500	32.3750
637	1941	44.6250	25.3000
638	1947	61.6000	32.1500
639	1941	44.6250	25.3000
640	1947	61.1500	31.4500
641	1941	44.6250	25.3000
642	1947	60.8000	30.9750
643	1941	44.6250	25.3000
644	1947	60.4500	30.5250
645	1941	44.6250	25.3000
646	1947	60.0500	29.9750
647	1941	44.6250	25.3000
648	1947	59.7000	29.5000
649	1941	44.6250	25.3000
650	1947	59.3500	29.0250
651	1941	44.6250	25.3000
652	1947	59.2500	28.2500
653	1941	44.6250	25.3000
654	1947	59.3500	27.7250
655	1941	44.6250	25.3000
656	1947	59.3500	27.2500
657	1941	44.6250	25.3000
658	1947	59.3500	26.7000
659	1941	44.6250	25.3000
660	1947	59.2500	25.9250
661	1941	44.6250	25.3000
662	1947	59.3500	25.3750
663	1941	44.6250	25.3000
664	1947	59.3500	24.6000
665	1941	44.6250	25.2250
666	1947	59.3750	23.8250
667	1941	44.6250	25.2250
668	1947	59.5250	23.1750
669	1941	44.6250	25.2250
670	1947	59.6250	22.5000
671	1941	44.6250	25.2250
672	1947	59.7250	21.9750
673	1941	44.6250	25.2250
674	1947	59.9250	21.6750
675	1941	44.6250	25.2250
676	1946	32.3250	36.4750
676	1947	60.0250	21.4250
677	1941	44.6250	25.2250
678	1946	32.1500	36.4750
678	1947	60.3750	20.6750
679	1941	44.6250	25.2250
680	1946	32.0500	36.4750
680	1947	60.9250	20.2750
681	1941	44.6250	25.1750
682	1946	32.2250	36.3250
682	1947	61.3750	19.8750
683	1941	44.6250	25.1750
684	1946	32.7000	36.0000
684	1947	61.9250	19.4750
685	1941	44.6250	25.1750
686	1946	33.1500	35.6250
686	1947	62.3000	19.1250
687	1941	44.6250	25.1750
688	1946	33.6000	35.3000
688	1947	62.5750	18.7750
689	1941	44.6250	25.1750
690	1946	34.1500	34.8500
690	1947	62.8500	18.4250
691	1941	44.6250	25.1750
692	1946	34.7000	34.5250
692	1947	63.1250	18.0250
693	1941	44.6250	25.1750
694	1946	35.0750	34.2250
694	1947	63.4000	17.1750
695	1941	44.6750	25.1000
696	1946	35.5250	33.9000
696	1947	63.6750	16.1250
697	1948	59.5250	0.3750
698	1941	44.6750	25.1000
699	1946	35.9000	33.6000
699	1947	63.7750	16.0750
700	1948	60.0750	0.4500
701	1941	44.6750	25.1000
702	1946	36.3500	33.2750
702	1947	63.9500	15.8250
703	1948	60.6250	0.4500
704	1941	44.6750	25.1000
705	1946	36.8000	32.9750
705	1947	63.9500	14.8750
706	1948	60.8750	0.4500
707	1941	44.6750	25.1000
708	1946	37.3500	32.6500
708	1947	63.7750	13.9750
709	1948	61.3250	0.6750
710	1941	44.6750	25.1000
711	1946	37.8000	32.3500
711	1947	63.4500	13.0750
712	1948	61.8250	1.0750
713	1941	44.6750	25.1000
714	1946	38.2750	31.9500
714	1947	63.4500	12.9750
715	1948	62.0250	1.4750
716	1941	44.7250	25.0500
717	1946	38.8250	31.8000
717	1947	63.4500	12.3750
718	1948	62.2250	1.9250
719	1941	44.7250	25.0500
720	1946	39.3750	31.5750
720	1947	63.3500	11.8250
721	1948	62.3750	2.3750
722	1941	44.7250	25.0500
723	1946	39.8250	31.4250
723	1947	63.3500	11.2000
724	1948	62.5750	2.9250
725	1941	44.7250	25.0500
726	1946	40.1750	31.1750
726	1947	62.9000	10.7250
727	1948	63.3250	3.1750
728	1941	44.7250	25.0500
729	1946	40.4500	30.9500
729	1947	62.3500	10.2750
730	1948	63.6750	3.5750
731	1941	44.7250	25.0500
732	1946	40.8250	30.6250
732	1947	61.8000	9.8750
733	1948	63.9250	3.9500
734	1941	44.7250	25.0500
735	1946	41.3750	30.4000
735	1947	61.3500	9.8750
736	1948	64.1750	4.3250
737	1941	44.7250	25.0500
738	1946	41.9250	30.1000
738	1947	60.8000	9.8000
739	1948	64.4000	4.6500
740	1941	44.7750	25.0000
741	1946	42.4750	29.7750
741	1947	60.3250	9.8000
742	1948	64.6250	5.0250
743	1941	44.7750	25.0000
744	1946	43.0250	29.4000
744	1947	59.8750	9.6000
745	1948	64.8500	5.3500
746	1941	44.7750	25.0000
747	1946	43.4750	29.0750
747	1947	59.3750	9.4500
748	1948	65.0500	5.8250
749	1941	44.7750	25.0000
750	1946	43.9250	28.8500
750	1947	58.8750	9.3000
751	1948	65.0500	6.3750
752	1941	44.7750	25.0000
753	1946	44.4000	28.5250
753	1947	58.3750	9.1500
754	1948	65.1000	6.9250
755	1941	44.7750	25.0000
756	1946	44.9500	28.3000
756	1947	57.9250	8.9750
757	1948	65.1500	7.3750
758	1941	44.7750	25.0000
759	1946	45.3000	28.1500
759	1947	57.5500	9.0500
760	1948	65.2000	7.8250
761	1941	44.7750	24.9500
762	1946	45.7500	27.7500
762	1947	57.1750	9.1500
763	1948	65.2250	8.3250
764	1941	44.7750	24.9500
765	1946	46.2250	27.3750
765	1947	57.0000	9.1500
766	1948	65.2750	8.7750
767	1941	44.7750	24.9500
768	1946	46.6750	27.2000
768	1947	56.9000	9.1500
769	1948	65.2750	9.2000
770	1941	44.7750	24.9500
771	1946	47.2250	27.2000
771	1947	56.7250	8.9000
772	1948	65.2000	9.5500
773	1941	44.7750	24.9500
774	1946	47.4000	26.5750
774	1947	56.7750	8.9000
775	1948	65.1500	9.9500
776	1941	44.7750	24.9500
777	1946	47.9000	26.3250
777	1947	57.0000	9.1500
778	1948	65.1000	10.4500
779	1941	44.7750	24.9500
780	1946	48.3000	26.0750
780	1947	57.0000	9.1500
781	1948	65.0000	10.9750
782	1946	48.8000	25.8250
782	1947	57.0000	9.1500
783	1948	64.9000	11.3500
784	1946	49.3000	25.5250
784	1947	57.0000	9.1500
785	1948	64.9000	11.7250
786	1946	49.7500	25.2750
786	1947	57.0000	9.1500
787	1948	64.9000	12.1250
788	1946	50.2000	25.0250
788	1947	57.0000	9.1500
789	1948	64.9000	12.5250
790	1946	50.2000	24.8750
790	1947	57.0000	9.1500
791	1948	64.9000	12.9250
792	1946	50.2000	24.6250
792	1947	57.0000	9.1500
793	1948	64.9000	13.4750
794	1947	57.0000	9.1500
795	1948	64.8250	14.0000
796	1947	57.0000	9.1500
797	1948	64.8250	14.4750
798	1947	57.0000	9.1500
799	1948	64.7250	14.8750
800	1947	57.0000	9.1500
801	1948	64.7250	15.3250
802	1947	57.0000	9.1500
803	1948	64.7250	15.7750
804	1948	64.7250	16.2750
805	1948	64.7250	16.7250
806	1948	64.7250	17.1750
807	1948	64.7250	17.6750
808	1948	64.7250	18.0500
809	1948	64.7250	18.3750
810	1948	64.7250	18.7500
811	1948	64.7250	19.3750
812	1948	64.7250	19.9250
813	1948	64.7250	20.2250
814	1948	64.7250	20.5250
815	1948	64.8250	20.8750
816	1948	64.8250	21.1750
817	1948	64.9000	21.5750
818	1948	64.9000	22.0250
819	1948	65.0000	22.5750
820	1937	44.8500	25.0500
821	1937	44.8500	25.0500
822	1937	44.8500	25.0500
823	1937	44.8500	25.0500
824	1937	44.8500	25.0500
825	1937	44.8500	25.0500
826	1937	44.8500	25.0500
827	1937	44.8500	25.0500
828	1936	64.7750	20.2750
829	1937	44.8500	25.0500
830	1936	64.8250	19.8500
831	1937	44.8500	25.0500
832	1936	64.5750	19.2500
833	1937	44.8500	25.0500
834	1936	64.3250	18.6500
835	1937	44.8500	25.0500
836	1936	63.9500	18.4250
837	1937	44.8500	25.0500
838	1936	64.0500	17.5750
839	1937	44.8500	25.0500
840	1936	63.8500	16.7250
841	1937	44.8500	25.0500
842	1936	63.6750	15.9500
843	1937	44.8500	25.0500
844	1936	63.5750	15.4000
845	1937	44.8500	25.0500
846	1936	63.5250	15.0500
847	1937	44.8500	25.0500
848	1936	63.4000	14.5000
849	1937	44.8500	25.0500
850	1936	63.4000	13.8750
851	1937	44.8500	25.0500
852	1936	62.8500	13.1000
853	1937	44.8500	25.0500
854	1936	62.5250	12.7000
855	1937	44.8500	25.0500
856	1936	62.1750	12.3250
857	1937	44.8500	25.0500
858	1936	61.8500	11.9750
859	1937	44.8500	25.0500
860	1936	61.4750	11.5750
861	1937	44.8500	25.0500
862	1936	61.1500	11.2000
863	1937	44.8500	25.0500
864	1936	60.8000	10.8250
865	1937	44.8500	25.0500
866	1936	60.4750	10.4250
867	1937	44.8500	25.0500
868	1936	60.1000	10.1000
869	1937	44.8500	25.0500
870	1936	59.6500	9.7500
871	1937	44.8500	25.0500
872	1936	59.1000	9.4500
873	1937	44.8500	25.0500
874	1936	58.6000	9.3250
875	1937	44.8500	25.0500
876	1936	58.1000	9.1250
877	1937	44.8500	25.0500
878	1936	57.6500	8.9000
879	1937	44.8500	25.0500
880	1936	57.1500	8.9750
881	1937	44.8500	25.0500
882	1936	57.1000	8.9750
883	1937	44.8500	25.0500
884	1936	57.0500	8.9750
885	1937	44.8500	25.0500
886	1936	57.0000	8.9750
887	1937	44.8500	25.0500
888	1936	57.0500	8.9750
889	1937	44.8500	25.0500
890	1936	56.5250	8.9750
891	1937	44.8500	25.0500
892	1936	56.2250	8.9000
893	1937	44.8500	25.0500
894	1936	56.4750	8.9000
895	1937	44.8500	25.0500
896	1937	44.7500	25.0250
897	1937	44.7500	25.0250
898	1937	44.7500	25.0250
899	1937	44.7500	25.0250
900	1937	44.7500	25.0250
901	1937	44.7500	25.0250
902	1937	44.7500	25.0250
903	1937	44.7500	25.0250
904	1937	44.7500	25.0250
905	1937	44.7500	25.0250
906	1937	44.7500	25.0250
907	1937	44.7500	25.0250
908	1937	44.7500	25.0250
909	1937	44.7500	25.0250
910	1937	44.7500	25.0250
911	1937	44.7500	25.0250
912	1937	44.7500	25.0250
913	1937	44.7500	25.0250
914	1937	44.7500	25.0250
915	1937	44.7500	25.0250
916	1937	44.7500	25.0250
917	1937	44.7500	25.0250
918	1937	44.6750	24.9750
919	1937	44.6750	24.9750
920	1937	44.6750	24.9750
921	1937	44.6750	24.9750
922	1937	44.6750	24.9750
923	1937	44.6750	24.9750
924	1937	44.6750	24.9750
925	1937	44.6750	24.9750
926	1937	44.6750	24.9750
927	1937	44.6750	24.9750
928	1937	44.6750	24.9750
929	1937	44.6750	24.9750
930	1937	44.6750	24.9750
931	1937	44.6750	24.9750
932	1937	44.6750	24.9750
933	1937	44.6750	24.9750
934	1937	44.6750	24.9750
935	1937	44.6750	24.9750
936	1937	44.6750	24.9750
937	1937	44.6750	24.9750
938	1937	44.6750	24.9750
939	1937	44.6750	24.9750
940	1940	0.7750	33.3500
941	1940	0.9500	33.4500
942	1940	1.2500	33.3500
943	1940	1.8000	33.0500
944	1940	2.5500	32.9000
945	1940	3.1000	32.9000
946	1940	3.6500	32.7500
947	1940	4.2750	32.6000
948	1940	4.9000	32.5000
949	1940	5.5500	32.3500
950	1940	6.2000	32.2500
951	1940	6.8250	32.1000
952	1940	7.4500	31.9500
953	1940	8.1000	31.9000
954	1940	8.7500	31.7250
955	1940	9.4000	31.6500
956	1940	10.0250	31.5000
957	1940	10.7250	31.3750
958	1940	11.4250	31.2250
959	1940	12.1250	31.1500
960	1940	12.8500	30.9750
961	1940	13.5000	30.8750
962	1940	14.1750	30.7250
963	1940	14.6750	30.7750
964	1940	15.0750	30.9250
965	1940	15.4250	31.1750
966	1940	15.9750	30.9250
967	1940	16.4250	30.7750
968	1940	16.9750	30.9250
969	1940	17.5250	31.0250
970	1940	18.0750	31.1750
971	1940	18.6250	31.3250
972	1940	19.2750	31.4250
973	1940	19.8250	31.4250
974	1940	20.4250	31.4750
975	1940	21.2750	31.4250
976	1940	22.0000	31.3000
977	1940	22.5500	31.1500
978	1940	22.6250	30.9750
979	1940	22.7250	30.8250
980	1940	22.9250	30.7500
981	1949	44.6250	25.0500
982	1940	24.6500	30.6000
983	1949	44.8000	24.9000
984	1940	24.8250	30.4500
985	1949	44.5250	25.0000
986	1940	25.1250	30.1250
987	1949	44.5250	25.3000
988	1940	26.0250	30.2000
989	1949	44.6250	25.5250
990	1940	26.2250	30.1250
991	1949	44.6250	25.8500
992	1940	26.3750	29.9750
993	1949	44.4250	26.2500
994	1940	26.7500	29.9750
995	1949	44.2500	26.5500
996	1940	27.5750	29.8250
997	1949	43.9750	26.9500
998	1940	28.5750	29.3750
999	1949	43.8000	27.3250
1000	1940	29.4500	29.2750
1001	1949	43.6250	27.7000
1002	1940	30.0750	29.2000
1003	1949	43.3250	28.2500
1004	1940	29.8750	29.2000
1005	1949	43.1500	28.8000
1006	1949	42.9250	29.4250
1007	1949	42.7500	29.9750
1008	1949	43.0250	30.3000
1009	1949	43.3000	30.5250
1010	1949	43.5750	30.7250
1011	1949	43.9000	30.9500
1012	1949	44.1500	31.1250
1013	1949	44.5250	31.5250
1014	1949	45.0000	31.8250
1015	1949	45.3500	32.2250
1016	1949	45.6750	32.4750
1017	1949	45.8500	32.6250
1018	1949	45.6750	33.0750
1019	1949	45.4000	33.6250
1020	1949	45.0250	34.1000
1021	1949	44.6750	34.3250
1022	1949	44.3000	34.6500
1023	1949	44.0250	34.8000
1024	1949	43.7500	34.8750
1025	1949	43.4750	34.9750
1026	1949	43.3750	34.9750
1027	1949	43.3750	34.9750
1028	1949	43.3750	35.0250
1029	1949	43.3750	35.0250
1030	1949	43.3750	35.0250
1031	1949	43.3750	35.0250
1032	1949	43.3750	35.0250
1033	1949	43.3750	35.0250
1034	1949	43.3750	35.0250
1035	1949	43.3750	35.0250
1036	1949	43.3750	35.0250
1037	1949	43.3750	35.0250
1038	1949	43.3750	35.0250
1039	1949	43.3750	35.0250
1040	1949	43.3750	35.0250
1041	1949	43.3750	35.0250
1042	1949	43.3750	35.0250
1043	1949	43.3750	35.0250
1044	1949	43.3750	35.0250
1045	1949	43.3750	35.0250
1046	1949	43.3750	35.0250
1047	1949	43.3750	35.0250
1048	1949	43.3750	35.0250
1049	1949	43.3750	35.0250
1050	1949	43.3750	35.0250
1051	1949	43.3750	34.9750
1052	1949	43.3750	34.9750
1053	1949	43.3750	34.9750
1054	1949	43.4250	34.9750
1055	1949	43.4250	34.9750
1056	1949	43.4250	34.9250
1057	1949	43.4250	34.9250
1058	1949	43.4750	34.9250
1059	1949	43.4750	34.9250
1060	1949	43.4750	34.9250
1061	1949	43.5000	34.9250
1062	1949	43.5000	34.8750
1063	1949	43.5000	34.8750
1064	1949	43.6000	34.8750
1065	1949	43.6000	34.8750
1066	1949	43.6000	34.8750
1067	1949	43.6000	34.8500
1068	1949	43.6500	34.8500
1069	1949	43.6500	34.8500
1070	1949	43.6500	34.8500
1071	1949	43.7000	34.8500
1072	1949	43.7000	34.8000
1073	1949	43.7000	34.8000
1074	1949	43.7500	34.8000
1075	1949	43.7500	34.8000
1076	1949	43.7500	34.8000
1077	1949	43.7500	34.8000
1078	1949	43.6500	34.7250
1079	1949	43.3750	34.7250
1080	1949	43.3750	34.7250
1081	1949	43.3000	34.7250
1082	1949	43.3000	34.8000
1083	1949	43.2000	34.8000
1084	1949	43.2000	34.8000
1085	1949	43.1000	34.8750
1086	1949	43.1000	34.8750
1087	1949	43.0250	34.8750
1088	1949	43.0250	34.8750
1089	1949	43.0250	34.5750
1090	1949	43.0250	34.2500
1091	1949	43.0250	33.9500
1092	1949	43.0250	33.6250
1093	1944	4.4500	28.5500
1093	1945	6.1500	29.4750
1094	1949	43.1750	33.6250
1095	1944	4.4500	28.4500
1095	1945	6.1500	29.4750
1096	1943	65.0000	9.2000
1097	1949	43.1750	33.3250
1098	1944	4.4500	28.4500
1098	1945	6.1500	29.4750
1099	1943	65.0000	8.6000
1100	1949	43.1750	33.0000
1101	1944	4.4500	28.3750
1101	1945	6.1500	29.4750
1102	1943	64.6250	8.9000
1103	1949	43.1750	32.7000
1104	1944	4.4500	28.3750
1104	1945	6.1500	29.4750
1105	1943	64.1750	8.9750
1106	1949	43.1750	32.4000
1107	1944	4.4500	28.3000
1107	1945	6.1500	29.4750
1108	1943	63.7250	8.9750
1109	1949	43.2250	32.1500
1110	1944	4.4500	28.3000
1110	1945	6.1500	29.4750
1111	1943	63.2750	8.9750
1112	1949	43.3250	31.7750
1113	1944	4.4500	28.2250
1113	1945	6.1500	29.4750
1114	1943	62.5250	8.9750
1115	1949	43.4250	31.3750
1116	1944	4.4500	28.2250
1116	1945	6.1500	29.4750
1117	1943	61.9750	9.0500
1118	1949	43.6250	30.9750
1119	1944	4.3750	28.2250
1119	1945	6.1500	29.4750
1120	1943	61.6250	9.2000
1121	1949	43.7250	30.6000
1122	1944	4.3750	28.2250
1122	1945	6.1500	29.4750
1123	1943	61.0750	8.9750
1124	1949	43.8750	30.3750
1125	1944	4.2750	28.2250
1125	1945	6.1500	29.4750
1126	1943	60.6250	9.1500
1127	1949	44.0750	30.0500
1128	1944	4.2750	28.2250
1128	1945	6.1500	29.4750
1129	1943	60.1500	9.3000
1130	1949	44.2750	29.7500
1131	1944	4.2750	28.3000
1131	1945	6.1500	29.4750
1132	1943	59.5250	9.3500
1133	1949	44.3250	29.4250
1134	1944	4.3750	28.3750
1134	1945	6.1500	29.4750
1135	1943	59.1500	9.2000
1136	1949	44.4250	29.1250
1137	1944	4.4500	28.4500
1137	1945	6.1500	29.4750
1138	1943	58.5000	9.2000
1139	1949	44.6250	28.8000
1140	1944	4.4500	28.3750
1140	1945	6.1500	29.4750
1141	1943	58.2250	9.2000
1142	1949	44.8750	28.4250
1143	1944	4.4500	28.3750
1143	1945	6.1500	29.4750
1144	1943	57.8750	9.2000
1145	1949	45.1750	28.0250
1146	1944	4.4500	28.3000
1146	1945	6.1500	29.4750
1147	1943	57.5000	9.2000
1148	1949	45.3500	27.8000
1149	1944	4.4500	28.3000
1149	1945	6.1500	29.4750
1150	1943	57.4250	9.2000
1151	1949	45.3500	27.7250
1152	1944	4.4500	28.2250
1152	1945	6.1500	29.4750
1153	1943	57.3250	9.2000
1154	1949	45.3500	27.7250
1155	1944	4.4500	28.2250
1155	1945	6.1500	29.4750
1156	1943	57.3250	9.0500
1157	1949	45.2750	27.6250
1158	1944	4.3750	28.2250
1158	1945	6.1500	29.4750
1159	1943	57.3250	8.8000
1160	1949	45.2750	27.5500
1161	1944	4.3750	28.2250
1161	1945	6.1500	29.4750
1162	1943	57.3250	8.7500
1163	1949	45.2750	27.5500
1164	1944	4.3750	28.2250
1164	1945	6.1500	29.4750
1165	1943	57.3250	8.7500
1166	1949	45.2750	27.4750
1167	1944	4.3750	28.3000
1167	1945	6.1500	29.4750
1168	1949	45.2750	27.4750
1169	1944	4.3750	28.3000
1169	1945	6.1500	29.4750
1170	1949	45.2750	27.4000
1171	1944	4.3750	28.3750
1171	1945	6.1500	29.4750
1172	1949	45.2750	27.3250
1173	1944	4.3750	28.3750
1173	1945	6.1500	29.4750
1174	1949	45.5250	27.1750
1175	1944	4.3750	28.3750
1175	1945	6.1500	29.4750
1176	1949	45.7250	27.0250
1177	1944	4.3750	28.3750
1177	1945	6.1500	29.4750
1178	1949	45.8750	26.8500
1179	1944	4.3750	28.3000
1179	1945	6.1500	29.4750
1180	1949	46.1750	26.4750
1181	1944	4.3750	28.2250
1181	1945	6.1500	29.4750
1182	1949	46.3750	26.2250
1183	1944	4.3750	28.2250
1183	1945	6.1500	29.4750
1184	1949	46.6250	26.0000
1185	1944	4.3750	28.1500
1185	1945	6.1500	29.4750
1186	1949	46.5250	25.8500
1187	1944	4.3750	28.0500
1187	1945	6.1500	29.4750
1188	1949	45.9750	25.5250
1189	1944	4.3750	28.0500
1189	1945	6.1500	29.4750
1190	1949	46.1750	25.3750
1191	1944	4.3750	28.0500
1191	1945	6.1500	29.4750
1192	1949	46.1750	25.3000
1193	1944	4.3750	28.0500
1193	1945	6.1500	29.4750
1194	1944	4.3750	28.0500
1194	1945	6.1500	29.4750
1195	1944	4.4500	28.0500
1195	1945	6.1500	29.4750
1196	1944	4.4500	28.0500
1196	1945	6.1500	29.4750
1197	1944	4.5500	28.0500
1197	1945	6.1500	29.4750
1198	1950	36.8750	25.4000
1199	1944	4.5500	28.0500
1199	1945	6.1500	29.4750
1200	1950	36.8750	25.4000
1201	1944	4.6250	28.0500
1201	1945	6.1500	29.4750
1202	1950	36.9750	25.9000
1203	1950	36.9750	26.3500
1204	1950	36.9750	26.8000
1205	1950	36.8250	26.9750
1206	1950	36.6250	27.2000
1207	1950	36.3500	27.3500
1208	1950	36.1750	27.5000
1209	1950	35.9750	27.6750
1210	1950	35.8000	27.9000
1211	1950	35.6250	28.0500
1212	1950	35.5250	28.2000
1213	1950	35.5250	28.3750
1214	1950	35.6250	28.4500
1215	1950	35.7250	28.6000
1216	1950	35.6250	28.5500
1217	1950	35.6250	28.5500
1218	1950	35.6250	28.4500
1219	1950	35.6250	28.4500
1220	1950	35.6250	28.4500
1221	1950	35.5250	28.3750
1222	1949	46.7250	25.6250
1223	1950	35.5250	28.3750
1224	1949	46.5250	25.8500
1225	1950	35.5250	28.3750
1226	1949	46.3500	26.0750
1227	1950	35.5250	28.3000
1228	1949	46.0750	26.2250
1229	1950	35.5250	28.3000
1230	1949	45.8500	26.4750
1231	1950	35.5250	28.3000
1232	1949	45.5750	26.7000
1233	1950	35.4250	28.2000
1234	1949	45.3000	26.8500
1235	1950	35.3250	28.1500
1236	1949	45.1250	27.0250
1237	1950	35.1750	28.0500
1238	1949	44.8500	27.1750
1239	1950	35.0750	28.0000
1240	1949	44.3500	27.6250
1241	1942	30.3000	28.8750
1242	1950	34.8750	27.9000
1243	1949	44.1500	27.8750
1244	1942	29.8500	28.8750
1245	1950	34.8750	27.9000
1246	1949	44.1500	27.9500
1247	1942	29.5000	28.8750
1248	1950	34.8750	28.0000
1249	1949	43.9000	28.1750
1250	1942	29.1250	28.8750
1251	1950	34.5250	28.3000
1252	1949	43.5250	28.5000
1253	1942	28.6000	28.8750
1254	1950	34.4250	28.2000
1255	1949	43.1500	28.7250
1256	1942	28.0500	28.8750
1257	1950	34.4250	28.0000
1258	1949	42.8000	29.0250
1259	1942	27.4000	28.9750
1260	1950	34.3250	27.9000
1261	1949	42.4250	29.2750
1262	1942	26.7500	28.9750
1263	1950	34.1750	28.0500
1264	1949	42.0500	29.5750
1265	1942	26.2000	29.0250
1266	1950	33.9750	28.1500
1267	1949	41.7000	29.8250
1268	1942	25.5500	29.0250
1269	1950	33.7750	28.3000
1270	1949	41.3250	30.1250
1271	1942	24.9250	29.1250
1272	1950	33.7750	28.2000
1273	1949	41.0500	30.4500
1274	1942	24.2500	29.2750
1275	1950	33.8250	28.2000
1276	1949	40.8000	30.7750
1277	1942	23.5500	29.4750
1278	1950	33.9250	28.1750
1279	1949	40.4500	31.1500
1280	1942	22.8750	29.6500
1281	1950	34.0000	28.1500
1282	1949	40.1500	31.4500
1283	1942	22.1750	29.8500
1284	1950	34.0500	28.1000
1285	1949	39.8750	31.8000
1286	1942	21.5250	30.0500
1287	1950	34.1500	28.0500
1288	1949	39.5500	32.1500
1289	1942	20.8500	30.2000
1290	1939	62.5750	0.8750
1290	1950	34.2000	28.0250
1291	1949	39.2250	32.5250
1292	1942	20.1750	30.4000
1293	1939	62.8500	0.8750
1293	1950	34.2750	28.0250
1294	1949	38.9500	32.8750
1295	1942	19.5750	30.5750
1296	1939	63.0250	1.3500
1296	1950	34.3750	28.0250
1297	1949	38.6750	33.1250
1298	1942	19.0250	30.5750
1299	1939	63.2250	1.9000
1299	1950	34.4750	28.0250
1300	1949	38.4000	33.3750
1301	1942	18.5750	30.6250
1302	1939	63.3000	2.3500
1302	1950	34.4750	28.0250
1303	1949	38.2250	33.6750
1304	1942	18.1000	30.6250
1305	1939	63.4000	2.9000
1305	1950	34.5750	28.0250
1306	1949	37.9500	33.9250
1307	1942	17.5750	30.6250
1308	1939	63.4000	3.4500
1308	1950	34.5750	28.0250
1309	1949	37.6750	34.2250
1310	1942	17.3000	30.6250
1311	1939	63.4000	4.0000
1311	1950	34.6750	28.0250
1312	1949	37.4750	34.4500
1313	1942	17.2000	30.6250
1314	1939	63.4000	4.5500
1314	1950	34.7250	28.1000
1315	1949	37.2250	34.7750
1316	1942	17.1000	30.6250
1317	1939	63.4000	5.1500
1317	1950	34.7250	28.1000
1318	1949	37.1250	34.9250
1319	1942	17.0250	30.5750
1320	1939	63.4000	5.7000
1320	1950	34.8250	28.1000
1321	1949	37.1250	34.9250
1322	1942	16.9250	30.5750
1323	1939	63.4000	6.3250
1323	1950	34.8250	28.1000
1324	1949	37.1250	34.9250
1325	1942	16.8500	30.5750
1326	1939	63.4000	6.8500
1326	1950	34.9250	28.1000
1327	1949	37.1250	34.9250
1328	1942	16.6500	30.4750
1329	1939	63.4000	7.5750
1329	1950	35.0250	28.1750
1330	1949	37.1250	34.9250
1331	1942	16.5500	30.4750
1332	1939	63.5000	8.2750
1332	1950	35.0250	28.1750
1333	1949	37.1250	34.9250
1334	1942	16.4750	30.4750
1335	1939	63.5750	8.9000
1335	1950	35.1250	28.1750
1336	1949	37.1250	34.9250
1337	1942	16.1000	30.4750
1338	1939	63.5750	9.6000
1338	1950	35.1250	28.1750
1339	1949	37.1250	34.9250
1340	1942	15.6500	30.4750
1341	1939	63.6750	10.1500
1341	1950	35.2250	28.1750
1342	1949	37.1250	34.9250
1343	1942	15.2750	30.5750
1344	1939	63.8500	10.5500
1344	1950	35.2750	28.1750
1345	1949	37.1250	34.9250
1346	1942	14.9250	30.5750
1347	1939	63.9500	10.9250
1347	1950	35.2750	28.2500
1348	1949	37.1250	34.9250
1349	1942	14.5500	30.6250
1350	1939	64.1250	11.4000
1350	1950	35.3750	28.2500
1351	1949	37.1250	34.9250
1352	1942	14.2000	30.6250
1353	1939	64.2500	11.8500
1353	1950	35.3750	28.2500
1354	1949	37.1250	34.9250
1355	1942	13.7250	30.7250
1356	1939	64.4500	12.4000
1356	1950	35.4750	28.2500
1357	1949	37.1250	34.9250
1358	1942	13.3500	30.7250
1359	1939	64.6500	12.9500
1359	1950	35.5750	28.2500
1360	1949	37.1250	34.9250
1361	1942	13.0000	30.7750
1362	1939	64.7250	13.5750
1362	1950	35.5750	28.2500
1363	1949	37.1250	34.9250
1364	1942	12.6250	30.7750
1365	1939	64.8750	14.1000
1365	1950	35.5750	28.2500
1366	1949	37.1250	34.9250
1367	1942	12.2500	30.8750
1368	1939	64.9250	14.6000
1368	1950	35.4750	28.1000
1369	1949	37.1250	34.9250
1370	1942	11.8000	30.8750
1371	1950	35.3750	28.0250
1372	1949	37.1250	34.9250
1373	1942	11.4500	30.8750
1374	1950	35.2750	27.8750
1375	1949	37.1250	34.9250
1376	1942	10.9000	31.0250
1377	1950	35.2250	27.7250
1378	1949	37.1250	34.9250
