0	2391	34.8000	26.7500
0	2393	30.7500	46.2500
0	2394	31.9500	46.2500
0	2395	33.3000	46.6500
0	2396	33.1500	47.9750
0	2397	69.0500	19.5750
0	2398	36.0750	34.6250
0	2399	47.3000	43.4250
0	2400	33.5500	40.2750
0	2402	60.7500	41.2000
0	2403	60.6000	39.3750
0	2404	6.8750	41.7000
0	2405	6.7750	40.4000
0	2406	49.2000	42.6250
0	2407	60.1000	22.6250
0	2408	38.0500	25.5250
0	2409	37.3000	44.8250
0	2410	36.3750	45.0500
0	2411	37.1250	64.6250
0	2412	4.0000	34.9250
0	2413	41.1000	22.2250
1	2391	35.0000	25.9250
1	2393	30.7500	46.2500
1	2394	31.9500	46.2500
1	2395	33.3000	46.6500
1	2396	33.1500	47.9750
1	2397	69.2500	19.1750
1	2398	35.8750	33.4250
1	2399	47.3000	43.4250
1	2400	33.4500	40.9000
1	2402	60.0500	41.0000
1	2403	59.9000	39.3750
1	2404	7.5750	41.7000
1	2405	7.4750	40.4000
1	2406	49.2000	42.6250
1	2407	59.6000	22.4250
1	2408	38.0500	25.5250
1	2409	37.2000	44.0250
1	2410	36.2750	44.2250
1	2411	37.0750	63.8250
1	2412	4.8000	34.9250
1	2413	41.1000	22.2250
2	2391	35.3250	25.1250
2	2393	30.7500	46.2500
2	2394	31.9500	46.2500
2	2395	33.3000	46.6500
2	2396	33.1500	47.9750
2	2397	69.5000	18.9750
2	2398	35.7750	32.4250
2	2399	47.3000	43.4250
2	2400	33.3500	41.5250
2	2402	59.3500	41.0000
2	2403	59.2000	39.3750
2	2404	8.4000	41.7000
2	2405	8.3000	40.4000
2	2406	49.2000	42.6250
2	2407	59.2000	22.4250
2	2408	38.0500	25.5250
2	2409	37.2000	43.2250
2	2410	36.1750	43.4250
2	2411	37.0750	63.0250
2	2412	5.6000	34.9250
2	2413	41.1000	22.2250
3	2391	35.6250	24.3250
3	2393	30.7500	46.2500
3	2394	31.9500	46.2500
3	2395	33.3000	46.6500
3	2396	33.1500	47.9750
3	2397	69.7500	18.7750
3	2398	35.5750	31.3000
3	2399	47.3000	43.4250
3	2400	33.2500	42.2250
3	2402	58.7250	41.0000
3	2403	58.4750	39.3750
3	2404	9.2000	41.8250
3	2405	9.1000	40.4000
3	2406	49.2000	42.6250
3	2407	58.7750	22.2250
3	2408	38.0500	25.5250
3	2409	37.1000	42.4250
3	2410	36.0750	42.6250
3	2411	37.0750	62.4250
3	2412	6.4250	34.9250
3	2413	41.1000	22.2250
4	2391	35.9250	23.5250
4	2393	30.7500	46.2500
4	2394	31.9500	46.2500
4	2395	33.3000	46.6500
4	2396	33.1500	47.9750
4	2397	70.0000	18.3750
4	2398	35.4750	30.1750
4	2399	47.3000	43.4250
4	2400	33.2500	42.9250
4	2402	58.0250	41.0000
4	2403	57.8750	39.3750
4	2404	10.0000	41.9250
4	2405	9.9000	40.6000
4	2406	49.2000	42.6250
4	2407	58.2750	22.2250
4	2408	38.0500	25.5250
4	2409	37.1000	41.6000
4	2410	35.9750	41.8000
4	2411	37.0750	61.6250
4	2412	7.3250	34.9250
4	2413	41.1000	22.2250
5	2391	36.2250	22.7250
5	2393	30.7500	46.2500
5	2394	31.9500	46.2500
5	2395	33.3000	46.6500
5	2396	33.1500	47.9750
5	2397	70.2500	18.1750
5	2398	35.3750	29.0750
5	2399	47.3000	43.4250
5	2400	33.1500	43.6250
5	2402	57.3250	41.0000
5	2403	57.1750	39.3750
5	2404	10.8000	42.0250
5	2405	10.7000	40.6000
5	2406	49.2000	42.6250
5	2407	57.8750	22.2250
5	2408	38.0500	25.5250
5	2409	37.0250	40.8000
5	2410	35.8750	41.0000
5	2411	37.0750	61.0250
5	2412	8.1250	34.9250
5	2413	41.1000	22.2250
6	2391	36.8250	22.1250
6	2393	30.7500	46.2500
6	2394	31.9500	46.2500
6	2395	33.3000	46.6500
6	2396	33.1500	47.9750
6	2397	70.5000	17.9750
6	2398	35.2750	28.0750
6	2399	47.3000	43.4250
6	2400	33.1500	44.2250
6	2402	56.7000	41.0000
6	2403	56.4500	39.3750
6	2404	11.6000	42.0250
6	2405	11.4000	40.6000
6	2406	49.2000	42.6250
6	2407	57.4750	22.0000
6	2408	38.0500	25.5250
6	2409	36.9750	39.9750
6	2410	35.7750	40.2000
6	2411	37.0750	60.1750
6	2412	8.9500	34.9250
6	2413	41.1000	22.2250
7	2391	37.4500	21.7000
7	2393	30.7500	46.2500
7	2394	31.9500	46.2500
7	2395	33.3000	46.6500
7	2396	33.1500	47.9750
7	2397	70.7000	17.7750
7	2398	35.2750	26.8750
7	2399	47.3000	43.4250
7	2400	33.4500	44.4250
7	2402	56.0000	41.0000
7	2403	55.8500	39.3750
7	2404	12.4000	42.0250
7	2405	12.2000	40.8000
7	2406	49.2000	42.6250
7	2407	57.0750	22.0000
7	2408	38.0500	25.5250
7	2409	36.9250	39.1750
7	2410	35.6750	39.3750
7	2411	37.0750	59.5750
7	2412	9.8500	34.9250
7	2413	41.1000	22.2250
8	2391	38.0500	21.5000
8	2393	30.7500	46.2500
8	2394	31.9500	46.2500
8	2395	33.3000	46.6500
8	2396	33.1500	47.9750
8	2397	71.0000	17.3750
8	2398	35.3750	25.6250
8	2399	47.3000	43.4250
8	2400	33.8500	44.8250
8	2402	55.3000	40.8000
8	2403	55.1500	39.3750
8	2404	13.2000	42.2250
8	2405	13.0000	40.8000
8	2406	49.2000	42.6250
8	2407	56.5500	22.0000
8	2408	38.1500	25.5250
8	2409	36.9250	38.3750
8	2410	35.5750	38.5750
8	2411	37.0750	58.7750
8	2412	10.6500	34.9250
8	2413	41.1000	22.2250
9	2391	38.6500	21.2750
9	2393	30.7500	46.2500
9	2394	31.9500	46.2500
9	2395	33.3000	46.6500
9	2396	33.1500	47.9750
9	2397	71.2500	17.1750
9	2398	35.4750	24.6250
9	2399	47.3000	43.4250
9	2400	34.1500	45.2250
9	2402	54.7000	40.8000
9	2403	54.4500	39.3750
9	2404	14.0250	42.2250
9	2405	13.8250	40.8000
9	2406	49.2000	42.6250
9	2407	56.1500	21.8000
9	2408	38.1500	25.5250
9	2409	36.8750	37.7750
9	2410	35.4750	37.7750
9	2411	37.0750	58.1750
9	2412	11.4500	34.9250
9	2413	41.1000	22.2250
10	2391	39.2500	20.8750
10	2393	30.7500	46.2500
10	2394	31.9500	46.2500
10	2395	33.3000	46.6500
10	2396	33.1500	47.9750
10	2397	71.3500	17.1750
10	2398	35.4750	23.4250
10	2399	47.3000	43.4250
10	2400	34.2500	46.0500
10	2402	54.0000	40.8000
10	2403	53.8500	39.3750
10	2404	14.8250	42.2250
10	2405	14.5750	41.0000
10	2406	49.2000	42.6250
10	2407	55.7500	21.8000
10	2408	38.1500	25.5250
10	2409	36.8250	36.9500
10	2410	35.3500	36.9500
10	2411	37.0750	57.3750
10	2412	12.2500	34.9250
10	2413	41.1000	22.2250
11	2391	39.9500	20.6750
11	2393	30.7500	46.2500
11	2394	31.9500	46.2500
11	2395	33.3000	46.6500
11	2396	33.1500	47.9750
11	2397	71.3500	17.1750
11	2398	35.5750	22.2250
11	2399	47.3000	43.4250
11	2400	34.4500	46.8750
11	2402	53.3000	40.8000
11	2403	53.1500	39.3750
11	2404	15.6500	42.2250
11	2405	15.4000	41.0000
11	2406	49.2000	42.6250
11	2407	55.3500	21.8000
11	2408	38.1500	25.5250
11	2409	36.8250	36.1500
11	2410	35.1500	36.1500
11	2411	37.0750	56.7750
11	2412	13.1500	34.9250
11	2413	41.1000	22.2250
12	2391	40.6500	20.4750
12	2393	30.7500	46.2500
12	2394	31.9500	46.2500
12	2395	33.3000	46.6500
12	2396	33.1500	47.9750
12	2397	71.3500	17.1750
12	2398	35.6750	21.1750
12	2399	47.3000	43.4250
12	2400	34.4500	47.6750
12	2402	52.7000	40.8000
12	2403	52.4500	39.3750
12	2404	16.4500	42.2250
12	2405	16.1500	41.0000
12	2406	49.2000	42.6250
12	2407	54.8500	21.6000
12	2408	38.1500	25.5250
12	2409	36.6250	35.3500
12	2410	35.0500	35.3500
12	2411	37.0750	55.9750
12	2412	13.9750	34.9250
12	2413	41.1000	22.2250
13	2391	41.3500	20.3750
13	2393	30.7500	46.2500
13	2394	31.9500	46.2500
13	2395	33.3000	46.6500
13	2396	33.1500	47.9750
13	2397	71.3500	17.3750
13	2398	35.8750	20.1750
13	2399	47.3000	43.4250
13	2400	34.3500	48.0750
13	2402	52.0000	40.8000
13	2403	51.8500	39.3750
13	2404	17.3500	42.2250
13	2405	16.9500	41.2000
13	2406	49.2000	42.6250
13	2407	54.4500	21.6000
13	2408	38.1500	25.5250
13	2409	36.3750	34.3250
13	2410	34.9500	34.5250
13	2411	37.0750	55.3250
13	2412	14.7750	34.9250
13	2413	41.1000	22.2250
14	2391	42.0500	20.1750
14	2393	30.7500	46.2500
14	2394	31.9500	46.2500
14	2395	33.3000	46.6500
14	2396	33.1500	47.9750
14	2397	71.3500	17.3750
14	2398	36.0750	19.1750
14	2399	47.3000	43.4250
14	2400	34.0500	48.8750
14	2402	51.3750	40.8000
14	2403	51.1250	39.3750
14	2404	18.1500	42.2250
14	2405	17.7000	41.2000
14	2406	49.2000	42.6250
14	2407	54.0500	21.6000
14	2408	38.1500	25.5250
14	2409	36.1250	33.5250
14	2410	34.7500	33.7250
14	2411	37.0750	54.5250
14	2412	15.7000	34.9250
14	2413	41.1000	22.2250
15	2391	42.7750	20.0750
15	2393	30.7500	46.2500
15	2394	31.9500	46.2500
15	2395	33.3000	46.6500
15	2396	33.1500	47.9750
15	2397	71.3500	17.5750
15	2398	36.2750	18.3750
15	2399	47.3000	43.4250
15	2400	33.7500	49.4750
15	2402	50.6750	40.8000
15	2403	50.4250	39.3750
15	2404	19.0500	42.2250
15	2405	18.5000	41.2000
15	2406	49.2000	42.6250
15	2407	53.6500	21.4000
15	2408	38.1500	25.5250
15	2409	35.8750	32.7250
15	2410	34.6500	32.9250
15	2411	37.0750	53.9250
15	2412	16.5000	34.9250
15	2413	41.1000	22.2250
16	2392	22.6750	95.7500
17	2391	43.4750	19.9750
17	2393	30.7500	46.2500
17	2394	31.9500	46.2500
17	2395	33.3000	46.6500
17	2396	33.1500	47.9750
17	2397	71.3500	17.5750
17	2398	36.4750	17.3750
17	2399	47.3000	43.4250
17	2400	33.5500	50.2750
17	2402	49.9750	40.6000
17	2403	49.8250	39.3750
17	2404	19.8500	42.4250
17	2405	19.3000	41.4000
17	2406	49.2000	42.6250
17	2407	53.1500	21.4000
17	2408	38.2500	25.5250
17	2409	35.7750	31.9000
17	2410	34.5500	32.1000
17	2411	37.0750	53.1250
17	2412	17.3000	34.9250
17	2413	41.1000	22.2250
18	2392	23.0000	95.4500
19	2391	44.0750	19.7750
19	2393	30.7500	46.2500
19	2394	31.9500	46.2500
19	2395	33.3000	46.6500
19	2396	33.1500	47.9750
19	2397	71.3500	17.5750
19	2398	36.4750	16.3250
19	2399	47.3000	43.4250
19	2400	33.2500	51.1250
19	2401	39.5500	95.7500
19	2402	49.3500	40.6000
19	2403	49.1000	39.3750
19	2404	20.6500	42.4250
19	2405	20.0000	41.4000
19	2406	49.2000	42.6250
19	2407	52.6500	21.4000
19	2408	38.2500	25.5250
19	2409	35.7250	30.9000
19	2410	34.3500	31.3000
19	2411	37.0750	52.5250
19	2412	18.2000	34.9250
19	2413	41.1000	22.2250
20	2392	23.4000	95.2500
21	2391	44.7000	19.7750
21	2393	30.7500	46.2500
21	2394	31.9500	46.2500
21	2395	33.3000	46.6500
21	2396	33.1500	47.9750
21	2397	71.3500	17.7750
21	2398	36.4750	15.1250
21	2399	47.3000	43.4250
21	2400	32.9500	51.9250
21	2401	39.4500	95.2500
21	2402	48.6500	40.6000
21	2403	48.4000	39.3750
21	2404	21.5750	42.4250
21	2405	20.6000	41.4000
21	2406	49.2000	42.6250
21	2407	52.1500	21.4000
21	2408	38.2500	25.5250
21	2409	35.7250	30.0750
21	2410	34.2500	30.5000
21	2411	37.0750	51.7250
21	2412	19.0000	34.9250
21	2413	41.1000	22.2250
22	2392	23.8000	94.9500
23	2391	45.4000	19.7750
23	2393	30.7500	46.2500
23	2394	31.9500	46.2500
23	2395	33.3000	46.6500
23	2396	33.1500	47.9750
23	2397	71.3500	17.7750
23	2398	36.4750	14.1250
23	2399	47.3000	43.4250
23	2400	32.8500	52.5250
23	2401	39.4000	94.8500
23	2402	47.9500	40.6000
23	2403	47.8000	39.3750
23	2404	22.2750	42.6250
23	2405	21.3250	41.4000
23	2406	49.2000	42.6250
23	2407	51.7500	21.2750
23	2408	38.2500	25.5250
23	2409	35.6250	29.2750
23	2410	34.1500	29.6750
23	2411	37.0250	51.1250
23	2412	19.8000	34.9250
23	2413	41.1000	22.2250
24	2392	24.2000	94.7500
25	2391	46.0000	19.5750
25	2393	30.7500	46.2500
25	2394	31.9500	46.2500
25	2395	33.3000	46.6500
25	2396	33.1500	47.9750
25	2397	71.3500	17.7750
25	2398	36.5750	13.1250
25	2399	47.3000	43.4250
25	2400	32.8500	53.1250
25	2401	39.3500	94.4500
25	2402	47.3500	40.6000
25	2403	47.1000	39.3750
25	2404	22.9000	42.6250
25	2405	22.0250	41.6000
25	2406	49.2000	42.6250
25	2407	51.2250	21.2750
25	2408	38.2500	25.5250
25	2409	35.5250	28.4750
25	2410	34.1500	28.8750
25	2411	36.9250	50.2750
25	2412	20.6250	34.9250
25	2413	41.1000	22.2250
26	2392	24.6000	94.5500
27	2391	46.6000	19.5750
27	2393	30.7500	46.2500
27	2394	31.9500	46.2500
27	2395	33.3000	46.6500
27	2396	33.1500	47.9750
27	2397	71.4000	17.9750
27	2398	36.6750	12.1000
27	2399	47.3000	43.4250
27	2400	32.7500	53.7250
27	2401	39.3500	94.0500
27	2402	46.6500	40.6000
27	2403	46.4000	39.3750
27	2404	23.6000	42.8250
27	2405	22.7500	41.6000
27	2406	49.2000	42.6250
27	2407	50.7250	21.2750
27	2408	38.2500	25.5250
27	2409	35.3250	27.6750
27	2410	34.1500	28.0750
27	2411	36.8250	49.6750
27	2412	21.5250	34.9250
27	2413	41.1000	22.2250
28	2392	25.1000	94.1500
29	2391	47.3000	19.3750
29	2393	30.7500	46.2500
29	2394	31.9500	46.2500
29	2395	33.3000	46.6500
29	2396	33.1500	47.9750
29	2397	71.4000	17.9750
29	2398	36.7750	10.8750
29	2399	47.3000	43.4250
29	2400	32.7500	54.5250
29	2401	39.3500	93.4250
29	2402	45.9500	40.6000
29	2403	45.8000	39.3750
29	2404	24.2000	42.8250
29	2405	23.4500	41.6000
29	2406	49.2000	42.6250
29	2407	50.3250	21.2750
29	2408	38.2500	25.5250
29	2409	35.2000	27.0500
29	2410	34.1500	27.2500
29	2411	36.7250	48.8750
29	2412	22.3250	34.9250
29	2413	41.1000	22.2250
30	2392	25.5000	93.9500
31	2391	47.9000	19.3750
31	2393	30.7500	46.2500
31	2394	31.9500	46.2500
31	2395	33.3000	46.6500
31	2396	33.1500	47.9750
31	2397	71.4000	17.9750
31	2398	36.8750	9.8750
31	2399	47.3000	43.4250
31	2400	32.6500	55.1250
31	2401	39.3500	92.8250
31	2402	45.3500	40.6000
31	2403	45.1000	39.3750
31	2404	24.8000	42.8250
31	2405	24.0500	41.8000
31	2406	49.2000	42.6250
31	2407	49.7000	21.0750
31	2408	38.2500	25.5250
31	2409	35.2000	26.2500
31	2410	34.1500	26.4500
31	2411	36.6250	48.2750
31	2412	23.1500	34.9250
31	2413	41.1000	22.2250
32	2392	26.0000	93.5250
33	2391	48.5000	19.3750
33	2393	30.7500	46.2500
33	2394	31.9500	46.2500
33	2395	33.3000	46.6500
33	2396	33.1500	47.9750
33	2397	71.4000	18.1750
33	2398	36.9750	8.8750
33	2399	47.3000	43.4250
33	2400	32.6500	55.7500
33	2401	39.3500	92.2250
33	2402	44.7500	40.6000
33	2403	44.4000	39.3750
33	2404	25.3000	43.0250
33	2405	24.4500	41.8000
33	2406	49.2000	42.6250
33	2407	49.1000	21.0750
33	2408	38.3500	25.3250
33	2409	35.2000	25.6500
33	2410	34.2000	25.8500
33	2411	36.5250	47.4750
33	2412	24.0500	34.9250
33	2413	41.1000	22.2250
34	2392	26.5000	93.1250
35	2391	49.1000	19.1750
35	2393	30.7500	46.2500
35	2394	31.9500	46.2500
35	2395	33.3000	46.6500
35	2396	33.1500	47.9750
35	2397	71.4000	18.1750
35	2398	37.1750	7.8750
35	2399	47.3000	43.4250
35	2400	32.5500	56.3750
35	2401	39.3500	91.6250
35	2402	44.2250	40.8000
35	2403	43.6750	39.5750
35	2404	25.6000	43.0250
35	2405	24.9500	42.0000
35	2406	49.2000	42.6250
35	2407	48.5000	20.8750
35	2408	38.4500	25.3250
35	2409	35.5250	24.8250
35	2410	34.5000	24.8250
35	2411	36.4250	46.8750
35	2412	24.8500	34.9250
35	2413	41.1000	22.2250
36	2392	26.6000	92.9250
37	2391	49.8250	19.1750
37	2393	30.7500	46.2500
37	2394	31.9500	46.2500
37	2395	33.3000	46.6500
37	2396	33.1500	47.9750
37	2397	71.4000	18.1750
37	2398	37.1750	6.6250
37	2399	47.3000	43.4250
37	2400	32.5500	56.9750
37	2401	39.3500	91.0250
37	2402	43.6250	41.0000
37	2403	42.9750	39.7750
37	2404	25.9000	43.2250
37	2405	25.3500	42.2250
37	2406	49.2000	42.6250
37	2407	47.9000	20.8750
37	2408	38.4500	25.3250
37	2409	35.9250	24.0250
37	2410	34.8000	23.8250
37	2411	36.3250	46.0500
37	2412	25.6500	34.9250
37	2413	41.1000	22.2250
38	2392	26.7500	92.7250
39	2391	50.4250	19.1750
39	2393	30.7500	46.2500
39	2394	31.9500	46.2500
39	2395	33.3000	46.6500
39	2396	33.1500	47.9750
39	2397	71.4000	18.3750
39	2398	37.3000	5.4250
39	2399	47.3000	43.4250
39	2400	32.4500	57.7750
39	2401	39.3500	90.2250
39	2402	43.1250	41.2000
39	2403	42.1500	39.9750
39	2404	26.2500	43.2250
39	2405	25.8500	42.2250
39	2406	49.2000	42.6250
39	2407	47.3000	20.6750
39	2408	38.5500	25.3250
39	2409	36.4250	23.4250
39	2410	35.2000	23.0250
39	2411	36.3250	45.2250
39	2412	26.5500	34.9250
39	2413	41.1000	22.2250
40	2392	27.0000	92.3250
41	2391	51.0250	18.9750
41	2393	30.7500	46.2500
41	2394	31.9500	46.2500
41	2395	33.3000	46.6500
41	2396	33.1500	47.9750
41	2397	71.4000	18.3750
41	2398	37.4000	4.2250
41	2399	47.3000	43.4250
41	2400	32.3500	58.3750
41	2401	39.3500	89.6000
41	2402	42.6250	41.4000
41	2403	41.4500	40.1750
41	2404	26.6500	43.4250
41	2405	26.2500	42.4250
41	2406	49.2000	42.6250
41	2407	46.6000	20.6750
41	2408	38.5500	25.3250
41	2409	37.0250	23.0250
41	2410	35.7750	22.6000
41	2411	36.2250	44.6250
41	2412	27.3500	35.1250
41	2413	41.1000	22.2250
42	2392	27.2000	91.9250
43	2391	51.7250	18.9750
43	2393	30.7500	46.2500
43	2394	31.9500	46.2500
43	2395	33.3000	46.6500
43	2396	33.1500	47.9750
43	2397	71.4000	18.5750
43	2398	37.5000	3.0250
43	2399	47.3000	43.4250
43	2400	32.3500	58.9750
43	2401	39.3500	88.9750
43	2402	42.0000	41.6000
43	2403	40.8500	40.6000
43	2404	27.1500	43.4250
43	2405	26.7500	42.4250
43	2406	49.2000	42.6250
43	2407	45.8000	20.6750
43	2408	38.3500	25.3250
43	2409	37.6500	22.6000
43	2410	36.4750	22.2000
43	2411	36.1250	43.8250
43	2412	28.2750	35.1250
43	2413	41.1000	22.2250
44	2392	27.4000	91.5250
45	2391	52.3500	18.9750
45	2393	30.7500	46.2500
45	2394	31.9500	46.2500
45	2395	33.3000	46.6500
45	2396	33.1500	47.9750
45	2397	71.4000	18.5750
45	2398	37.6000	2.3000
45	2399	47.3000	43.4250
45	2400	32.3500	59.5750
45	2401	39.3500	88.3750
45	2402	41.5000	41.8250
45	2403	40.4500	41.0000
45	2404	27.7500	43.4250
45	2405	27.1500	42.6250
45	2406	49.2000	42.6250
45	2407	45.1000	20.6750
45	2408	38.2500	25.3250
45	2409	38.3500	22.2000
45	2410	37.2000	21.6000
45	2411	36.0250	43.2250
45	2412	29.0750	35.1250
45	2413	41.1000	22.2250
46	2392	27.4000	91.3250
47	2391	52.9500	18.9750
47	2393	30.7500	46.2500
47	2394	31.9500	46.2500
47	2395	33.3000	46.6500
47	2396	33.1500	47.9750
47	2397	71.4000	18.5750
47	2398	37.6000	1.4000
47	2399	47.3000	43.4250
47	2400	32.3500	60.4000
47	2401	39.3500	87.7750
47	2402	41.0000	42.0250
47	2403	40.0500	41.6000
47	2404	28.2750	43.4250
47	2405	27.5500	42.8250
47	2406	49.2000	42.6250
47	2407	44.2750	20.6750
47	2408	38.1500	25.3250
47	2409	38.9500	21.8000
47	2410	37.9500	21.1000
47	2411	35.9250	42.4250
47	2412	29.9750	35.3250
47	2413	41.1000	22.2250
48	2392	27.4000	91.3250
49	2391	53.4500	18.9750
49	2393	30.7500	46.2500
49	2394	31.9500	46.2500
49	2395	33.3000	46.6500
49	2396	33.1500	47.9750
49	2397	71.4500	18.7750
49	2399	47.3000	43.4250
49	2400	32.3500	61.0250
49	2401	39.3500	87.1750
49	2402	40.4000	42.2250
49	2403	39.6500	42.0250
49	2404	28.7750	43.4250
49	2405	28.1750	42.8250
49	2406	49.2000	42.6250
49	2407	43.5750	20.6750
49	2408	37.9500	25.3250
49	2409	39.5500	21.4000
49	2410	38.6500	20.5750
49	2411	35.8250	41.8250
49	2412	30.9000	35.3250
49	2413	41.1000	22.2250
50	2392	27.4000	91.3250
51	2391	53.9500	18.9750
51	2393	30.7500	46.2500
51	2394	31.9500	46.2500
51	2395	33.3000	46.6500
51	2396	33.1500	47.9750
51	2397	71.5000	18.9750
51	2399	47.3000	43.4250
51	2400	32.3500	61.8250
51	2401	39.3500	86.5750
51	2402	40.0000	42.6250
51	2403	39.2500	42.6250
51	2404	29.2750	43.6250
51	2405	28.6750	42.8250
51	2406	49.2000	42.6250
51	2407	42.7750	20.7750
51	2408	37.8500	25.3250
51	2409	40.2500	21.0000
51	2410	39.3500	20.0750
51	2411	35.7250	41.2000
51	2412	31.8000	35.3250
51	2413	41.1000	22.2250
52	2392	27.4000	91.3250
53	2391	54.5500	18.9750
53	2393	30.7500	46.2500
53	2394	31.9500	46.2500
53	2395	33.3000	46.6500
53	2396	33.1500	47.9750
53	2397	71.5500	19.1750
53	2399	47.3000	43.4250
53	2400	32.3500	62.4250
53	2401	39.3500	85.9750
53	2402	39.6000	43.2250
53	2403	38.7500	43.0250
53	2404	29.7750	43.8250
53	2405	29.2750	42.8250
53	2406	49.2000	42.6250
53	2407	42.1500	20.7750
53	2408	37.8500	25.5250
53	2409	40.9500	20.8000
53	2410	40.1000	19.6750
53	2411	35.6250	40.3750
53	2412	32.6000	35.5250
53	2413	41.1000	22.2250
54	2392	27.4000	91.3250
55	2391	55.0500	18.9750
55	2393	30.7500	46.2500
55	2394	31.9500	46.2500
55	2395	33.3000	46.6500
55	2396	33.1500	47.9750
55	2397	71.6000	19.3750
55	2399	47.3000	43.4250
55	2400	32.3500	63.2250
55	2401	39.3500	85.1500
55	2402	39.3000	44.0250
55	2403	38.3500	43.6250
55	2404	30.3000	44.2250
55	2405	29.7750	43.0250
55	2406	49.2000	42.6250
55	2407	41.4500	20.9750
55	2408	37.8500	25.5250
55	2409	41.6500	20.5750
55	2410	40.8500	19.3750
55	2411	35.5250	39.7750
55	2412	33.5000	35.5250
55	2413	41.1000	22.2250
56	2392	27.3500	91.3250
57	2391	55.5500	18.9750
57	2393	30.7500	46.2500
57	2394	31.9500	46.2500
57	2395	33.3000	46.6500
57	2396	33.1500	47.9750
57	2397	71.6500	19.5750
57	2399	47.3000	43.4250
57	2400	32.4500	63.8250
57	2401	39.3500	84.5500
57	2402	38.9000	44.6250
57	2403	37.9500	44.0250
57	2404	30.7000	44.4250
57	2405	30.3000	43.2250
57	2406	49.2000	42.6250
57	2407	40.7500	21.1750
57	2408	37.8500	25.5250
57	2409	42.3500	20.3750
57	2410	41.5500	19.3750
57	2411	35.4250	38.9750
57	2412	34.4000	35.5250
57	2413	41.1000	22.2250
58	2392	27.3500	91.3250
59	2391	56.1500	18.9750
59	2393	30.7500	46.2500
59	2394	31.9500	46.2500
59	2395	33.3000	46.6500
59	2396	33.1500	47.9750
59	2397	71.6500	19.5750
59	2399	47.3000	43.4250
59	2400	32.4500	64.4250
59	2401	39.3500	83.9250
59	2402	38.8000	45.2250
59	2403	37.5500	44.6250
59	2404	31.2000	44.6250
59	2405	30.8000	43.4250
59	2406	49.2000	42.6250
59	2407	40.1500	21.1750
59	2408	37.8500	25.5250
59	2409	43.0750	20.1750
59	2410	42.4500	19.1750
59	2411	35.3250	38.3750
59	2412	35.3250	35.7250
59	2413	41.1000	22.2250
60	2392	27.3000	91.1250
61	2391	56.6500	18.9750
61	2393	30.7500	46.2500
61	2394	31.9500	46.2500
61	2395	33.3000	46.6500
61	2396	33.1500	47.9750
61	2397	71.7000	19.7750
61	2399	47.3000	43.4250
61	2400	32.4500	65.2500
61	2401	39.3500	83.3250
61	2402	38.7000	45.6500
61	2403	37.4500	45.2500
61	2404	31.7000	44.8250
61	2405	31.3000	43.6250
61	2406	49.2000	42.6250
61	2407	39.4500	21.3750
61	2408	37.8500	25.5250
61	2409	43.7750	20.1750
61	2410	43.3750	18.9750
61	2411	35.2250	37.5750
61	2412	36.1250	35.7250
61	2413	41.1000	22.2250
62	2392	27.3000	91.1250
63	2391	57.1750	18.9750
63	2393	30.7500	46.2500
63	2394	31.9500	46.2500
63	2395	33.3000	46.6500
63	2396	33.1500	47.9750
63	2399	47.3000	43.4250
63	2400	32.4500	65.8750
63	2401	39.3500	82.7250
63	2402	38.6000	46.2500
63	2403	37.3500	45.8500
63	2404	31.9000	45.0250
63	2405	31.6000	43.6250
63	2406	49.2000	42.6250
63	2407	38.7500	21.6000
63	2408	37.8500	25.5250
63	2409	44.6000	20.1750
63	2410	44.3000	18.9750
63	2411	35.1250	36.9750
63	2412	37.0250	35.9500
63	2413	41.1000	22.2250
64	2392	27.2500	91.1250
65	2391	57.7750	18.9750
65	2393	30.7500	46.2500
65	2394	31.9500	46.2500
65	2395	33.3000	46.6500
65	2396	33.1500	47.9750
65	2399	47.3000	43.4250
65	2400	32.4500	66.6750
65	2401	39.3500	82.1250
65	2402	38.5000	46.8750
65	2403	37.2500	46.4500
65	2404	32.1000	45.0250
65	2405	31.9000	43.6250
65	2406	49.2000	42.6250
65	2407	38.0500	22.0250
65	2408	37.8500	25.5250
65	2409	45.3000	20.1750
65	2410	45.0000	18.9750
65	2411	35.0250	36.1500
65	2412	37.9500	35.9500
65	2413	41.1000	22.2250
66	2392	27.2500	91.1250
67	2391	58.2750	18.9750
67	2393	30.7500	46.2500
67	2394	31.9500	46.2500
67	2395	33.3000	46.6500
67	2396	33.1500	47.9750
67	2399	47.3000	43.4250
67	2400	32.4500	67.2750
67	2401	39.3500	81.5250
67	2402	38.3500	47.4750
67	2403	37.0250	47.0750
67	2404	32.2000	45.0250
67	2405	32.2500	43.6250
67	2406	49.2000	42.6250
67	2407	37.2500	22.2250
67	2408	37.7500	25.7250
67	2409	46.1000	20.1750
67	2410	45.8000	18.9750
67	2411	34.9250	35.5250
67	2412	38.8500	35.9500
67	2413	41.1000	22.2250
68	2392	27.2500	91.1250
69	2391	58.7750	19.0750
69	2393	30.7500	46.2500
69	2394	31.9500	46.2500
69	2395	33.3000	46.6500
69	2396	33.1500	47.9750
69	2399	47.3000	43.4250
69	2400	32.5500	68.0750
69	2401	39.3500	80.9250
69	2402	38.3000	48.0750
69	2403	36.9750	47.7750
69	2404	32.2500	44.9250
69	2405	32.7000	43.8250
69	2406	49.1500	42.5250
69	2407	36.4750	22.5250
69	2408	37.5500	26.1500
69	2409	46.9500	20.1750
69	2410	46.3500	18.7750
69	2411	34.9750	34.9250
69	2412	39.8000	36.1500
69	2413	41.1000	22.2250
70	2392	27.2500	91.1250
71	2391	59.2250	19.4750
71	2393	30.7500	46.2500
71	2394	31.9500	46.2500
71	2395	33.3000	46.6500
71	2396	33.1500	47.9750
71	2399	47.3000	43.4250
71	2400	32.5500	68.6750
71	2401	39.5000	80.5250
71	2402	38.4500	48.8750
71	2403	36.9250	48.0750
71	2404	32.2500	44.9250
71	2405	33.0500	44.1250
71	2406	49.2000	42.4250
71	2407	35.6750	22.2250
71	2408	37.5000	26.6500
71	2409	47.7000	20.1750
71	2410	46.6000	18.4750
71	2411	35.2750	34.4250
71	2412	40.9000	36.1500
71	2413	41.1000	22.2250
72	2392	27.2500	91.1250
73	2391	59.6250	19.5750
73	2393	30.7500	46.2500
73	2394	31.9500	46.2500
73	2395	33.3000	46.6500
73	2396	33.1500	47.9750
73	2399	47.3000	43.4250
73	2400	32.5500	69.2750
73	2401	39.4000	79.7000
73	2402	38.4000	49.7750
73	2403	36.9250	48.5750
73	2404	32.2500	44.9250
73	2405	33.4000	44.6250
73	2406	49.3000	42.3250
73	2407	35.0000	22.5250
73	2408	37.3500	27.1750
73	2409	48.4000	20.2750
73	2410	47.4000	18.3750
73	2411	35.3250	33.7250
73	2412	42.1750	36.2500
73	2413	41.1000	22.3250
74	2391	60.0500	19.5750
74	2400	32.6500	69.9000
74	2401	39.3000	78.8750
74	2402	38.4000	50.8000
74	2403	36.9250	49.5750
74	2404	32.2500	44.9250
74	2405	33.7500	44.9250
74	2406	49.3000	42.2250
74	2407	34.4000	23.1250
74	2408	37.2750	27.6750
74	2409	49.2000	20.2750
74	2410	48.4000	18.3750
74	2411	35.3250	32.9250
74	2412	43.3750	36.4500
74	2413	41.1000	22.4250
75	2391	60.3500	19.5750
75	2400	32.6500	70.3000
75	2401	39.0000	78.2750
75	2402	38.4000	51.0000
75	2403	37.0250	50.1750
75	2404	32.3000	44.8250
75	2405	34.1000	45.3500
75	2406	49.3750	42.1250
75	2407	34.0000	23.5250
75	2408	37.2750	27.6750
75	2409	49.9250	20.2750
75	2410	49.5250	18.3750
75	2411	35.3250	32.3250
75	2412	43.3750	36.4500
75	2413	41.1000	22.4250
76	2391	60.7500	19.5750
76	2400	32.7500	70.7000
76	2401	38.8000	77.6750
76	2402	38.3000	51.6250
76	2403	37.1250	50.8000
76	2404	32.4000	44.2250
76	2405	34.1000	45.3500
76	2406	49.4750	42.1250
76	2407	33.6000	24.3250
76	2408	37.2750	27.8750
76	2409	50.4250	20.4750
76	2410	50.3250	18.5750
76	2411	35.1250	31.7000
76	2412	43.3750	36.4500
76	2413	41.1000	22.5250
