0	1916	54.5500	11.4250
1	1916	54.0000	11.3500
2	1916	53.4500	11.2750
3	1916	53.0000	11.2750
4	1916	52.4500	11.2000
5	1916	51.9000	11.2000
6	1916	51.4250	11.2000
7	1916	50.9000	11.2000
8	1916	50.3500	11.2750
9	1916	49.8000	11.2750
10	1916	49.2500	11.3500
11	1916	48.7000	11.4250
12	1916	48.2500	11.5000
13	1916	47.7500	11.5000
14	1916	47.3000	11.5750
15	1916	46.9500	11.6750
16	1916	46.5000	11.7500
17	1916	46.0500	11.8250
18	1916	45.5750	11.9000
19	1916	45.1000	12.0500
20	1916	44.5750	12.1250
21	1916	44.1000	12.2000
22	1916	43.6500	12.3750
23	1916	43.1000	12.4500
24	1916	42.6500	12.6000
25	1916	42.3000	12.7500
26	1916	41.8500	12.9000
27	1916	41.3750	13.0750
28	1918	43.5500	11.0500
29	1918	44.0250	11.2750
30	1918	44.5750	11.5750
31	1918	45.1000	11.8250
32	1918	45.6500	12.1250
33	1918	46.2000	12.4500
34	1918	46.6750	12.4500
35	1918	47.2250	12.4500
36	1918	47.7500	12.4500
37	1918	48.2500	12.5250
38	1918	48.7750	12.5250
39	1918	49.3250	12.5250
40	1918	49.8750	12.5250
41	1918	50.3750	12.5750
42	1918	50.9250	12.6500
43	1918	51.4250	12.6750
44	1918	51.9750	12.7250
45	1918	52.5750	12.8000
46	1918	53.1250	12.8000
47	1918	53.6750	12.8000
48	1918	54.2250	12.8000
49	1918	54.9500	12.8000
50	1918	55.5750	12.8000
51	1918	56.2250	12.8000
52	1918	56.8750	12.6500
53	1918	57.4250	12.5500
54	1918	58.0500	12.4750
55	1918	58.6000	12.4000
56	1918	59.0500	12.3250
57	1918	59.6000	12.2500
58	1918	60.0750	12.1750
59	1918	60.6250	12.4000
60	1918	61.1750	12.5500
61	1918	61.7000	12.8750
62	1918	62.1750	13.2500
63	1918	62.7250	13.5750
64	1918	63.1750	13.8750
65	1918	63.4500	14.2750
66	1918	63.7250	14.6500
67	1918	64.0000	15.0500
68	1918	64.1750	15.6000
69	1918	64.3000	16.2250
70	1918	64.5500	16.8500
71	1918	64.5500	17.4000
72	1918	64.6000	17.8500
73	1918	64.6500	18.4000
74	1918	64.6750	18.8750
75	1918	64.7250	19.5000
76	1918	64.7250	20.2000
77	1918	64.7250	20.9000
78	1918	64.8750	21.4500
79	1918	65.0500	22.0500
80	1918	65.1000	22.6000
81	1925	64.0500	10.4500
82	1909	64.2000	10.8250
82	1910	64.2000	11.7750
82	1911	64.2000	13.0250
82	1924	64.2500	12.3500
83	1925	63.5000	10.5750
84	1909	63.6500	10.8250
84	1910	63.6500	11.7750
84	1911	63.6000	13.0250
84	1924	63.7000	12.3500
85	1925	62.9500	10.6750
86	1909	63.1250	10.8250
86	1910	63.1250	11.8750
86	1911	63.0500	13.0250
86	1924	63.1750	12.4500
87	1925	62.4250	10.8250
88	1909	62.5750	10.9250
88	1910	62.5750	11.8750
88	1911	62.4000	13.1000
88	1924	62.6250	12.4500
89	1925	61.9000	10.9250
90	1909	62.0500	10.9250
90	1910	62.0500	11.9250
90	1911	61.8500	13.1000
90	1924	62.0750	12.5250
91	1925	61.4250	11.0750
92	1909	61.5000	11.0000
92	1910	61.5500	12.0250
92	1911	61.3000	13.2000
92	1924	61.6000	12.6000
93	1925	60.8500	10.9250
94	1909	60.9500	11.0000
94	1910	61.0000	11.9250
94	1911	60.7500	13.2000
94	1924	61.0500	12.6000
95	1925	60.3250	10.9500
96	1909	60.4750	11.0750
96	1910	60.4750	11.9250
96	1911	60.3000	13.2000
96	1924	60.5250	12.6000
97	1925	59.8750	11.0250
98	1909	59.9250	11.0750
98	1910	59.9250	11.9250
98	1911	59.7500	13.2000
98	1924	59.9750	12.6000
99	1925	59.3250	10.9250
100	1909	59.4000	11.1750
100	1910	59.4000	11.9250
100	1911	59.3000	13.2000
100	1924	59.5000	12.6000
101	1925	58.6000	10.8750
102	1909	58.8500	11.1750
102	1910	58.8500	11.9250
102	1911	58.7500	13.2000
102	1924	58.9500	12.6000
103	1925	57.8250	10.8000
104	1909	58.3000	11.1750
104	1910	58.3000	11.9250
104	1911	58.3000	13.2500
104	1924	58.4000	12.6000
105	1925	57.2750	10.8000
106	1909	57.7500	11.2250
106	1910	57.7500	11.9250
106	1911	57.7500	13.3500
106	1924	57.9500	12.6750
107	1925	56.7250	10.8000
108	1909	57.2000	11.2250
108	1910	57.2000	11.9250
108	1911	57.2750	13.3500
108	1924	57.4000	12.6750
109	1925	56.1750	10.8000
110	1909	56.7500	11.3250
110	1910	56.6500	11.9250
110	1911	56.7500	13.4000
110	1924	56.9500	12.6750
111	1925	55.9000	10.8750
112	1909	56.2000	11.3750
112	1910	56.1000	12.0250
112	1911	56.2500	13.5000
112	1924	56.5000	12.7500
113	1925	55.4500	10.9750
114	1909	55.6500	11.4750
114	1910	55.5500	12.0250
114	1911	55.8000	13.5000
114	1924	55.9500	12.7500
115	1925	55.0000	11.0250
116	1909	55.1500	11.4750
116	1910	55.0000	12.0250
116	1911	55.3500	13.5750
116	1924	55.4000	12.7500
117	1925	54.5250	11.0250
118	1909	54.6500	11.4750
118	1910	54.4500	12.0250
118	1911	54.9000	13.5750
118	1924	54.8500	12.7500
119	1925	54.0750	11.0250
120	1909	54.2000	11.5000
120	1910	54.0000	12.0250
120	1911	54.4500	13.5750
120	1924	54.3000	12.7500
121	1925	53.6250	11.0250
122	1909	53.7500	11.5000
122	1910	53.6000	12.0250
122	1911	54.0000	13.5750
122	1924	53.7500	12.8250
123	1925	53.0750	11.0250
124	1909	53.2000	11.5750
124	1910	53.1500	12.0750
124	1911	53.5500	13.5750
124	1924	53.1000	12.8250
125	1925	52.6250	11.0250
126	1909	52.7500	11.5750
126	1910	52.7000	12.0750
126	1911	53.0500	13.5750
126	1924	52.5750	12.8250
127	1925	52.1500	11.0250
128	1909	52.3000	11.6500
128	1910	52.2500	12.1750
128	1911	52.5250	13.5750
128	1924	52.1000	12.8250
129	1925	51.7000	11.1250
130	1909	51.7500	11.6500
130	1910	51.7000	12.1750
130	1911	51.9750	13.5750
130	1924	51.6500	12.7500
131	1925	51.1500	11.1250
132	1909	51.3000	11.6500
132	1910	51.2500	12.2500
132	1911	51.4500	13.6500
132	1924	51.1000	12.7500
133	1925	50.7000	11.2000
134	1909	50.7500	11.6500
134	1910	50.7000	12.2500
134	1911	50.9500	13.5750
134	1924	50.7000	12.7500
135	1925	50.2250	11.3000
136	1909	50.3000	11.7500
136	1910	50.2500	12.3250
136	1911	50.5000	13.5750
136	1924	50.2750	12.8250
137	1925	49.8250	11.4750
138	1909	49.7500	11.8250
138	1910	49.7000	12.3250
138	1911	50.0500	13.5750
138	1924	49.8750	12.9000
139	1925	49.3750	11.6250
140	1924	49.5000	13.0250
141	1925	48.9250	11.7500
142	1924	49.0500	13.1500
143	1925	48.4500	11.9000
144	1924	48.6000	13.1500
145	1925	47.9000	11.9000
146	1924	48.1500	13.2000
147	1925	47.3500	11.9750
148	1924	47.6000	13.2000
149	1928	64.7250	10.7500
150	1925	46.7250	11.9750
151	1924	47.1500	13.2000
152	1922	64.4500	11.2750
153	1928	64.3250	10.3750
154	1925	46.1750	12.0500
155	1924	46.6000	13.4000
156	1922	64.0750	11.3500
157	1928	63.9000	10.5750
158	1925	45.6250	12.0500
159	1924	46.1250	13.5500
160	1922	63.7250	11.4750
161	1928	63.4750	10.7750
162	1919	41.8000	12.8750
163	1925	45.0750	12.1250
164	1924	45.5750	13.6000
165	1922	63.3750	11.5750
166	1928	63.0750	10.9250
167	1919	41.9500	12.8750
168	1925	44.6250	12.1250
169	1924	45.1250	13.7500
170	1922	62.9750	11.6500
171	1928	62.7250	11.1000
172	1919	42.1500	12.9500
173	1925	44.1500	12.2250
174	1924	44.7500	13.8500
175	1922	62.7250	11.7750
176	1928	62.3250	11.2000
177	1919	42.3500	12.9500
178	1925	43.7000	12.2250
179	1924	44.5000	13.8500
180	1922	62.3250	11.9750
181	1928	62.0250	11.2750
182	1919	42.5000	13.0250
183	1921	41.6000	11.5000
183	1925	43.2500	12.2750
183	1926	41.1000	12.4750
184	1924	44.2000	13.8500
185	1922	61.9750	11.9750
186	1928	61.6750	11.3500
187	1919	42.8000	13.0250
188	1921	41.8750	11.5000
188	1925	42.7000	12.2750
188	1926	41.2750	12.4750
189	1924	43.8500	13.7500
190	1922	61.6250	12.0500
191	1928	61.2750	11.4250
192	1919	42.9500	13.1000
193	1921	42.1500	11.6000
193	1925	42.1500	12.2750
193	1926	41.5750	12.4750
194	1924	43.4000	13.7500
195	1922	61.2250	12.0500
196	1928	60.9250	11.4250
197	1919	43.1500	13.1000
198	1921	42.4250	11.6000
198	1926	41.8250	12.4750
199	1924	42.8500	13.7500
200	1922	60.7750	12.1250
201	1928	60.5750	11.4250
202	1919	43.3500	13.1750
203	1921	42.7000	11.6500
203	1926	42.1250	12.4750
204	1922	60.3750	12.2250
205	1928	60.2750	11.4250
206	1919	43.5000	13.1750
207	1921	42.9750	11.6500
207	1926	42.3750	12.4750
208	1922	59.9250	12.2750
209	1928	59.9250	11.4250
210	1919	43.8000	13.2750
211	1921	43.2500	11.7500
211	1926	42.6750	12.4750
212	1922	59.5750	12.2750
213	1928	59.7250	11.5000
214	1919	44.0000	13.3250
215	1921	43.5750	11.7500
215	1926	42.9250	12.4750
216	1922	59.1750	12.1750
217	1928	59.2750	11.5000
218	1919	44.4000	13.3250
219	1921	43.8250	11.8000
219	1926	43.2000	12.4750
220	1922	58.6250	12.4250
221	1928	58.7250	11.6500
222	1919	44.7500	13.3250
223	1921	44.1250	11.8000
223	1926	43.4750	12.4750
224	1922	58.2750	12.5250
225	1928	58.1750	11.7500
226	1919	45.1500	13.4250
227	1921	44.3750	11.9000
227	1926	43.7500	12.5750
228	1922	57.9250	12.5250
229	1928	57.8250	11.8250
230	1919	45.5500	13.4250
231	1921	44.7750	11.9000
231	1926	44.0250	12.5750
232	1922	57.5500	12.6000
233	1928	57.4750	11.8250
234	1919	45.9500	13.4250
235	1921	45.0250	11.9000
235	1926	44.3000	12.6250
236	1922	57.1750	12.6000
237	1928	57.1750	11.9000
238	1919	46.3000	13.5000
239	1921	45.3750	11.9000
239	1926	44.5750	12.6250
240	1922	56.9250	12.6750
241	1928	56.7250	11.6500
242	1919	46.6000	13.5000
243	1921	45.6750	11.9000
243	1926	44.8250	12.6750
244	1922	56.5250	12.6750
245	1928	56.1750	11.6000
246	1919	46.8500	13.5000
247	1921	45.9250	11.9750
247	1926	45.1250	12.7250
248	1922	56.1750	12.6750
249	1928	55.5250	11.6000
250	1919	47.1500	13.5000
251	1921	46.3250	11.9750
251	1926	45.3750	12.7500
252	1922	55.7250	12.5250
253	1928	55.1750	11.6500
254	1919	47.5000	13.5000
255	1921	46.5750	11.9750
255	1926	45.6750	12.7500
256	1922	55.2750	12.3750
257	1928	54.8250	11.6500
258	1919	47.7750	13.5000
259	1921	46.9500	11.9750
259	1926	45.9250	12.8250
260	1922	54.9000	12.2750
261	1928	54.4250	11.5000
262	1919	48.0500	13.5000
263	1921	47.2250	11.9750
263	1926	46.2250	12.8250
264	1922	54.5250	12.1250
265	1928	54.0750	11.4250
266	1919	48.3250	13.5000
267	1921	47.5750	12.0500
267	1926	46.5750	12.9000
268	1922	54.1750	12.0500
269	1928	53.7250	11.3500
270	1919	48.7000	13.5000
271	1921	47.8750	12.0500
271	1926	46.8750	12.9000
272	1922	53.8250	12.0500
273	1928	53.4750	11.3500
274	1919	48.9500	13.5500
275	1921	48.1250	12.1500
275	1926	47.2250	12.9000
276	1922	53.4250	12.1250
277	1928	53.3750	11.3750
278	1919	49.2500	13.5500
279	1921	48.4250	12.2000
279	1926	47.4750	12.9000
280	1922	53.1750	12.2250
281	1928	52.8000	11.2000
282	1919	49.6000	13.5500
283	1921	48.6750	12.3000
283	1926	47.8750	12.9000
284	1922	52.7250	12.2250
285	1928	52.3250	11.1000
286	1919	49.8750	13.5500
287	1921	48.9750	12.3000
287	1926	48.2250	12.9000
288	1922	52.2500	12.2250
289	1928	51.7750	11.1000
290	1919	50.1500	13.5500
291	1921	49.3250	12.3500
291	1926	48.5250	12.9000
292	1922	51.5250	12.2250
293	1928	51.2250	11.1000
294	1919	50.5000	13.4500
295	1921	49.6000	12.3500
295	1926	48.8750	12.8750
296	1922	51.2250	12.2250
297	1928	51.0250	11.2000
298	1919	50.8750	13.4250
299	1921	49.9750	12.3250
299	1926	49.2250	12.8750
300	1922	51.2000	12.2250
301	1928	50.8750	11.3250
302	1919	51.2500	13.3750
303	1921	50.3500	12.2750
303	1926	49.5250	12.8750
304	1922	51.1750	12.2500
305	1928	50.8000	11.4250
306	1919	51.6000	13.3500
307	1921	50.7000	12.2250
307	1926	49.8750	12.8750
308	1922	51.1250	12.2500
309	1928	50.6500	11.5500
310	1919	51.9750	13.3000
311	1921	51.0500	12.1250
311	1926	50.2000	12.8750
312	1922	51.0250	12.3000
313	1928	50.5500	11.7000
314	1919	52.3500	13.2500
315	1921	51.5000	12.1250
315	1926	50.5750	12.8750
316	1922	50.9750	12.3000
317	1928	49.9250	11.7750
318	1919	52.7000	13.2250
319	1921	51.9000	12.0750
319	1926	50.8250	12.8750
320	1922	50.9750	12.3000
321	1928	49.3750	11.8500
322	1919	53.0750	13.2250
323	1921	52.3500	12.0750
323	1926	51.2000	12.8750
324	1922	51.2500	12.2500
325	1928	48.8250	11.9500
326	1919	53.3500	13.2250
327	1921	52.6000	11.9750
327	1926	51.5750	12.9000
328	1920	64.7750	10.7250
329	1922	51.6000	12.2500
330	1928	48.2750	12.0000
331	1919	53.6250	13.2250
332	1921	53.0000	11.9750
332	1926	51.9250	12.9000
333	1920	64.5000	10.5750
334	1922	51.9750	12.1750
335	1928	47.7250	12.1000
336	1919	54.0000	13.2250
337	1921	53.3500	11.9750
337	1926	52.3000	12.9000
338	1920	64.4000	10.5750
339	1922	52.3500	12.1750
340	1928	47.1750	12.1000
341	1919	54.2500	13.2250
342	1921	53.8000	11.9750
342	1926	52.6750	12.9000
343	1920	63.8500	10.6500
344	1922	52.6250	12.1000
345	1928	46.7250	12.1000
346	1919	54.5500	13.2250
347	1921	54.1500	11.9750
347	1926	53.0250	12.9000
348	1920	63.3000	10.8250
349	1922	52.9750	12.1000
350	1928	46.2500	12.0000
351	1919	54.8000	13.1250
352	1921	54.5500	11.9750
352	1926	53.3750	12.9000
353	1920	62.6750	10.9750
354	1922	53.3500	12.0250
355	1928	45.8000	12.0000
356	1919	55.1000	13.0750
357	1921	54.9000	11.9750
357	1926	53.7750	12.8500
358	1920	62.1250	11.1250
359	1922	53.7250	12.0250
360	1928	45.3500	12.0000
361	1919	55.3500	12.9750
362	1921	55.2500	11.9750
362	1926	54.1250	12.7500
363	1920	61.5750	11.2750
364	1922	54.0750	12.0250
365	1928	44.9000	11.9500
366	1919	55.6500	12.9250
367	1921	55.6500	11.9750
367	1926	54.4750	12.7500
368	1920	61.1250	11.1750
369	1922	54.5250	12.0250
370	1928	44.4500	11.9500
371	1919	56.0000	12.8250
372	1921	56.0000	11.9750
372	1926	54.7750	12.6750
373	1920	60.7500	11.0250
374	1922	54.9000	12.1000
375	1928	43.9750	11.9500
376	1919	56.2750	12.8250
377	1921	56.2750	11.8750
377	1926	55.1250	12.6000
378	1920	60.2000	11.0250
379	1922	55.3500	12.1000
380	1928	43.7000	11.9500
381	1919	56.5500	12.7750
382	1921	56.5500	11.8250
382	1926	55.5000	12.5000
383	1920	59.4750	11.0250
384	1922	55.8250	12.1750
385	1928	43.4250	11.9500
386	1919	56.9000	12.7750
387	1921	56.8000	11.8250
387	1926	55.7750	12.5000
388	1920	58.7250	11.0250
389	1922	56.1750	12.1750
390	1928	43.1500	12.0000
391	1919	57.2750	12.7750
392	1921	57.2000	11.7250
392	1926	56.1250	12.4500
393	1920	58.2000	11.0250
394	1922	56.6250	12.2500
395	1928	42.8750	12.0000
396	1919	57.6500	12.7750
397	1921	57.5500	11.7250
397	1926	56.5000	12.3500
398	1920	57.8250	11.0250
399	1922	57.0000	12.2500
400	1928	42.5000	12.2500
401	1919	58.0000	12.7750
402	1921	58.0000	11.6750
402	1926	56.7750	12.3000
403	1920	57.3750	11.1250
404	1922	57.2750	12.2500
405	1928	42.0500	12.4750
406	1919	58.3750	12.7750
407	1921	58.3750	11.6750
407	1926	57.1250	12.3000
408	1920	57.0000	11.1750
409	1922	57.5500	12.1750
410	1928	41.7500	12.5000
411	1919	58.8250	12.7750
412	1921	58.8250	11.5750
412	1926	57.5000	12.3000
413	1920	56.6250	11.1750
414	1922	57.8250	12.1750
415	1928	41.2000	12.7500
416	1919	59.1000	12.7250
417	1921	59.2000	11.5750
417	1926	57.8750	12.2000
418	1920	56.1750	11.2750
419	1922	58.1000	12.1750
420	1928	40.9000	12.5000
421	1919	59.4000	12.7250
422	1921	59.4500	11.5750
422	1926	58.2250	12.2000
423	1920	55.8250	11.3500
424	1922	58.4750	12.0250
425	1928	40.4000	12.8000
426	1919	59.7000	12.7250
427	1921	59.7500	11.5750
427	1926	58.6000	12.2000
428	1920	55.3500	11.3500
429	1922	58.8250	11.8500
430	1928	40.2250	11.4750
431	1919	60.0000	12.7250
432	1921	59.9250	11.5750
432	1926	58.9750	12.2000
433	1920	54.9000	11.4250
434	1922	59.2750	11.7000
435	1919	60.4750	12.6250
436	1921	60.4250	11.5750
436	1926	59.6000	12.2000
437	1920	54.3500	11.4250
438	1922	59.6500	11.6250
439	1919	61.0250	12.5500
440	1921	61.0750	11.6250
440	1926	60.3250	12.2000
441	1920	53.8000	11.4250
442	1922	60.0250	11.4750
443	1919	61.5000	12.4750
444	1921	61.6500	11.6250
444	1926	60.9750	12.2000
445	1920	53.1750	11.4250
446	1922	60.4750	11.4750
447	1919	61.9500	12.3250
448	1921	62.2500	11.6500
448	1926	61.6250	12.2000
449	1920	52.6250	11.4250
450	1922	61.0250	11.5500
451	1919	62.3000	12.3250
452	1921	62.9000	11.7000
452	1926	62.0750	12.2000
453	1920	52.0750	11.4250
454	1922	61.4750	11.6250
455	1919	62.6500	12.3250
456	1921	63.0750	11.7000
456	1926	62.0750	12.3500
457	1920	51.5250	11.4250
458	1922	61.6750	11.5500
459	1919	62.9500	12.3250
460	1921	63.2250	11.7000
460	1926	62.1750	12.6000
461	1920	51.0750	11.5250
462	1922	61.7500	11.5500
463	1919	63.0500	12.3250
464	1921	63.4000	11.7000
464	1926	62.1750	12.7500
465	1920	50.6000	11.5750
466	1922	62.1250	11.6250
467	1919	63.1250	12.3250
468	1921	63.5750	11.7000
468	1926	62.2500	12.8500
469	1920	50.1500	11.6750
470	1922	62.4000	11.7000
471	1919	63.5000	12.3250
472	1921	63.7750	11.7000
472	1926	62.7250	12.7500
473	1920	49.7000	11.7250
474	1922	62.6750	11.7000
475	1919	63.9500	12.3250
476	1921	64.0250	11.7000
476	1926	63.1750	12.6750
477	1920	49.2250	11.8250
478	1922	62.9500	11.5500
479	1919	64.6000	12.2500
480	1921	64.4000	11.7000
480	1926	63.6250	12.6000
481	1920	48.7750	11.8250
482	1922	63.2250	11.4750
483	1919	64.7750	12.2750
484	1921	64.3750	11.6250
484	1926	63.9000	12.6000
485	1920	48.2750	11.8750
486	1922	63.5750	11.2750
487	1919	64.8750	12.2750
488	1921	64.4000	11.5500
489	1920	47.7750	11.8750
490	1922	63.9750	11.1250
491	1919	64.9250	12.2750
492	1921	64.8000	11.4000
493	1920	47.2250	11.8750
494	1922	64.4000	10.9750
495	1920	46.7000	11.8750
496	1922	64.8250	10.8500
497	1920	46.1500	11.8750
498	1914	40.7500	8.4750
499	1920	45.6500	11.8750
500	1914	41.2000	8.7750
501	1920	45.1500	11.8750
502	1914	41.7500	9.1000
503	1920	44.6250	11.8750
504	1914	42.2000	9.4000
505	1920	44.1250	11.9750
506	1914	42.7500	9.7000
507	1920	43.5750	11.9750
508	1914	43.3000	10.0250
509	1920	43.0250	11.9750
510	1914	43.6500	10.3500
511	1920	42.4750	11.9750
512	1914	44.0250	10.6500
513	1920	41.9250	11.9750
514	1914	44.5000	10.9500
515	1914	44.9500	11.2750
516	1914	45.3000	11.6000
517	1914	45.7500	11.9000
518	1914	46.2000	12.0500
519	1914	46.7500	12.0500
520	1914	47.4000	11.9750
521	1914	47.9500	11.9750
522	1914	48.5000	11.9000
523	1914	49.1500	11.9000
524	1914	49.7000	11.8250
525	1914	50.3500	11.8250
526	1914	50.9000	11.8250
527	1914	51.4250	11.7500
528	1914	52.0500	11.7500
529	1914	52.6000	11.6500
530	1914	53.1500	11.6500
531	1914	53.8000	11.6000
532	1915	26.9750	13.9500
533	1914	54.3500	11.6000
534	1915	26.4250	14.1250
535	1914	54.8000	11.5000
536	1915	25.9750	14.2750
537	1914	55.3500	11.5000
538	1915	25.4250	14.5000
539	1914	55.8000	11.4250
540	1915	24.9750	14.5750
541	1914	56.2500	11.4250
542	1915	24.6000	14.5750
543	1914	56.7250	11.4250
544	1915	24.1500	14.5750
545	1914	57.2000	11.3500
546	1915	23.6750	14.5750
547	1914	57.6500	11.3500
548	1915	23.3250	14.5750
549	1914	58.1000	11.2750
550	1915	23.0500	14.5750
551	1914	58.5500	11.2750
552	1914	59.0000	11.2750
553	1914	59.5500	11.2000
554	1914	60.1000	11.1000
555	1914	60.6500	11.0750
556	1914	61.1500	11.0000
557	1914	61.7000	10.9250
558	1914	62.2500	10.8500
559	1914	62.8000	10.8000
560	1914	63.3500	10.7250
561	1914	63.9000	10.6500
562	1914	64.4500	10.4250
563	1914	64.6500	10.3250
564	1915	24.0250	14.4500
565	1914	64.7250	10.3250
566	1915	23.3750	14.7000
567	1914	64.7750	10.3250
568	1915	22.8250	14.7000
569	1915	22.3750	14.7000
570	1915	21.8250	14.7000
571	1915	21.3750	14.7000
572	1915	20.8250	14.6250
573	1915	20.3500	14.5500
574	1915	19.9000	14.4500
575	1915	19.3500	14.4000
576	1915	18.7250	14.4000
577	1915	18.0750	14.2500
578	1927	63.8750	36.7500
579	1927	63.7750	36.1250
580	1927	63.7750	35.6000
581	1927	63.7750	35.0500
582	1927	63.7750	34.5000
583	1913	65.1000	16.6250
584	1927	63.7750	33.9500
585	1913	65.0500	16.9250
586	1927	63.7750	33.4000
587	1913	65.0500	17.2250
588	1927	63.6750	32.7750
589	1913	65.0500	17.5500
590	1927	63.6750	32.0000
591	1913	65.1000	17.8750
592	1927	63.6750	31.2000
593	1913	65.1000	18.1250
594	1927	63.6750	30.5000
595	1913	65.1000	18.3750
596	1927	63.6750	29.9000
597	1913	65.0000	18.7500
598	1927	63.6750	29.2750
599	1913	65.0000	19.2250
600	1927	63.6750	28.6500
601	1913	64.9000	19.7750
602	1927	63.6750	28.0250
603	1913	64.9000	20.3250
604	1927	63.6750	27.3250
605	1913	64.7250	20.3250
606	1927	63.8750	26.7750
607	1913	64.5500	20.3750
608	1927	64.0250	26.1500
609	1913	64.4500	20.3750
610	1927	63.9250	25.9000
611	1913	64.4000	20.7000
612	1927	63.9000	25.4750
613	1913	64.3000	20.9750
614	1927	64.0750	24.9500
615	1913	64.3500	21.2000
616	1927	64.0750	24.4000
617	1913	64.3500	21.2000
618	1927	63.9750	23.7750
619	1913	64.3500	21.1500
620	1927	64.0750	23.2250
621	1913	64.4500	21.0500
622	1927	64.2750	22.8250
623	1913	64.4500	20.9750
624	1917	64.8750	10.8750
624	1927	63.8250	22.6250
625	1913	64.4500	20.9750
626	1917	64.3250	10.9750
626	1927	63.5750	21.7500
627	1913	64.5500	20.9000
628	1917	63.8500	11.1250
628	1927	63.5750	21.3500
629	1913	64.5500	20.8000
630	1917	63.5000	11.1250
630	1927	63.7250	21.1000
631	1913	64.5500	20.8000
632	1917	63.1250	11.2750
632	1927	63.6750	20.7750
633	1913	64.6250	20.5000
634	1917	62.6750	11.3500
634	1927	63.8000	20.3000
635	1913	64.6250	20.2500
636	1917	62.1250	11.4250
636	1927	63.7250	19.9750
637	1913	64.6250	20.1000
638	1917	62.0250	11.4250
638	1927	63.7250	19.8250
639	1913	64.6250	19.8000
640	1917	61.5750	11.5250
640	1927	63.7500	19.4000
641	1913	64.6250	19.5000
642	1917	60.8500	11.5250
642	1927	63.7250	19.4250
643	1913	64.6250	19.1000
644	1917	60.3000	11.5250
644	1927	63.5250	18.9500
645	1913	64.6250	18.8500
646	1917	60.0250	11.5750
646	1927	63.3500	18.2500
647	1913	64.6250	18.5000
648	1917	59.6500	11.5750
648	1927	63.4750	17.6250
649	1913	64.7250	17.8500
650	1917	59.2000	11.5750
650	1927	63.5750	17.3750
651	1913	64.6250	17.6250
652	1917	58.7250	11.5750
652	1927	63.6500	17.1250
653	1913	64.6250	17.4500
654	1917	58.3750	11.7250
654	1927	63.8250	17.0000
655	1913	64.6250	17.4500
656	1917	57.8250	11.7250
656	1927	63.7250	16.6750
657	1913	64.6250	17.4500
658	1917	57.4500	11.8250
658	1927	63.6500	16.4000
659	1913	64.6250	17.4500
660	1917	56.7250	11.7250
660	1927	63.7000	16.1750
661	1913	64.6250	16.7500
662	1917	56.2750	11.7250
662	1927	63.8750	15.9750
663	1913	64.5500	16.1500
664	1917	56.0750	11.8250
664	1927	63.7250	15.6750
665	1913	64.5500	15.8500
666	1917	55.6250	11.7250
666	1927	63.5250	15.2750
667	1913	64.5500	15.3000
668	1917	55.3500	11.7250
668	1927	63.5250	14.7250
669	1913	64.5500	14.9000
670	1917	54.8000	11.7250
670	1927	63.5250	14.5250
671	1913	64.5500	14.8000
672	1917	53.9750	11.7250
672	1927	63.4500	14.3500
673	1913	64.4500	14.6500
674	1917	53.6250	11.7250
674	1927	63.3500	14.2750
675	1913	64.4500	14.2000
676	1917	53.2500	11.8250
676	1927	63.4750	13.7500
677	1913	64.3250	13.7750
678	1917	52.7000	11.8250
678	1927	63.5000	13.2000
679	1913	64.1250	13.3750
680	1917	52.0750	11.8250
680	1927	63.2250	12.8500
681	1913	64.1250	13.3000
682	1917	51.5250	11.9000
682	1927	63.2250	12.8000
683	1912	64.8750	11.7000
683	1913	63.9500	13.0750
683	1923	64.6750	10.9250
684	1917	51.1500	12.0500
684	1927	63.2250	12.8000
685	1912	64.3250	11.5500
685	1913	63.8500	12.9000
685	1923	64.2250	10.9250
686	1917	50.7750	11.9750
686	1927	63.1250	12.6500
687	1912	63.9250	11.4750
687	1913	63.6750	12.6750
687	1923	63.6000	10.8500
688	1917	50.3250	11.9750
688	1927	63.1250	12.6500
689	1912	63.7750	11.4750
689	1913	63.4000	12.4500
689	1923	63.0500	10.9250
690	1917	49.8750	12.2250
690	1927	63.1250	12.6500
691	1912	63.4000	11.4750
691	1913	63.5750	12.3750
691	1923	62.6500	11.0750
692	1917	49.5000	12.2750
692	1927	63.1250	12.6500
693	1912	62.7750	11.4500
693	1913	63.8500	12.2750
693	1923	62.4000	11.0250
694	1917	48.9500	12.3250
694	1927	63.1250	12.6000
695	1912	62.3500	11.5250
695	1913	63.8000	12.2250
695	1923	62.1250	11.0000
696	1917	48.3000	12.3500
696	1927	63.1750	12.6250
697	1912	61.9500	11.6250
697	1913	63.7250	12.1500
697	1923	61.8000	11.0000
698	1917	47.6750	12.4500
698	1927	63.1750	12.6500
699	1912	61.5250	11.6750
699	1913	63.6250	12.1000
699	1923	61.4500	11.0250
700	1917	47.1750	12.5250
700	1927	63.2750	12.6750
701	1912	61.0500	11.7750
701	1913	63.5250	12.0250
701	1923	60.9750	11.0250
702	1917	46.8250	12.6000
702	1927	63.2750	12.6750
703	1912	60.6000	11.9000
703	1913	63.4750	11.9250
703	1923	60.5250	11.1250
704	1917	46.3500	12.6750
704	1927	63.3250	12.7000
705	1912	60.1500	12.0000
705	1913	63.4000	11.8500
705	1923	60.0500	11.2000
706	1917	45.9750	12.7500
706	1927	63.3250	12.6750
707	1912	59.8000	12.1500
707	1913	63.3250	11.7750
707	1923	59.5000	11.2000
708	1917	45.5250	12.7500
708	1927	62.9250	12.6750
709	1912	59.3500	12.2500
709	1913	63.2250	11.7000
709	1923	58.9500	11.2000
710	1917	45.1750	12.8250
710	1927	62.5750	12.6000
711	1912	58.9500	12.3500
711	1913	63.1750	11.6750
711	1923	58.6000	11.2000
712	1917	44.9000	12.9750
712	1927	62.2250	12.5000
713	1912	58.6500	12.2000
713	1913	62.7250	11.5750
713	1923	58.2500	11.3500
714	1917	44.4250	13.1500
714	1927	61.9250	12.4500
715	1912	58.1750	12.3000
715	1913	62.3500	11.5250
715	1923	57.8750	11.4250
716	1917	43.9750	13.3000
716	1927	61.5750	12.3000
717	1912	57.7250	12.3500
717	1913	61.9000	11.4250
717	1923	57.5000	11.5000
718	1917	43.5250	13.4500
718	1927	61.2000	12.2000
719	1912	57.2750	12.4500
719	1913	61.4750	11.4000
719	1923	57.0000	11.5500
720	1917	43.1500	13.7000
720	1927	60.9250	12.1500
721	1912	56.8250	12.5000
721	1913	61.0250	11.3000
721	1923	56.5000	11.6000
722	1917	42.6500	13.8500
722	1927	60.5750	12.0500
723	1912	56.4000	12.6000
723	1913	60.6750	11.2250
723	1923	56.1250	11.6250
724	1927	60.2750	11.9750
725	1912	55.9500	12.6000
725	1913	60.2000	11.2000
725	1923	55.6750	11.7000
726	1927	59.9250	11.9000
727	1912	55.5750	12.6000
727	1913	59.7250	11.1000
727	1923	55.2250	11.7750
728	1927	59.4750	11.9000
729	1912	55.1750	12.6000
729	1913	59.3750	11.1000
729	1923	54.8500	11.7750
730	1927	59.1000	11.9000
731	1912	54.6250	12.6250
731	1913	59.0250	11.1000
731	1923	54.5250	12.0000
732	1933	41.9500	10.0500
733	1927	58.6500	11.9750
734	1912	54.0750	12.6750
734	1913	58.7250	11.2000
734	1923	54.0750	12.0000
735	1933	42.3500	10.2250
736	1927	58.1750	11.9750
737	1912	53.9750	12.6000
737	1913	58.3750	11.2000
737	1923	53.6250	12.0000
738	1933	42.7000	10.4500
739	1927	57.8250	12.0500
740	1912	53.5250	12.6750
740	1913	58.0250	11.2000
740	1923	53.2500	12.0000
741	1933	43.0500	10.7000
742	1927	57.2750	12.0500
743	1912	53.0750	12.7500
743	1913	57.5500	11.2500
743	1923	52.8000	12.0000
744	1933	43.5000	10.8500
745	1927	56.8250	12.0500
746	1912	52.6250	12.7500
746	1913	57.0000	11.2500
746	1923	52.3250	12.0000
747	1933	43.9000	11.0750
748	1927	56.4500	12.0500
749	1912	52.0750	12.8500
749	1913	56.5500	11.2500
749	1923	51.8750	12.1000
750	1933	44.3500	11.3000
751	1927	56.0750	12.1500
752	1912	51.5250	12.9000
752	1913	56.0000	11.2500
752	1923	51.4250	12.1000
753	1933	44.9000	11.4000
754	1927	55.6250	12.2000
755	1912	51.0750	13.0000
755	1913	55.4500	11.2500
755	1923	51.0750	12.1000
756	1933	45.4500	11.4500
757	1927	55.2750	12.2000
758	1912	50.7000	13.0000
758	1913	54.9750	11.2000
758	1923	50.6000	12.1000
759	1933	46.0000	11.5500
760	1927	54.8250	12.3000
761	1912	50.5250	13.0000
761	1913	54.7250	11.2000
761	1923	50.1500	12.1000
762	1933	46.3500	11.5500
763	1927	54.2750	12.3000
764	1912	50.0750	13.0000
764	1913	54.3500	11.2000
764	1923	49.6750	12.1750
765	1933	46.8000	11.5500
766	1927	53.8000	12.3000
767	1912	49.6000	13.0000
767	1913	54.0750	11.2000
767	1923	49.2250	12.2500
768	1933	47.2500	11.4500
769	1927	53.3500	12.3500
770	1912	49.2750	13.1500
770	1913	53.6250	11.2000
770	1923	48.8750	12.3250
771	1933	47.7250	11.4500
772	1927	52.8750	12.3500
773	1912	48.8250	13.1500
773	1913	53.0750	11.3500
773	1923	48.4250	12.3250
774	1933	48.1000	11.4000
775	1927	52.4250	12.4500
776	1912	48.2750	13.1500
776	1913	52.6250	11.5000
776	1923	47.9500	12.4000
777	1933	48.5500	11.4000
778	1927	51.9750	12.4500
779	1912	47.8250	13.2250
779	1913	52.0750	11.6500
779	1923	47.5000	12.4000
780	1933	49.0000	11.3000
781	1927	51.4250	12.5000
782	1912	47.1750	13.1500
782	1913	51.6250	11.6500
782	1923	47.0250	12.4000
783	1933	49.3500	11.3000
784	1927	50.9750	12.6000
785	1912	46.7750	13.3000
785	1913	51.1500	11.7500
785	1923	46.6750	12.4000
786	1933	49.8500	11.2500
787	1927	50.5250	12.6000
788	1912	46.1250	13.3000
788	1913	50.7000	11.7500
788	1923	46.2250	12.4750
789	1933	50.3000	11.2500
790	1927	50.0750	12.6750
791	1912	46.0250	13.3000
791	1913	50.2250	11.8000
791	1923	45.7750	12.5500
792	1933	50.6500	11.2500
793	1927	49.6750	12.6750
794	1912	45.6750	13.4000
794	1913	49.7750	11.8000
794	1923	45.3000	12.7000
795	1933	51.1000	11.2500
796	1927	49.2250	12.6750
797	1912	45.3000	13.5000
797	1913	49.3250	11.9000
797	1923	44.8500	12.8000
798	1933	51.4500	11.2500
799	1927	48.8750	12.6500
800	1912	45.1250	13.6500
800	1913	48.8750	11.9000
800	1923	44.4750	12.9250
801	1933	51.9500	11.2500
802	1927	48.5000	12.5750
803	1912	44.5750	13.8500
803	1913	48.4250	11.9750
803	1923	44.1250	13.0750
804	1933	52.3500	11.2750
805	1927	48.1000	12.5250
806	1912	44.3500	14.0000
806	1913	47.9500	11.9750
806	1923	43.6000	13.3000
807	1933	52.8000	11.3500
808	1927	47.6500	12.5250
809	1923	43.0500	13.5250
810	1933	53.1500	11.3750
811	1927	47.2500	12.5250
812	1923	42.6000	13.7750
813	1933	53.5750	11.4250
814	1927	46.8000	12.5250
815	1923	42.2500	14.0750
816	1933	54.0250	11.5000
817	1927	46.3500	12.5250
818	1933	54.4500	11.5500
819	1927	45.9000	12.5250
820	1933	54.9000	11.6500
821	1927	45.5500	12.4500
822	1933	55.3500	11.6500
823	1927	45.2500	12.3500
824	1933	55.8250	11.7500
825	1927	44.9000	12.2500
826	1933	56.3750	11.7500
827	1927	44.2000	12.0500
828	1933	56.8250	11.8250
829	1927	43.9000	11.8250
830	1933	57.3750	11.9000
831	1927	43.5500	11.6000
832	1933	57.6500	11.9750
833	1927	43.2000	11.3500
834	1933	58.0000	12.0500
835	1927	42.8500	11.1500
836	1933	58.2750	12.1250
837	1927	42.5000	10.9250
838	1933	58.6500	12.3000
839	1927	42.1500	10.7250
840	1933	59.1000	12.4500
841	1927	41.8500	10.5500
842	1933	59.5500	12.4500
843	1927	41.5000	10.3000
844	1933	60.0250	12.4500
845	1927	41.1500	10.0500
846	1933	60.4750	12.4500
847	1927	40.8250	9.6750
848	1933	61.0250	12.4500
849	1929	57.4250	28.9500
850	1927	40.5000	9.3500
851	1933	61.3750	12.4500
852	1929	57.5500	28.7750
853	1927	40.2000	8.9750
854	1933	61.7500	12.4500
855	1929	57.7250	28.7750
856	1927	39.9000	8.6500
857	1933	62.1250	12.4500
858	1929	58.2250	28.9500
859	1927	39.6000	8.2750
860	1933	62.4750	12.4500
861	1929	58.7750	28.9500
862	1933	63.0250	12.6750
863	1929	59.2750	28.9500
864	1933	63.6750	13.0500
865	1929	59.7500	28.9500
866	1933	63.8500	13.2250
867	1929	60.3000	28.9500
868	1933	64.1250	13.4500
869	1929	60.8500	28.9500
870	1933	64.3250	13.7750
871	1929	61.3750	28.9500
872	1933	64.4500	14.1500
873	1929	61.8500	29.1000
874	1933	64.8750	14.5500
875	1929	62.4000	29.2750
876	1933	64.8750	15.1750
877	1929	62.8500	29.4250
878	1933	64.8750	15.8750
879	1929	63.4000	29.6500
880	1933	64.9500	16.2500
881	1929	63.6750	29.9750
882	1933	65.0000	16.4000
883	1929	63.9500	30.4500
884	1933	65.0500	16.5750
885	1929	64.2250	30.8250
886	1933	65.1500	16.7250
887	1929	64.3250	31.3000
888	1929	64.4000	31.7500
889	1929	64.5000	32.1500
890	1929	64.5750	32.7000
891	1929	64.7250	33.6250
892	1929	64.7750	34.2250
893	1929	64.7750	34.7000
894	1929	64.8750	35.3000
895	1929	64.5750	35.6250
896	1929	64.4000	35.8750
897	1929	64.5000	36.2500
898	1929	64.5750	36.7250
899	1932	65.0000	10.6250
900	1930	64.4000	10.1250
901	1932	64.4500	10.8500
902	1930	63.9500	10.2750
903	1932	64.0000	11.0750
904	1930	63.5750	10.4750
905	1932	63.5500	11.3250
906	1930	63.1250	10.6500
907	1932	63.0750	11.3750
908	1930	62.7750	10.8750
909	1932	62.6250	11.4750
910	1930	62.3750	11.1250
911	1932	62.0750	11.4750
912	1930	61.9250	11.0250
913	1932	61.6000	11.4750
914	1930	61.4750	11.0250
915	1932	61.1500	11.4750
916	1930	61.0250	11.0250
917	1932	60.7000	11.4750
918	1930	60.5750	11.0250
919	1932	60.3500	11.4750
920	1930	60.2000	10.9750
921	1932	59.8750	11.4750
922	1930	59.7250	10.9750
923	1932	59.5000	11.5500
924	1930	59.2750	10.8750
925	1932	58.9500	11.6250
926	1930	58.8250	10.8750
927	1932	58.4000	11.6250
928	1930	58.3750	10.8750
929	1932	58.0500	11.7000
930	1930	57.9250	10.8750
931	1932	57.7000	11.7750
932	1930	57.4750	10.9750
933	1932	57.3250	11.7750
934	1930	57.0000	10.9750
935	1932	56.7750	11.7000
936	1930	56.5500	10.8750
937	1932	56.3000	11.6250
938	1930	56.0750	10.8250
939	1932	55.8500	11.5500
940	1930	55.6250	10.7250
941	1932	55.3000	11.6250
942	1930	55.1750	10.7250
943	1932	54.8500	11.7000
944	1930	54.7250	10.8250
945	1932	54.4000	11.7750
946	1930	54.3500	10.9750
947	1932	53.9500	11.7750
948	1930	53.9000	11.0250
949	1932	53.5000	11.8500
950	1930	53.4250	11.1250
951	1932	53.0250	11.8500
952	1930	52.9750	11.1250
953	1932	52.5750	11.8500
954	1930	52.5250	11.1750
955	1932	52.1000	11.9250
956	1930	52.0750	11.2750
957	1932	51.5500	11.9250
958	1930	51.6250	11.3500
959	1932	51.1500	11.9250
960	1930	51.2500	11.4250
961	1932	50.7250	11.9250
962	1930	50.7000	11.4250
963	1932	50.3000	11.9750
964	1932	49.8250	11.9750
965	1932	49.4250	12.0250
966	1932	49.0000	12.0500
967	1932	48.4500	12.1500
968	1932	47.9250	12.2000
969	1932	47.3750	12.3500
970	1932	46.8250	12.4500
971	1932	46.3500	12.3500
972	1932	45.9000	12.2000
973	1932	45.4250	12.0500
974	1932	45.0750	11.9750
975	1932	44.6250	11.8000
976	1932	44.1750	11.6500
977	1932	43.8000	11.5000
978	1932	43.5250	11.2500
979	1932	43.2500	11.0500
980	1932	42.7250	10.6500
981	1932	41.9250	10.4000
982	1932	41.8750	10.2500
983	1931	58.2250	19.4000
984	1931	58.6000	19.2000
985	1934	65.0500	13.8000
986	1931	59.0750	19.0500
987	1934	64.8500	14.6000
988	1931	59.5250	18.9000
989	1934	64.7750	15.5000
990	1931	59.9750	18.7500
991	1934	64.7750	15.9500
992	1931	60.4250	18.6750
993	1934	64.7750	16.1000
994	1931	60.8000	18.5000
995	1934	64.7750	16.2500
996	1931	61.2500	18.3500
997	1934	64.6750	16.5000
998	1931	61.7250	18.3500
999	1934	64.6750	16.9500
1000	1931	62.1750	18.3000
1001	1934	64.6000	17.4500
1002	1931	62.6250	18.3000
1003	1934	64.6000	17.9000
1004	1931	62.9750	17.9750
1005	1934	64.5000	18.3500
1006	1931	63.4500	17.6500
1007	1934	64.4000	18.8500
1008	1931	63.8250	17.2500
1009	1934	64.3000	19.3000
1010	1931	64.1250	16.9000
1011	1934	64.2250	19.7500
1012	1931	64.4750	16.5000
1013	1934	64.1250	20.2500
1014	1931	64.7750	16.1000
1015	1934	64.0500	20.8500
1016	1931	64.8250	15.6500
1017	1934	63.8500	21.4000
1018	1931	64.9000	15.1500
1019	1934	63.8500	21.8500
1020	1931	64.9500	14.9500
1021	1934	63.8500	22.3500
1022	1931	65.0000	14.9500
1023	1934	63.8500	22.7500
1024	1931	65.0500	14.8500
1025	1934	63.8500	23.2000
1026	1934	63.8500	23.6500
1027	1934	63.8500	24.1500
1028	1934	63.8500	24.6750
1029	1934	63.9500	25.2000
1030	1934	63.9500	25.7500
1031	1934	63.9500	26.2500
1032	1934	63.9500	26.7000
1033	1934	63.9500	27.1500
1034	1934	63.9500	27.6500
1035	1934	63.9500	28.1000
1036	1934	63.9500	28.5500
1037	1934	63.8500	29.1000
1038	1934	63.8500	29.6000
1039	1934	63.7500	29.9500
1040	1934	63.7500	30.4500
1041	1934	63.6750	30.9000
1042	1934	63.6750	31.3750
1043	1934	63.6750	31.8500
1044	1934	63.6250	32.3000
1045	1934	63.5250	32.8500
1046	1934	63.4750	33.3000
1047	1934	63.4750	33.8000
1048	1934	63.4750	34.2500
1049	1934	63.5750	34.6500
1050	1934	63.5750	35.1000
1051	1934	63.5750	35.6000
1052	1934	63.4750	36.0500
1053	1934	63.2250	36.3750
1054	1934	62.9250	36.5500
1055	1934	62.5750	36.8000
1056	1935	39.8750	8.1500
1057	1935	39.9750	8.4000
1058	1935	40.5250	8.8000
1059	1935	40.9750	9.1000
1060	1935	41.4250	9.5000
1061	1935	41.8750	9.8000
1062	1935	42.2250	10.2000
1063	1935	42.7000	10.5500
1064	1935	43.1750	10.9000
1065	1935	43.7750	11.2000
1066	1935	44.4250	11.5000
1067	1935	45.0750	11.9000
1068	1935	45.6250	11.9750
1069	1935	46.1750	12.1500
1070	1935	46.7250	12.2000
1071	1935	47.3750	12.3500
1072	1935	47.9250	12.3500
1073	1935	48.4750	12.3500
1074	1935	49.0750	12.3500
1075	1935	49.6250	12.4500
1076	1935	50.1750	12.4500
1077	1935	50.8750	12.4000
1078	1935	51.4750	12.3750
1079	1935	52.1500	12.3750
1080	1935	52.7500	12.3250
1081	1935	53.4000	12.3250
1082	1935	54.0750	12.3250
1083	1935	54.6750	12.2750
1084	1935	55.3500	12.2750
1085	1935	56.0000	12.2750
1086	1935	56.5500	12.2750
1087	1935	57.1750	12.2750
1088	1935	57.8250	12.2750
1089	1935	58.4750	12.3750
1090	1935	59.0500	12.3750
1091	1935	59.7000	12.4500
1092	1935	60.3500	12.5250
1093	1935	60.9750	12.6000
1094	1935	61.5500	12.6000
1095	1935	62.2000	12.6750
1096	1935	62.8500	12.7500
1097	1935	63.4500	12.8250
1098	1935	64.1000	12.9000
1099	1935	64.6500	12.9750
1100	1935	64.8750	13.3000
