0	2414	58.8500	47.0500
0	2416	8.9250	43.6250
0	2417	6.7250	19.5750
0	2419	59.4500	27.1750
0	2420	44.2750	42.4250
1	2414	58.1000	47.2750
1	2416	9.6500	43.6250
1	2417	6.9250	19.1750
1	2419	59.4500	27.1750
1	2420	44.8250	42.0250
2	2414	57.4000	47.4750
2	2416	10.4000	43.6250
2	2417	7.1000	18.9750
2	2419	59.4500	27.1750
2	2420	45.4750	41.8250
3	2414	56.6500	47.6750
3	2416	11.1500	43.6250
3	2417	7.2750	18.5750
3	2419	59.4500	27.1750
3	2420	46.1500	41.6000
4	2414	55.9500	47.8750
4	2416	11.9000	43.6250
4	2417	7.4750	18.3750
4	2419	59.4500	27.1750
4	2420	46.8250	41.4000
5	2414	55.2500	48.0750
5	2416	12.6500	43.6250
5	2417	7.9500	18.3750
5	2419	59.4500	27.1750
5	2420	47.3750	41.0000
6	2414	54.5500	48.2750
6	2416	13.4000	43.6250
6	2417	8.5250	18.3750
6	2419	59.4500	27.1750
6	2420	48.0250	40.8000
7	2414	54.0750	48.4750
7	2416	13.9500	43.6250
7	2417	8.8750	18.1750
7	2419	59.4500	27.1750
7	2420	48.6750	40.6000
8	2414	53.8000	48.4750
8	2416	14.5000	43.6250
8	2417	8.9750	17.9750
8	2419	59.4500	27.1750
8	2420	49.3250	40.3750
9	2414	53.0500	48.6750
9	2416	15.0250	43.6250
9	2417	9.0750	17.7750
9	2419	59.4500	27.1750
9	2420	49.9000	39.9750
10	2415	4.3250	90.6250
11	2414	52.3000	48.6750
11	2416	15.5250	43.8250
11	2417	9.1750	17.5750
11	2419	59.4500	27.1750
11	2420	50.5750	39.7750
12	2415	4.8250	90.4250
13	2414	51.5500	48.8750
13	2416	16.0750	43.8250
13	2417	9.1750	17.5750
13	2419	59.4500	27.1750
13	2420	51.2250	39.5750
14	2415	5.3750	90.2000
15	2414	50.9000	49.0750
15	2416	16.6250	43.8250
15	2417	9.1750	17.5750
15	2419	59.4500	27.1750
15	2420	51.8750	39.3750
16	2415	5.9250	90.0000
17	2414	50.1500	49.0750
17	2416	17.1250	44.0250
17	2417	9.1750	17.5750
17	2419	59.4500	27.1750
17	2420	52.4250	38.9750
18	2415	6.4750	89.8000
19	2414	49.4000	49.2750
19	2416	17.6500	44.0250
19	2417	9.1750	17.5750
19	2419	59.4500	27.1750
19	2420	53.0750	38.7750
20	2415	7.0750	89.6000
21	2414	48.6500	49.4750
21	2416	18.2750	44.2250
21	2417	9.1750	17.5750
21	2419	59.4500	27.1750
21	2420	53.7250	38.5750
22	2415	7.6250	89.4000
23	2414	47.9750	49.7000
23	2416	18.6750	44.2250
23	2417	9.1750	17.5750
23	2419	59.4500	27.1750
23	2420	54.4000	38.3750
24	2415	8.1750	89.4000
25	2414	47.2250	49.7000
25	2416	19.1750	44.2250
25	2417	9.1750	17.5750
25	2419	59.4500	27.1750
25	2420	54.9750	38.1750
26	2415	8.8250	89.4000
27	2414	46.4750	49.9000
27	2416	19.6250	44.2250
27	2417	9.1750	17.5750
27	2419	59.4500	27.1750
27	2420	55.6250	37.7750
28	2415	9.4750	89.4000
29	2414	45.7250	50.1000
29	2416	20.1250	44.2250
29	2417	9.1750	17.5750
29	2419	59.4500	27.1750
29	2420	56.2750	37.5750
30	2415	10.1500	89.4000
31	2414	45.0750	50.3000
31	2416	20.6500	44.3250
31	2417	9.1750	17.5750
31	2419	59.4500	27.1750
31	2420	56.9250	37.3750
32	2415	10.8250	89.4000
33	2414	44.3250	50.3000
33	2416	21.0750	44.3250
33	2417	9.1750	17.5750
33	2419	59.4500	27.1750
33	2420	57.4750	37.1750
34	2415	11.3750	89.2000
35	2414	43.5750	50.5000
35	2416	21.6000	44.3250
35	2417	9.1750	17.5750
35	2419	59.4500	27.1750
35	2420	58.1500	36.7500
36	2415	11.9750	88.7750
37	2414	42.9000	50.7000
37	2416	22.0000	44.3250
37	2417	9.1750	17.5750
37	2419	59.4500	27.1750
37	2420	58.8250	36.5500
38	2415	12.5750	88.5750
39	2414	42.1500	50.7000
39	2416	22.5250	44.3250
39	2417	9.1750	17.5750
39	2419	59.4500	27.1750
39	2420	59.4750	36.3500
40	2415	13.2000	88.3750
41	2414	41.7000	50.9000
41	2416	23.0500	44.4250
41	2417	9.1750	17.5750
41	2419	59.4500	27.1750
41	2420	60.0250	36.1500
42	2415	13.7750	88.1750
43	2414	41.2250	51.3000
43	2416	24.1000	44.4250
43	2417	9.1750	17.5750
43	2419	59.4500	27.1750
43	2420	60.6750	35.7500
44	2415	14.4250	87.9750
45	2418	65.0500	87.3750
46	2414	40.8500	51.5000
46	2416	24.5500	44.4250
46	2417	9.1750	17.5750
46	2419	59.4500	27.1750
46	2420	61.3250	35.5250
47	2415	14.6000	87.3750
48	2418	64.4000	87.1750
49	2414	40.4750	51.7000
49	2416	25.1500	44.4250
49	2417	9.1750	17.5750
49	2419	59.4500	27.1750
49	2420	61.9750	35.3250
50	2415	14.8750	86.9750
51	2418	63.8250	87.1750
52	2414	40.0000	51.9000
52	2416	25.5250	45.2250
52	2417	9.1750	17.5750
52	2419	59.4500	27.1750
52	2420	62.5750	35.1250
53	2415	15.1750	86.5750
54	2418	63.1500	87.1750
55	2414	39.6500	52.1250
55	2416	25.4750	45.6250
55	2417	9.1750	17.5750
55	2419	59.4500	27.1750
55	2420	63.2250	34.9250
56	2415	15.4500	86.1750
57	2418	62.6000	86.7750
58	2414	39.1500	52.5250
58	2416	25.3500	45.6250
58	2417	9.1750	17.7750
58	2419	59.4500	27.1750
58	2420	63.8250	34.7250
59	2415	15.7250	85.7750
60	2418	62.0500	86.3750
61	2414	38.6000	52.9250
61	2416	25.2500	45.6250
61	2417	9.1750	18.1750
61	2419	59.4500	27.1750
61	2420	64.4250	34.7250
62	2415	16.0250	85.3500
63	2418	61.5750	85.5500
64	2414	38.1500	53.3250
64	2416	25.1000	45.6250
64	2417	9.1750	18.7750
64	2419	59.4500	27.1750
64	2420	65.0250	34.5250
65	2415	16.0250	84.7500
66	2418	61.2000	84.9500
67	2414	37.6500	53.7250
67	2416	25.0000	45.6250
67	2417	9.1750	19.1750
67	2419	59.4500	27.1750
67	2420	65.6000	34.5250
68	2415	16.0250	84.1500
69	2418	60.7250	84.2500
70	2414	37.1000	54.1250
70	2416	24.9000	45.6250
70	2417	9.1750	19.7750
70	2419	59.4500	27.1750
70	2420	65.9250	34.5250
71	2415	16.0250	83.5250
72	2418	60.2500	83.4500
73	2414	36.6500	54.5500
73	2416	24.7250	45.6250
73	2417	9.4500	19.5750
73	2419	59.4500	27.1750
73	2420	66.1750	34.5250
74	2415	16.1000	82.9250
75	2418	59.9000	82.8250
76	2414	36.0750	54.9500
76	2416	24.5500	45.6250
76	2417	9.7250	19.5750
76	2419	59.4500	27.1750
77	2415	16.1000	82.1250
78	2418	59.4000	82.0250
79	2414	35.6000	55.3500
79	2416	23.9750	45.6250
79	2417	10.1000	19.5750
79	2419	59.4500	27.1750
80	2415	16.1000	81.5250
81	2418	59.0500	80.6000
82	2414	35.1500	55.5500
82	2416	23.5000	45.4250
82	2417	10.3750	19.3750
82	2419	59.4500	27.1750
83	2415	16.2000	80.9250
84	2418	58.6500	79.4000
85	2414	34.5750	55.9500
85	2416	23.0500	45.4250
85	2417	10.7750	19.3750
85	2419	59.4500	27.1750
86	2415	16.2000	80.3000
87	2418	58.3000	78.1750
88	2414	34.1000	56.3500
88	2416	22.4750	45.2250
88	2417	11.0250	19.3750
88	2419	59.4500	27.1750
89	2415	16.2000	79.7000
90	2418	57.9000	76.9750
91	2414	33.3750	56.8750
91	2416	22.0500	45.1250
91	2417	11.4250	19.2750
91	2419	59.4500	27.1750
92	2415	16.2000	79.0750
93	2418	57.5000	76.1750
94	2414	32.2500	57.4750
94	2416	21.7750	45.1250
94	2417	11.8750	19.3750
94	2419	59.4500	27.1750
95	2415	16.1500	78.4750
96	2418	57.0750	75.5500
97	2414	31.6500	58.0750
97	2416	21.5000	45.2250
97	2417	12.3250	19.5750
97	2419	59.4500	27.1750
98	2415	16.0500	77.8750
99	2418	56.7000	74.8500
100	2414	31.1000	58.4750
100	2416	21.2000	45.2250
100	2417	12.7750	19.5750
101	2415	15.9250	77.2750
102	2418	56.2750	74.2250
103	2414	30.6500	59.0750
103	2416	20.9500	45.2250
103	2417	13.2250	19.6750
104	2415	15.8750	76.6750
105	2418	55.9750	72.2250
106	2414	30.1500	59.4750
106	2416	20.6500	45.3500
106	2417	13.7250	19.8750
107	2415	15.7750	76.0750
108	2418	55.7250	69.9750
