0	1882	43.0250	21.0000
1	1882	43.3750	21.1000
2	1882	43.8250	21.2250
3	1882	44.3000	21.4000
4	1882	44.7750	21.4750
5	1882	45.2250	21.6750
6	1882	45.7750	21.8250
7	1882	46.2250	22.0250
8	1882	46.5750	22.2000
9	1882	46.9500	22.2750
10	1882	47.4250	22.4500
11	1882	47.8250	22.5000
12	1882	48.2750	22.6000
13	1882	48.8250	22.6750
14	1882	49.2750	22.7250
15	1882	49.8250	22.8250
16	1882	50.2750	22.9000
17	1882	50.7250	22.9750
18	1882	51.2750	23.0750
19	1882	51.7250	23.1750
20	1882	52.2750	23.2500
21	1882	52.7750	23.2500
22	1882	53.2750	23.3250
23	1882	53.7250	23.4250
24	1882	54.1750	23.4250
25	1882	54.7250	23.4250
26	1882	55.1750	23.5250
27	1882	55.6250	23.5250
28	1882	56.0750	23.5250
29	1882	56.6250	23.5250
30	1882	57.0000	23.5250
31	1882	57.4750	23.5250
32	1882	57.8250	23.5250
33	1882	58.2750	23.5250
34	1882	58.7250	23.4250
35	1882	59.1000	23.4250
36	1882	59.5750	23.4250
37	1882	59.9250	23.4250
38	1882	60.3750	23.4250
39	1882	60.8250	23.6000
40	1882	61.3000	23.7750
41	1882	61.7500	23.9500
42	1882	62.1750	24.2250
43	1882	62.4750	24.5250
44	1882	62.8000	24.8250
45	1882	63.0750	25.1500
46	1882	63.3500	25.4500
47	1882	63.6750	25.7500
48	1882	63.9000	26.1000
49	1882	64.0500	26.5000
50	1882	64.1250	26.8500
51	1882	64.2750	27.3000
52	1882	64.4000	27.6500
53	1882	64.5000	28.1000
54	1882	64.6250	28.4500
55	1882	64.7750	28.9000
56	1882	64.8750	29.3500
57	1882	64.9500	29.8000
58	1882	65.0000	30.3000
59	1882	65.1000	30.7500
60	1882	65.1500	31.3000
61	1882	65.1500	31.8000
62	1882	65.2000	32.3000
63	1882	65.2000	32.8000
64	1882	65.2000	33.3000
65	1882	65.2250	33.8000
66	1882	65.2250	34.3500
67	1882	65.2750	34.8500
68	1882	65.2750	35.4000
69	1882	65.2750	35.8750
70	1882	65.2750	36.4250
71	1882	65.2750	36.9500
72	1882	65.2750	37.4750
73	1882	65.2750	38.0000
74	1882	65.2750	38.5250
75	1882	65.2750	39.0750
76	1882	65.2750	39.6000
77	1882	65.2750	40.1250
78	1882	65.2750	40.6500
79	1895	0.8000	24.3000
80	1882	65.2750	41.0500
81	1895	1.1750	24.2250
82	1882	65.3250	41.4750
83	1895	1.5250	24.1250
84	1895	1.8750	24.1250
85	1895	2.2750	24.0500
86	1895	2.7250	23.9500
87	1895	3.2250	23.9500
88	1895	3.6750	23.9500
89	1895	4.1750	23.9500
90	1895	4.6750	23.9500
91	1895	5.1750	23.9000
92	1895	5.6500	23.9000
93	1895	6.1500	23.8750
94	1895	6.6000	23.8750
95	1895	7.1000	23.8750
96	1895	7.5500	23.8250
97	1895	8.1000	23.8250
98	1895	8.5500	23.8250
99	1895	9.0500	23.8250
100	1895	9.5250	23.7750
101	1895	10.0250	23.7500
102	1895	10.5000	23.7500
103	1895	11.0000	23.7500
104	1895	11.5000	23.7500
105	1895	12.0000	23.7500
106	1895	12.4500	23.7500
107	1895	12.9500	23.6500
108	1895	13.4000	23.6500
109	1895	13.9250	23.6500
110	1895	14.3750	23.6500
111	1895	14.9250	23.6500
112	1895	15.3750	23.6000
113	1895	15.8750	23.6000
114	1895	16.3250	23.5500
115	1895	16.8250	23.5500
116	1895	17.2750	23.5500
117	1895	17.8000	23.5000
118	1895	18.2750	23.5000
119	1895	18.8000	23.5000
120	1895	19.2750	23.4750
121	1895	19.7750	23.4750
122	1895	20.2250	23.4500
123	1895	20.7250	23.4500
124	1895	21.1750	23.4500
125	1895	21.7250	23.4500
126	1895	22.1750	23.4500
127	1895	22.7000	23.3500
128	1895	23.0500	23.3500
129	1895	23.4000	23.3500
130	1894	1.8500	23.6500
131	1894	2.8500	23.5750
132	1892	26.5750	23.2000
133	1894	3.9500	23.5750
134	1892	27.0250	23.2000
135	1894	5.0500	23.5750
136	1892	27.4750	23.2000
137	1894	6.1500	23.5750
138	1892	27.9500	23.2000
139	1894	7.1500	23.4750
140	1892	28.4000	23.2000
141	1894	8.2500	23.4750
142	1892	28.8500	23.2000
143	1894	9.3500	23.4750
144	1892	29.3000	23.2000
145	1894	10.4500	23.4750
146	1892	29.7750	23.2000
147	1894	11.5500	23.4750
148	1892	30.2250	23.2000
149	1894	12.5500	23.3750
150	1892	30.6750	23.3000
151	1894	13.6500	23.3750
152	1892	31.1500	23.3000
153	1894	14.7500	23.3750
154	1892	31.6000	23.3000
155	1894	15.8250	23.3750
156	1892	32.0500	23.3000
157	1894	16.8500	23.3000
158	1892	32.5000	23.3000
159	1894	17.9500	23.3000
160	1892	32.9750	23.3000
161	1894	19.0250	23.3000
162	1892	33.4250	23.3000
163	1894	20.1250	23.3000
164	1892	33.8750	23.3000
165	1894	21.2250	23.3000
166	1892	34.3500	23.3000
167	1894	22.2250	23.2000
168	1892	34.8750	23.2000
169	1894	23.3250	23.2000
170	1892	35.4250	23.1000
171	1894	24.4250	23.2000
172	1892	35.9000	23.0500
173	1894	25.4750	23.2000
174	1892	36.4500	23.0500
175	1894	26.5250	23.2000
176	1892	36.9000	22.9500
177	1894	27.6250	23.2000
178	1892	37.4500	22.8500
179	1894	28.6750	23.2000
180	1892	38.0000	22.7500
181	1894	29.7250	23.2000
182	1892	38.4500	22.7000
183	1894	30.8250	23.2000
184	1892	39.0000	22.6000
185	1894	31.8750	23.2000
186	1892	39.4500	22.5000
187	1894	32.9750	23.2000
188	1892	40.0000	22.4000
189	1894	34.0250	23.2000
190	1892	40.5500	22.3250
191	1894	35.0750	23.2000
192	1892	41.0000	22.2500
193	1894	36.1750	23.2000
194	1892	41.5500	22.1500
195	1894	37.2500	23.2000
196	1892	42.0250	22.0500
197	1894	38.2750	23.2000
198	1892	42.5500	22.0500
199	1894	39.3750	23.2000
200	1892	43.1000	21.9500
201	1894	40.4500	23.2000
202	1892	43.6000	21.7500
203	1894	41.3750	23.2000
204	1892	44.1000	21.5750
205	1894	42.0250	23.3750
206	1892	44.6500	21.3500
207	1892	45.2000	21.1750
208	1892	45.7500	21.0000
209	1892	46.2750	20.8000
210	1892	46.8750	20.6000
211	1892	47.3750	20.3750
212	1892	47.8250	20.3750
213	1892	48.3750	20.2750
214	1892	48.8250	20.2000
215	1892	49.2750	20.1250
216	1892	49.7250	20.0250
217	1892	50.2750	19.9250
218	1892	50.7250	19.8500
219	1892	51.2000	19.7750
220	1892	51.7250	19.6750
221	1892	52.2250	19.5750
222	1892	52.6750	19.5000
223	1892	53.2250	19.4250
224	1892	53.6750	19.3250
225	1892	54.2250	19.3250
226	1892	54.7750	19.2250
227	1892	55.3250	19.1500
228	1892	55.8750	19.1500
229	1892	56.4250	19.0500
230	1892	56.9750	18.9750
231	1892	57.5250	18.8750
232	1892	58.0750	18.8750
233	1892	58.5250	18.7750
234	1892	59.0750	18.7000
235	1892	59.6250	18.6250
236	1892	60.0750	18.5250
237	1892	60.6250	18.4250
238	1892	61.1750	18.3500
239	1892	61.5250	18.1750
240	1892	61.8750	18.0750
241	1892	62.2750	17.9250
242	1892	62.6250	17.8250
243	1892	62.9750	17.5500
244	1892	63.4250	17.2750
245	1893	8.4250	24.7750
246	1892	63.8250	16.9250
247	1893	8.9000	24.7750
248	1892	64.0750	16.5500
249	1893	9.4500	24.7750
250	1892	64.3750	16.1750
251	1893	9.9750	24.7750
252	1892	64.6250	15.8250
253	1893	10.5250	24.7750
254	1892	64.8750	15.4250
255	1893	11.0750	24.7750
256	1892	64.9250	15.0750
257	1893	11.6250	24.7750
258	1892	64.9500	14.6250
259	1893	12.1000	24.7750
260	1892	65.0000	14.2750
261	1893	12.6250	24.7750
262	1892	65.0500	13.8250
263	1893	13.1750	24.7750
264	1892	65.1000	13.4750
265	1893	13.7250	24.7750
266	1892	65.1500	13.0500
267	1893	14.2750	24.7750
268	1892	65.2000	12.6250
269	1890	1.4000	20.0750
270	1893	14.8250	24.7750
271	1892	65.2000	12.0750
272	1890	2.6750	20.1750
273	1893	15.3000	24.8250
274	1892	65.2000	11.5500
275	1890	3.9500	20.2500
276	1893	15.4500	24.8250
277	1892	65.2000	11.0250
278	1890	5.3250	20.4250
279	1893	15.7500	24.8250
280	1892	65.2000	10.4750
281	1890	6.6000	20.5250
282	1893	15.9250	24.8250
283	1892	65.2000	9.9750
284	1890	7.8750	20.6000
285	1893	16.4750	24.7750
286	1890	9.2500	20.7750
287	1893	16.9250	24.7750
288	1890	10.5250	20.8750
289	1893	17.4750	24.7750
290	1890	11.8000	20.9500
291	1893	18.0250	24.7750
292	1890	13.1750	21.1250
293	1893	18.4750	24.7750
294	1890	14.9250	21.1250
295	1893	19.0250	24.7750
296	1890	16.5500	21.1250
297	1891	1.1500	23.5250
298	1893	19.5750	24.7750
299	1890	18.3000	21.2250
300	1891	2.6250	23.3500
301	1893	20.0500	24.7750
302	1890	20.0500	21.2250
303	1891	4.1000	23.2500
304	1893	20.6000	24.7750
305	1890	21.6750	21.2250
306	1891	5.5500	23.1500
307	1893	21.1250	24.7750
308	1890	23.4250	21.3000
309	1891	7.0000	23.0750
310	1893	21.4000	24.7250
311	1890	25.1500	21.3000
312	1891	8.4750	23.0000
313	1893	21.6750	24.7250
314	1890	26.8000	21.3000
315	1891	9.9500	22.9000
316	1893	21.9500	24.7250
317	1890	28.5250	21.4000
318	1891	11.4000	22.8000
319	1893	22.2250	24.7250
320	1890	30.2750	21.4000
321	1891	12.8500	22.6250
322	1893	22.5000	24.7250
323	1890	31.9250	21.4000
324	1891	14.3250	22.5500
325	1893	22.7750	24.7250
326	1890	33.7500	21.4000
327	1891	15.8000	22.4500
328	1906	61.6750	41.5500
329	1893	23.0500	24.6750
330	1890	35.6500	21.3000
331	1891	17.2500	22.3750
332	1906	61.6750	41.0000
333	1893	23.3250	24.6750
334	1890	37.5750	21.3000
335	1891	18.8000	22.2750
336	1906	61.6750	40.5500
337	1893	23.6000	24.6750
338	1890	39.6000	21.2250
339	1891	20.4500	22.2000
340	1906	61.6750	40.1000
341	1893	23.8750	24.6750
342	1890	41.5000	21.1250
343	1891	22.1000	22.1000
344	1906	61.6750	39.7000
345	1893	24.1500	24.6750
346	1890	43.4250	21.1250
347	1891	23.7500	22.0250
348	1906	61.7500	39.2500
349	1893	24.4250	24.6750
350	1890	45.3500	20.9500
351	1891	25.4750	21.9250
352	1906	61.7500	38.8000
353	1893	24.7500	24.6250
354	1890	47.1750	20.8750
355	1891	27.1000	21.8500
356	1906	61.7500	38.3500
357	1893	25.0000	24.6250
358	1890	49.1000	20.7750
359	1891	28.7500	21.7500
360	1906	61.7500	37.9000
361	1893	25.3000	24.6250
362	1890	50.9250	20.6000
363	1904	9.1750	19.5500
364	1891	30.4000	21.5750
365	1906	61.8000	37.4500
366	1893	25.5500	24.6250
367	1890	52.8500	20.5250
368	1904	9.5250	19.5500
369	1891	32.0500	21.5750
370	1906	61.8000	37.0250
371	1893	25.8500	24.6250
372	1890	54.7500	20.4250
373	1904	9.8750	19.5500
374	1891	33.6000	21.6500
375	1906	61.8000	36.5250
376	1893	26.1000	24.6250
377	1904	10.2750	19.5500
378	1906	61.8000	36.1000
379	1904	10.6250	19.5500
380	1906	61.8000	35.6500
381	1904	10.9750	19.5500
382	1906	61.7500	35.1750
383	1904	11.3750	19.5500
384	1906	61.6750	34.6500
385	1904	11.7250	19.5500
386	1906	61.5750	34.1000
387	1904	12.0750	19.5500
388	1906	61.5750	33.6750
389	1896	32.4250	24.1250
390	1904	12.4500	19.5000
391	1906	61.4750	33.1500
392	1896	32.8750	24.1250
393	1904	12.8750	19.5000
394	1906	61.3000	32.6000
395	1896	33.3250	24.0500
396	1904	13.2250	19.5000
397	1906	61.1250	32.1000
398	1896	33.8000	24.0500
399	1904	13.5750	19.5000
400	1906	61.0250	31.5500
401	1896	34.2500	24.0500
402	1904	14.0250	19.5000
403	1906	60.8500	31.0250
404	1896	35.0750	24.0500
405	1904	14.3750	19.5000
406	1906	60.6500	30.5000
407	1896	35.3500	23.9500
408	1904	14.7250	19.5000
409	1906	60.4750	29.9500
410	1896	35.6250	24.3250
411	1904	15.1250	19.5000
412	1906	60.3000	29.5250
413	1896	35.8000	24.3250
414	1904	15.5250	19.5000
415	1906	60.1000	29.0750
416	1896	36.0750	24.3250
417	1904	15.8750	19.5000
418	1906	59.9250	28.6500
419	1896	36.3500	24.2250
420	1904	16.3250	19.5000
421	1906	59.8250	28.2000
422	1896	36.7250	24.1250
423	1904	16.7000	19.5000
424	1906	59.6500	27.7500
425	1896	37.0000	24.1250
426	1904	17.0750	19.5000
427	1906	59.4750	27.3000
428	1896	37.3500	24.0500
429	1904	17.4250	19.5000
430	1906	59.2000	26.8000
431	1896	37.6250	24.0500
432	1904	17.8750	19.5000
433	1906	58.9250	26.3500
434	1897	64.4500	17.4500
435	1896	39.6500	24.1250
436	1904	18.1750	19.4000
437	1906	58.7250	25.9000
438	1897	64.1750	17.5500
439	1896	40.0000	24.1250
440	1904	18.4250	19.3250
441	1906	58.4750	25.3750
442	1897	63.9000	17.6500
443	1896	40.3750	24.1250
444	1904	18.7250	19.3250
445	1906	58.2000	24.9250
446	1897	63.7250	17.7500
447	1896	40.8250	24.2250
448	1904	18.9750	19.2500
449	1906	57.9250	24.5750
450	1897	63.5250	17.7500
451	1896	41.3750	24.3250
452	1904	19.2750	19.1500
453	1906	57.6500	24.2250
454	1897	63.5250	17.7500
455	1896	41.8250	24.4750
456	1904	19.5250	19.1500
457	1906	57.3750	23.8750
458	1897	62.5250	17.8000
459	1896	42.2000	24.4750
460	1904	19.9000	19.0500
461	1906	57.1000	23.5000
462	1897	61.5250	18.0000
463	1896	42.4750	24.4000
464	1904	20.2750	19.0500
465	1906	56.8250	23.1500
466	1897	61.0750	18.1000
467	1896	42.7500	24.4000
468	1904	20.6250	19.0500
469	1906	56.5500	22.8000
470	1897	60.7000	18.1750
471	1896	43.3000	24.2250
472	1904	20.9750	19.0500
473	1906	56.1750	22.4500
474	1897	60.2500	18.2500
475	1896	43.9250	24.1250
476	1904	21.4500	19.0500
477	1906	55.7250	22.1000
478	1897	59.7750	18.4500
479	1896	44.6750	23.9500
480	1904	21.8250	19.0500
481	1906	55.3500	21.7500
482	1897	59.3250	18.5250
483	1896	45.4000	23.9500
484	1904	22.1750	19.0500
485	1906	54.9000	21.4000
486	1897	58.7750	18.5250
487	1896	46.1250	23.8750
488	1904	22.4750	19.0500
489	1906	54.4500	21.0500
490	1897	58.2250	18.5250
491	1896	46.8500	23.7750
492	1904	22.7250	19.0500
493	1906	53.9750	20.7750
494	1897	57.6000	18.5250
495	1896	47.6000	23.7750
496	1904	23.0250	19.0500
497	1906	53.5250	20.7000
498	1897	57.0500	18.5250
499	1896	47.8750	23.7750
500	1904	23.2750	19.0500
501	1906	53.0750	20.6000
502	1897	56.5750	18.6000
503	1896	47.8750	23.7750
504	1904	23.5750	19.0500
505	1906	52.6250	20.5000
506	1897	56.0500	18.7000
507	1896	47.8750	23.7750
508	1904	23.8750	19.0000
509	1906	52.1500	20.4000
510	1897	55.4000	18.7000
511	1896	47.8750	23.7750
512	1904	24.2500	19.0500
513	1906	51.7500	20.2000
514	1897	54.8500	18.7000
515	1896	47.8750	23.7750
516	1904	24.5000	19.1000
517	1906	51.3500	20.0250
518	1904	24.8750	19.1500
519	1906	50.9250	19.8500
520	1904	25.1500	19.1500
521	1906	50.5000	19.7250
522	1904	25.4750	19.1750
523	1906	50.1500	19.5000
524	1904	25.8000	19.2250
525	1906	49.8750	19.3750
526	1898	52.9500	23.8000
527	1904	26.1000	19.2750
528	1906	48.9500	19.2750
529	1898	53.3000	23.8000
530	1904	26.4750	19.2750
531	1906	48.5000	19.1000
532	1898	53.6500	23.8000
533	1904	26.8500	19.2750
534	1906	48.0500	19.1000
535	1898	54.0500	23.8000
536	1902	57.0500	31.5000
537	1904	27.2000	19.3750
538	1906	47.5000	19.0250
539	1898	54.5000	23.8000
540	1902	57.5500	31.6500
541	1904	27.5750	19.3750
542	1906	47.0500	19.0250
543	1898	54.8500	23.8000
544	1902	58.0000	31.7250
545	1904	27.8500	19.3750
546	1899	65.1000	28.0750
547	1906	46.5750	18.9250
548	1898	55.2000	23.8000
549	1902	58.4750	31.7250
550	1904	28.2250	19.4500
551	1899	65.1000	27.7250
552	1906	46.0250	18.9250
553	1898	55.7000	23.8000
554	1902	58.8250	31.8250
555	1904	28.5750	19.4500
556	1899	65.0000	27.1000
557	1906	45.5750	18.9250
558	1898	56.0500	23.8000
559	1902	59.2750	31.9000
560	1904	28.9500	19.4500
561	1899	65.0000	26.6500
562	1906	45.0250	18.8250
563	1898	56.5000	23.8000
564	1902	59.6500	32.0000
565	1904	29.3000	19.5500
566	1899	65.0000	26.2250
567	1906	44.5750	18.8250
568	1898	56.9500	23.8500
569	1902	60.1000	32.1750
570	1904	29.6750	19.5500
571	1899	64.8750	25.7750
572	1906	44.1250	18.7250
573	1898	57.4000	23.7000
574	1902	60.5750	32.4500
575	1904	30.0500	19.6250
576	1899	64.7250	25.2750
577	1906	43.5750	18.7250
578	1898	57.9500	23.6000
579	1902	61.0250	32.8000
580	1904	30.4000	19.5500
581	1899	64.5500	24.8500
582	1906	43.1000	18.7250
583	1898	58.4000	23.6000
584	1902	61.3750	33.1500
585	1904	30.7750	19.5500
586	1899	64.2750	24.4000
587	1906	42.5500	18.7250
588	1898	58.8750	23.6000
589	1902	61.6750	33.5000
590	1904	31.2250	19.4500
591	1899	64.0000	23.8750
592	1906	42.1000	18.7250
593	1898	59.3500	23.7000
594	1902	62.0250	33.8500
595	1904	31.6000	19.4500
596	1899	63.8000	23.4250
597	1906	41.5500	18.7250
598	1898	59.8000	23.8000
599	1902	62.3000	34.3000
600	1904	31.9500	19.3750
601	1899	63.5500	23.0000
602	1906	41.1000	18.7250
603	1898	60.3500	23.8000
604	1902	62.6750	34.6500
605	1904	32.4250	19.3750
606	1899	63.3500	22.4500
607	1906	40.5500	18.7250
608	1898	60.9000	23.8000
609	1902	63.0250	35.0000
610	1904	32.7750	19.2750
611	1899	63.0250	22.0250
612	1906	40.1000	18.7250
613	1898	61.5250	23.8500
614	1902	63.3000	35.3500
615	1904	33.1500	19.2750
616	1899	62.6750	21.6250
617	1906	39.5500	18.7250
618	1898	62.1500	23.8500
619	1903	62.7000	41.7250
620	1902	63.6750	35.7000
621	1904	33.6000	19.2750
622	1899	62.3000	21.2750
623	1906	39.1000	18.6750
624	1898	62.5500	23.8500
625	1903	62.1250	41.5750
626	1902	63.9500	36.0500
627	1904	34.0750	19.2750
628	1899	61.9250	20.8750
629	1906	38.5500	18.6750
630	1898	63.1000	23.8500
631	1903	61.5750	41.5500
632	1902	64.3250	36.4000
633	1904	34.5250	19.3750
634	1899	61.6250	20.6000
635	1906	38.0750	18.6750
636	1898	63.6500	23.8500
637	1903	61.0250	41.5500
638	1902	64.6750	36.8500
639	1904	34.9750	19.4500
640	1899	61.2500	20.4250
641	1906	37.5250	18.6750
642	1898	64.1000	23.9500
643	1903	60.3000	41.5750
644	1902	64.7250	37.2000
645	1904	35.4250	19.5500
646	1899	60.7000	20.2500
647	1906	37.0000	18.6750
648	1898	64.5500	24.1500
649	1903	59.6500	41.6750
650	1902	64.8750	37.4750
651	1904	35.9000	19.6250
652	1899	60.2500	20.1500
653	1906	36.5250	18.7250
654	1898	64.9500	24.1500
655	1903	59.2000	41.6750
656	1902	64.8750	37.9250
657	1904	36.3500	19.7250
658	1899	59.8000	19.9750
659	1906	35.9750	18.7250
660	1898	65.2250	24.1500
661	1903	58.7250	41.6750
662	1902	64.9250	38.4500
663	1904	36.8000	19.6250
664	1899	59.2500	19.8000
665	1906	35.4250	18.7250
666	1903	58.2000	41.6250
667	1902	65.0000	38.8000
668	1904	37.3500	19.5500
669	1899	58.7750	19.6250
670	1906	34.9750	18.8250
671	1903	57.7750	41.6250
672	1902	65.1000	39.6750
673	1904	37.8000	19.4500
674	1899	58.3250	19.4500
675	1906	34.4250	18.8250
676	1903	57.4250	41.6250
677	1902	65.2250	40.2000
678	1904	38.3500	19.3750
679	1899	57.8750	19.2750
680	1906	33.9750	18.8250
681	1903	57.3750	41.5750
682	1902	65.2250	40.7500
683	1904	38.8250	19.2750
684	1899	57.4000	19.1000
685	1906	33.5250	18.8250
686	1903	57.3750	41.5750
687	1902	65.2250	41.2000
688	1904	39.3750	19.1750
689	1899	56.9500	18.9250
690	1906	33.0500	18.8250
691	1903	57.3750	41.5750
692	1904	39.8250	19.1750
693	1899	56.4000	18.7500
694	1906	32.6000	18.8250
695	1903	57.2750	41.5000
696	1904	40.1750	19.1750
697	1899	55.8500	18.5750
698	1906	32.0500	18.8250
699	1900	6.6000	22.4000
699	1901	37.2250	21.6500
699	1905	35.1500	18.8750
700	1903	57.1250	41.4000
701	1904	40.6000	19.1000
702	1899	55.4000	18.5750
703	1906	31.5500	18.8250
704	1900	8.3500	22.3250
704	1901	38.2750	22.2000
704	1905	34.6000	18.8750
705	1903	57.1250	41.4000
706	1904	41.0000	19.0250
707	1899	54.9500	18.6250
708	1906	31.0500	18.8250
709	1900	10.0500	22.3250
709	1901	39.3750	22.7250
709	1905	34.0500	18.8750
710	1903	57.1750	41.4000
711	1904	41.4250	18.9250
712	1899	54.4500	18.7000
713	1906	30.5500	18.9250
714	1900	11.8000	22.2500
714	1901	40.5500	23.0250
714	1905	33.6000	18.8750
715	1903	57.2000	41.4500
716	1904	41.8750	18.8250
717	1899	53.9500	18.7250
718	1906	30.0750	18.9250
719	1900	13.5500	22.2500
719	1901	42.0250	23.0250
719	1905	33.0500	18.8750
720	1903	57.2000	41.4500
721	1904	42.2750	18.7750
722	1899	53.4500	18.8250
723	1906	29.5250	18.9750
724	1900	15.3000	22.2500
724	1901	43.4750	23.0250
724	1905	32.5000	18.8750
725	1903	57.2500	41.5000
726	1904	42.6500	18.7000
727	1899	53.0000	18.8750
728	1906	29.0750	19.0250
729	1900	17.0000	22.1500
729	1901	44.8500	23.0250
729	1905	32.0500	18.8750
730	1903	57.2250	41.5250
731	1904	43.1250	18.6250
732	1899	52.5250	18.9250
733	1906	28.5750	19.0250
734	1900	18.7500	22.1500
734	1901	46.3000	23.0250
734	1905	31.5000	18.8750
735	1903	57.2750	41.5250
736	1904	43.5250	18.5250
737	1899	52.0000	19.0250
738	1906	28.1250	19.0750
739	1900	20.6000	22.1500
739	1901	47.7750	23.0250
739	1905	30.9500	18.9750
740	1903	57.2750	41.5250
741	1904	43.8750	18.4250
742	1899	51.5000	19.0500
743	1906	27.5750	19.1000
744	1900	22.3000	22.0500
744	1901	49.2250	23.0250
744	1905	30.5000	18.9750
745	1903	57.3250	41.6250
746	1904	44.3250	18.3500
747	1899	51.0000	19.1500
748	1906	27.1250	19.1250
749	1900	24.0500	22.0500
749	1901	50.6000	23.0250
749	1905	29.9500	18.9750
750	1903	57.3250	41.6250
751	1904	44.7750	18.2750
752	1899	50.5500	19.2000
753	1906	26.6250	19.1250
754	1900	25.8000	21.9750
754	1901	52.0750	23.0250
754	1905	29.4000	18.9750
755	1903	57.3250	41.6250
756	1904	45.2250	18.2750
757	1899	50.1000	19.2000
758	1906	26.1250	19.2250
759	1900	27.5500	21.9750
759	1901	53.5250	22.9750
759	1905	28.9500	18.9750
760	1903	57.3250	41.6250
761	1904	45.5750	18.1750
762	1899	49.5500	19.2000
763	1906	25.6250	19.2250
764	1900	29.2500	21.9750
764	1901	54.9000	22.7250
764	1905	28.4000	18.9750
765	1903	57.3250	41.6250
766	1904	46.0250	18.1750
767	1899	49.1000	19.1000
768	1906	25.1750	19.2250
769	1900	31.0000	21.9000
769	1901	56.3750	22.5500
769	1905	27.8500	18.9750
770	1903	57.3250	41.6250
771	1904	46.4750	18.1750
772	1899	48.6500	19.1000
773	1906	24.6750	19.3250
774	1900	32.7500	21.9000
774	1901	57.8250	22.3750
774	1905	27.4000	19.0500
775	1903	57.3250	41.6250
776	1904	46.9500	18.1750
777	1899	48.1000	19.0000
778	1906	24.1250	19.3250
779	1900	34.4750	21.9000
779	1901	59.2000	22.1000
779	1905	26.9500	19.0500
780	1903	57.3250	41.6250
781	1904	47.3250	18.1750
782	1899	47.6500	19.0000
783	1906	23.6750	19.3250
784	1900	36.1000	21.9000
784	1901	60.7500	22.0250
784	1905	26.4750	19.0500
785	1903	57.3250	41.6250
786	1904	47.7750	18.1750
787	1899	47.2000	18.9250
788	1906	23.2250	19.3250
789	1900	37.8500	21.8000
789	1901	62.6750	22.0250
789	1905	25.9500	19.0500
790	1903	57.3250	41.6250
791	1904	48.2250	18.0750
792	1899	46.7000	18.8500
793	1906	22.7750	19.3250
794	1900	39.6000	21.8000
794	1901	63.7500	22.0250
794	1905	25.4750	19.0500
795	1903	57.3250	41.6250
796	1904	48.6750	18.0750
797	1899	46.1500	18.8500
798	1906	22.2250	19.3250
799	1900	41.3500	21.8000
799	1905	25.0000	19.0500
800	1903	57.3250	41.6250
801	1904	49.0500	18.0750
802	1899	45.7000	18.7500
803	1906	21.7750	19.3250
804	1900	42.9500	21.8000
804	1905	24.5500	19.0500
805	1903	57.3250	41.6250
806	1904	49.5250	18.0750
807	1899	45.2500	18.7500
808	1906	21.3250	19.3250
809	1900	44.7000	21.7000
809	1905	24.0000	19.1500
810	1903	57.3250	41.6250
811	1904	49.9750	18.0750
812	1899	44.7000	18.6500
813	1906	20.8750	19.3250
814	1900	46.4500	21.7000
814	1905	23.5500	19.1500
815	1903	57.3250	41.6250
816	1904	50.4250	18.0750
817	1899	44.2500	18.6500
818	1906	20.3250	19.3250
819	1900	48.2000	21.7000
819	1905	23.1000	19.1500
820	1903	57.3250	41.6250
821	1904	50.7750	17.9750
822	1899	43.8000	18.5500
823	1906	19.8750	19.3250
824	1900	49.9000	21.7000
824	1905	22.6500	19.1500
825	1903	57.3250	41.6250
826	1904	51.2250	17.9750
827	1899	43.2500	18.5000
828	1906	19.3750	19.3250
829	1900	51.5500	21.6000
829	1905	22.2000	19.1500
830	1903	57.3250	41.6250
831	1904	51.7000	17.9750
832	1899	42.8000	18.5000
833	1906	18.9250	19.3250
834	1900	53.3000	21.6000
834	1905	21.6500	19.1500
835	1903	57.3250	41.6250
836	1904	52.1750	17.9750
837	1899	42.3500	18.4000
838	1906	18.4750	19.3250
839	1900	55.0500	21.6000
839	1905	21.1750	19.2250
840	1903	57.3250	41.6250
841	1904	52.6250	17.9750
842	1899	41.9000	18.4000
843	1906	17.9250	19.3250
844	1900	56.7500	21.6000
844	1905	20.7000	19.2250
845	1903	57.3250	41.6250
846	1904	52.9750	17.9750
847	1899	41.3500	18.3000
848	1906	17.4750	19.3250
849	1900	58.5000	21.6000
849	1905	20.2500	19.2250
850	1903	57.3250	41.6250
851	1904	53.4250	17.9250
852	1899	40.8500	18.3000
853	1906	17.0250	19.3250
854	1900	60.1500	21.7000
854	1905	19.7000	19.2250
855	1903	57.3250	41.6250
856	1904	53.8750	17.9250
857	1899	40.8500	17.8500
858	1906	16.5750	19.3250
859	1900	61.8000	21.9000
859	1905	19.2500	19.2250
860	1903	57.3250	41.6250
861	1904	54.3500	17.9250
862	1899	40.8500	17.5000
863	1906	16.0250	19.3250
864	1900	63.4500	21.9750
864	1905	18.8000	19.2250
865	1903	57.3250	41.6250
866	1904	54.7250	17.9250
867	1899	40.8500	17.5000
868	1906	15.5750	19.3250
869	1905	18.3500	19.2250
870	1903	57.3250	41.6250
871	1904	55.1750	17.9250
872	1899	40.8500	17.5000
873	1906	15.1000	19.3250
874	1905	17.8000	19.3250
875	1903	57.3250	41.6250
876	1904	55.6250	17.9250
877	1899	40.8500	17.5000
878	1906	14.6250	19.3250
879	1905	17.3500	19.3250
880	1903	57.3250	41.6250
881	1904	56.0750	17.8250
882	1899	40.8500	17.5000
883	1906	14.0750	19.3250
884	1905	16.9000	19.3250
885	1903	57.3250	41.6250
886	1904	56.4500	17.8250
887	1899	40.8500	17.5000
888	1906	13.6250	19.3250
889	1905	16.4250	19.3250
890	1903	57.3250	41.6250
891	1904	56.9250	17.8250
892	1899	40.8500	17.5000
893	1906	13.1750	19.3250
894	1905	15.8750	19.3250
895	1903	57.3250	41.6250
896	1904	57.3750	17.8250
897	1899	40.8500	17.5000
898	1906	12.7250	19.3250
899	1905	15.4000	19.3250
900	1903	57.3250	41.6250
901	1904	57.8250	17.8250
902	1899	40.8500	17.5000
903	1906	12.1750	19.3250
904	1905	14.9500	19.3250
905	1903	57.3250	41.6250
906	1904	58.2750	17.8250
907	1899	40.8500	17.5000
908	1906	11.7250	19.2750
909	1905	14.5000	19.4250
910	1903	57.3250	41.6250
911	1904	58.7250	17.6250
912	1899	40.8500	17.5000
913	1906	11.3250	19.2750
914	1905	14.0000	19.4500
915	1903	57.3250	41.6250
916	1904	59.2500	17.5250
917	1899	40.8500	17.5000
918	1906	10.8500	19.3250
919	1905	13.5500	19.4500
920	1903	57.3250	41.6250
921	1904	59.7500	17.3250
922	1906	10.4500	19.3750
923	1905	13.0500	19.5000
924	1904	60.2500	17.2000
925	1906	10.0250	19.4000
926	1905	12.5000	19.5500
927	1904	60.7500	17.0750
928	1906	9.5250	19.4000
929	1905	12.0500	19.6000
930	1904	61.2250	16.9000
931	1906	9.1000	19.4500
932	1905	11.5250	19.6000
933	1904	61.6750	16.7250
934	1906	8.6500	19.4000
935	1905	11.0750	19.6000
936	1904	62.1250	16.6250
937	1906	8.2000	19.3250
938	1905	10.7250	19.6000
939	1878	0.5250	22.8750
940	1904	62.5750	16.4500
941	1906	7.7500	19.2500
942	1905	10.2500	19.5000
943	1878	1.0000	22.6750
944	1904	63.0250	16.2750
945	1906	7.3000	19.2500
946	1905	9.8000	19.5000
947	1878	1.4500	22.5000
948	1904	63.4000	16.1000
949	1906	6.8250	19.1500
950	1905	9.3500	19.5000
951	1878	1.9000	22.3250
952	1904	63.7750	15.9250
953	1906	6.3750	19.1500
954	1905	8.8750	19.5000
955	1878	2.3500	22.1500
956	1904	64.1250	15.7000
957	1906	6.1000	19.2500
958	1905	8.5250	19.5000
959	1878	2.8500	22.0750
960	1904	64.5750	15.7000
961	1906	5.7500	19.3250
962	1905	8.0750	19.5000
963	1878	3.4000	21.9750
964	1906	5.2000	19.3250
965	1905	7.6000	19.6000
966	1878	3.9500	21.9750
967	1906	4.6500	19.3250
968	1905	7.1500	19.6000
969	1878	4.5000	21.8750
970	1907	0.9000	24.6250
971	1906	4.1000	19.3250
972	1905	6.7000	19.6750
973	1878	5.0500	21.8750
974	1907	2.0750	24.4500
975	1906	3.5500	19.4000
976	1905	6.1500	19.7500
976	1908	57.0000	40.9250
977	1878	5.6000	21.8750
978	1907	3.2750	24.2750
979	1906	2.9000	19.5000
980	1905	5.4250	19.7500
980	1908	57.0000	40.8250
981	1878	6.1500	21.7750
982	1907	4.4500	24.1750
983	1906	2.4500	19.6000
984	1905	4.8750	19.7500
984	1908	57.0750	40.8250
985	1878	6.7000	21.7750
986	1907	5.6500	24.0000
987	1906	2.0750	19.5000
988	1905	4.4500	19.7500
988	1908	57.1750	40.8000
989	1878	7.2500	21.7750
990	1907	6.8750	23.9000
991	1906	1.7000	19.4000
992	1905	4.0000	19.7500
992	1908	57.2750	40.8000
993	1878	7.8750	21.7250
994	1907	8.0500	23.7750
995	1906	1.4500	19.4000
996	1905	3.7250	19.8500
996	1908	57.3750	40.8000
997	1878	8.4250	21.6250
998	1907	9.3000	23.8250
999	1906	1.1500	19.6000
1000	1905	3.4000	19.9500
1000	1908	57.3750	40.8000
1001	1878	8.9750	21.5250
1002	1907	10.5750	23.9000
1003	1906	1.1500	19.6000
1004	1905	3.4000	19.9500
1004	1908	57.3750	40.8000
1005	1878	9.5250	21.4250
1006	1907	12.0250	24.0000
1007	1906	1.0250	19.6000
1008	1905	3.4000	19.9500
1008	1908	57.3750	40.8000
1009	1878	10.0750	21.3500
1010	1907	13.5000	24.1000
1011	1906	0.7750	19.6000
1012	1905	3.4000	19.9500
1012	1908	57.5500	40.7000
1013	1878	10.6250	21.1750
1014	1907	14.9750	24.1750
1015	1905	1.9500	19.8500
1015	1908	57.9250	40.7000
1016	1878	11.1750	21.0750
1017	1907	16.3250	24.1750
1018	1905	1.5000	19.6750
1018	1908	58.1750	40.7000
1019	1878	11.7000	21.0000
1020	1907	17.7000	24.1000
1021	1905	1.0750	19.6750
1021	1908	58.3750	40.7000
1022	1878	12.2500	20.9250
1023	1907	19.0750	24.0000
1024	1905	0.9500	19.6750
1024	1908	58.3750	40.8000
1025	1878	12.8000	20.7250
1026	1907	20.3500	23.9000
1027	1908	58.3750	40.9500
1028	1878	13.3500	20.6250
1029	1907	21.7250	23.7500
1030	1908	58.2750	41.0500
1031	1878	13.8250	20.4750
1032	1907	23.0000	23.6500
1033	1908	58.2750	41.1500
1034	1878	14.3500	20.3750
1035	1907	24.2750	23.6500
1036	1908	58.2750	41.3000
1037	1878	14.9000	20.2250
1038	1907	25.5750	23.5500
1039	1908	58.2750	41.4500
1040	1878	15.4500	20.1250
1041	1907	26.7500	23.5500
1042	1908	58.4750	41.5750
1043	1878	16.0000	20.0250
1044	1907	28.0250	23.4750
1045	1908	58.6250	41.7750
1046	1878	16.5500	20.0250
1047	1907	29.3000	23.4750
1048	1908	59.0250	41.7750
1049	1878	17.1000	19.9250
1050	1907	30.6000	23.4000
1051	1908	59.4750	41.8000
1052	1878	17.6500	19.8500
1053	1907	31.7750	23.4000
1054	1908	59.9250	41.8000
1055	1878	18.1000	19.7750
1056	1907	33.0500	23.3000
1057	1908	60.8250	41.9000
1058	1878	18.5250	19.6750
1059	1907	34.2500	23.3000
1060	1878	18.9750	19.6750
1061	1907	35.1500	23.4750
1062	1878	19.4750	19.5750
1063	1878	19.9500	19.5750
1064	1878	20.4000	19.5500
1065	1878	20.9000	19.4500
1066	1878	21.3750	19.4500
1067	1878	21.8250	19.3750
1068	1878	22.2750	19.3750
1069	1878	22.8250	19.3750
1070	1878	23.2750	19.3750
1071	1878	23.8250	19.3750
1072	1878	24.2750	19.3750
1073	1878	24.8250	19.2750
1074	1878	25.3750	19.2750
1075	1878	25.9250	19.2750
1076	1878	26.4750	19.1750
1077	1878	27.1250	19.1750
1078	1878	27.6750	19.1750
1079	1878	28.2250	19.1000
1080	1878	28.7750	19.1000
1081	1878	29.3250	19.1000
1082	1878	29.8750	19.1000
1083	1878	30.3250	19.1000
1084	1878	30.8750	19.1750
1085	1878	31.4250	19.1750
1086	1878	31.8750	19.2750
1087	1877	1.0500	23.4250
1087	1881	1.2750	21.9250
1088	1878	32.4250	19.2750
1089	1877	1.2000	23.4250
1089	1881	1.3500	22.0250
1090	1878	32.9750	19.2750
1091	1877	1.5000	23.5250
1091	1881	1.5250	22.2000
1092	1878	33.5250	19.2750
1093	1877	1.7500	23.6000
1093	1881	1.7250	22.2750
1094	1878	34.0750	19.1750
1095	1877	2.0500	23.7000
1095	1881	2.0250	22.4500
1096	1878	34.6250	19.1750
1097	1877	2.4000	23.7750
1097	1881	2.4750	22.7250
1098	1878	35.1750	19.1750
1099	1877	2.7500	23.8750
1099	1881	2.8750	22.9000
1100	1878	35.8000	19.1000
1101	1877	2.8500	23.8750
1101	1881	3.4250	22.9750
1102	1878	36.3500	19.1000
1103	1877	2.9500	23.8750
1103	1881	3.8750	23.0750
1104	1878	36.9000	19.0250
1105	1877	3.0500	23.8750
1105	1881	4.4250	23.1750
1106	1878	37.4250	19.0250
1107	1877	3.2000	23.8750
1107	1881	4.9750	23.3250
1108	1878	37.9750	19.0250
1109	1877	3.8500	23.8750
1109	1881	5.5250	23.3250
1110	1878	38.4500	19.0250
1111	1877	4.4000	23.8750
1111	1881	6.0750	23.4250
1112	1878	39.0000	19.0250
1113	1877	4.7000	23.8750
1113	1881	6.3250	23.4250
1114	1878	39.4750	19.0250
1115	1877	4.9500	23.8750
1115	1881	6.6250	23.3250
1116	1876	7.9250	23.8750
1117	1878	40.0000	19.0250
1118	1877	5.4000	23.8250
1118	1881	7.1000	23.2750
1119	1876	8.3750	23.8750
1120	1878	40.5250	18.9750
1121	1877	5.8500	23.8250
1121	1881	7.6500	23.2000
1122	1876	8.8500	23.8750
1123	1878	41.0250	18.9250
1124	1877	6.3500	23.7750
1124	1881	8.1500	23.2000
1125	1876	9.3000	23.9500
1126	1878	41.5500	18.8250
1127	1877	6.7500	23.7750
1127	1881	8.7000	23.1500
1128	1876	9.7500	23.9500
1129	1878	42.0500	18.8000
1130	1877	7.2000	23.7250
1130	1881	9.1750	23.1250
1131	1876	10.2000	24.0500
1132	1878	42.5500	18.7500
1133	1877	7.6500	23.7250
1133	1881	9.6500	23.1250
1134	1876	10.6750	24.0500
1135	1878	43.0500	18.7000
1136	1877	8.1000	23.7000
1136	1881	10.2000	23.0750
1137	1876	11.2250	24.1250
1138	1878	43.6000	18.7000
1139	1877	8.5500	23.7500
1139	1881	10.7000	23.0250
1140	1876	11.6750	24.1250
1141	1878	44.1500	18.7000
1142	1877	8.9750	23.7000
1142	1881	11.2500	23.0750
1143	1876	12.1250	24.1250
1144	1878	44.6000	18.7000
1145	1877	9.4250	23.7000
1145	1881	11.7250	23.0750
1146	1876	12.6000	24.1250
1147	1878	45.1500	18.7000
1148	1877	9.9000	23.6500
1148	1881	12.1750	23.0750
1149	1876	12.9500	24.1250
1150	1878	45.7000	18.7000
1151	1877	10.3500	23.6500
1151	1881	12.7250	23.0750
1152	1876	13.4000	24.1250
1153	1878	46.3500	18.7000
1154	1877	10.8000	23.6000
1154	1881	13.1750	23.0750
1155	1876	13.8750	24.1250
1156	1878	46.9000	18.7000
1157	1877	11.2250	23.6000
1157	1881	13.7250	23.0750
1158	1876	14.3250	24.1250
1159	1878	47.5500	18.7000
1160	1877	11.6750	23.6500
1160	1881	14.2000	23.0750
1161	1876	14.8750	24.2250
1162	1878	48.2000	18.7000
1163	1877	12.2250	23.6500
1163	1881	14.6500	23.1750
1164	1876	15.4250	24.3000
1165	1878	48.7500	18.6000
1166	1877	12.6750	23.6500
1166	1881	15.1000	23.1750
1167	1876	15.9750	24.4000
1168	1878	49.3000	18.6000
1169	1877	13.1250	23.6500
1169	1881	15.6500	23.1750
1170	1876	16.4250	24.4000
1171	1878	49.8500	18.6000
1172	1877	13.6000	23.6500
1172	1881	16.1000	23.1750
1173	1876	16.8750	24.4000
1174	1878	50.3000	18.6000
1175	1877	14.0500	23.6500
1175	1881	16.5500	23.1750
1176	1876	17.3500	24.3000
1177	1878	50.8500	18.6000
1178	1877	14.5000	23.6500
1178	1881	17.0250	23.1750
1179	1876	17.8000	24.3000
1180	1878	51.4000	18.5250
1181	1877	14.9750	23.6500
1181	1881	17.4750	23.1750
1182	1876	18.2500	24.3000
1183	1878	51.9500	18.5250
1184	1884	57.7250	1.9500
1185	1877	15.4250	23.6500
1185	1881	18.0250	23.1750
1186	1876	18.7000	24.2250
1187	1878	52.5000	18.5250
1188	1884	58.0000	1.9500
1189	1877	15.7750	23.6500
1189	1881	18.4750	23.1750
1190	1876	19.1750	24.2250
1191	1878	52.9500	18.5250
1192	1884	58.2750	1.9500
1193	1877	16.2500	23.6500
1193	1881	19.0250	23.1750
1194	1876	19.6250	24.1250
1195	1878	53.5000	18.5250
1196	1884	58.5500	1.9500
1197	1877	16.7000	23.8250
1197	1881	19.5000	23.1750
1198	1876	20.0750	24.1250
1199	1878	54.0500	18.5250
1200	1884	59.2750	1.8750
1201	1877	17.2500	23.8250
1201	1881	20.0500	23.1750
1202	1876	20.5500	24.0500
1203	1878	54.6000	18.5250
1204	1884	60.2000	1.8000
1205	1877	17.8000	23.8250
1205	1881	20.5000	23.1750
1206	1876	21.0000	24.0500
1207	1878	55.1500	18.5250
1208	1884	60.5750	1.8000
1209	1877	18.3500	23.9250
1209	1881	20.9500	23.1750
1210	1876	21.4500	24.0500
1211	1878	55.7000	18.6000
1212	1884	61.0250	1.8000
1213	1877	18.9000	24.0000
1213	1881	21.5000	23.1750
1214	1876	22.0000	24.0500
1215	1878	56.2250	18.6000
1216	1884	61.3750	1.8000
1217	1877	19.4500	24.0750
1217	1881	21.9500	23.1750
1218	1876	22.4500	23.9500
1219	1878	56.7500	18.7000
1220	1884	61.8500	1.8000
1221	1877	19.9000	24.1750
1221	1881	22.4000	23.1750
1222	1876	22.9000	23.8750
1223	1878	57.3000	18.7000
1224	1884	62.3000	1.8000
1225	1877	20.4500	24.1750
1225	1881	22.9500	23.0750
1226	1876	23.4500	23.8750
1227	1878	57.8000	18.8000
1228	1884	62.6750	1.8750
1229	1877	21.0000	24.2750
1229	1881	23.4000	23.0750
1230	1876	23.9250	23.7750
1231	1878	58.3500	18.8000
1232	1884	63.1250	2.0500
1233	1877	21.5500	24.3500
1233	1881	23.9500	22.9750
1234	1876	24.3750	23.7750
1235	1878	58.8750	18.8750
1236	1884	63.5750	2.3000
1237	1877	22.1000	24.3500
1237	1881	24.4250	22.9750
1238	1876	24.9250	23.7000
1239	1878	59.3500	18.8750
1240	1884	64.1250	2.6750
1241	1877	22.4500	24.2750
1241	1881	24.9750	22.9000
1242	1876	25.3750	23.7000
1243	1878	59.8000	18.8750
1244	1884	64.3250	3.2000
1245	1877	22.8250	24.2750
1245	1881	25.4250	22.9000
1246	1876	25.8500	23.6000
1247	1878	60.2500	18.8000
1248	1884	64.4000	3.7250
1249	1877	23.1750	24.1750
1249	1881	25.9750	22.8000
1250	1876	26.4000	23.6000
1251	1878	60.8000	18.8000
1252	1884	64.5000	4.2500
1253	1877	23.5500	24.0750
1253	1881	26.4250	22.8000
1254	1876	26.8500	23.5250
1255	1878	61.4500	18.8000
1256	1884	64.5750	4.8750
1257	1877	23.9250	24.0000
1257	1881	26.9000	22.8000
1258	1876	27.3000	23.4250
1259	1878	62.0000	18.7000
1260	1884	64.5750	5.6000
1261	1877	24.2750	23.9250
1261	1881	27.4500	22.7250
1262	1876	27.8500	23.4250
1263	1878	62.6500	18.5250
1264	1884	64.5750	6.1000
1265	1877	24.6500	23.8250
1265	1881	28.0000	22.7250
1266	1876	28.3000	23.3500
1267	1878	63.1750	18.4500
1268	1884	64.5750	6.7000
1269	1877	25.0250	23.7250
1269	1881	28.5500	22.7250
1270	1876	28.8500	23.3500
1271	1878	63.7250	18.3000
1272	1884	64.6250	7.2000
1273	1881	29.0750	22.6750
1274	1878	64.3000	18.2750
1275	1884	64.6250	7.8000
1276	1881	29.5750	22.6750
1277	1878	64.8500	18.1750
1278	1884	64.6750	8.3500
1279	1881	30.1000	22.6750
1280	1884	64.6750	8.9000
1281	1881	30.6500	22.6250
1282	1884	64.7250	9.4750
1283	1881	31.2000	22.6250
1284	1884	64.7250	10.0000
1285	1881	31.7500	22.6250
1286	1884	64.8250	10.5750
1287	1881	32.2750	22.6250
1288	1884	64.8250	11.1000
1289	1881	32.8250	22.5750
1290	1884	64.8250	11.6500
1291	1881	33.3750	22.5750
1292	1884	64.8750	12.2250
1293	1881	33.8750	22.5750
1294	1884	64.8750	12.7250
1295	1881	34.4250	22.5500
1296	1884	64.9000	13.3500
1297	1879	1.9750	22.1750
1298	1881	34.9750	22.5500
1299	1880	33.7000	24.1750
1300	1884	64.9000	13.8750
1301	1879	2.4250	22.1250
1302	1881	35.5250	22.5500
1303	1880	34.0750	24.1000
1304	1884	64.9500	14.4250
1305	1879	2.9750	22.0250
1306	1881	36.0250	22.5000
1307	1880	34.5250	24.1000
1308	1884	64.9500	14.9750
1309	1879	3.5250	21.9750
1310	1881	36.5750	22.5000
1311	1880	34.9750	24.1000
1312	1884	64.9500	15.4250
1313	1879	4.0750	21.9250
1314	1881	37.1250	22.5000
1315	1880	35.4250	24.0000
1316	1884	64.9500	15.7750
1317	1879	4.5250	21.8750
1318	1881	37.6750	22.4500
1319	1880	35.9000	24.0000
1320	1884	64.9500	16.0500
1321	1879	5.0750	21.7750
1322	1881	38.1750	22.4500
1323	1880	36.3500	24.0000
1324	1884	64.9500	16.4250
1325	1879	5.6250	21.7500
1326	1881	38.7250	22.4500
1327	1880	36.8000	23.9000
1328	1884	64.9500	16.6750
1329	1879	6.1750	21.7250
1330	1881	39.2750	22.4000
1331	1880	37.2750	23.9000
1332	1884	64.9500	17.0250
1333	1879	6.6250	21.5250
1334	1881	39.8250	22.4000
1335	1880	37.7250	23.9000
1336	1884	64.8500	17.3750
1337	1879	7.1250	21.3500
1338	1881	40.3750	22.4000
1339	1880	38.1750	23.9000
1340	1884	64.8500	17.6250
1341	1879	7.5750	21.0750
1342	1881	40.9250	22.3750
1343	1880	38.5500	23.8250
1344	1884	64.8500	17.9750
1345	1879	8.0250	20.9250
1346	1881	41.4250	22.3750
1347	1880	39.0000	23.8250
1348	1884	64.8500	18.2750
1349	1879	8.4750	20.7250
1350	1881	41.9250	22.3750
1351	1880	39.4500	23.8250
1352	1884	64.8500	18.6250
1353	1879	8.9250	20.4750
1354	1881	42.4750	22.3250
1355	1880	39.9250	23.7500
1356	1879	9.3750	20.2750
1357	1881	43.0250	22.3250
1358	1880	40.3750	23.7500
1359	1879	9.8250	20.0250
1360	1881	43.5750	22.3250
1361	1880	40.8250	23.7500
1362	1879	10.2250	19.8500
1363	1881	44.0250	22.3250
1364	1880	41.2750	23.6500
1365	1879	10.6750	19.6750
1366	1881	44.4000	22.3250
1367	1880	41.7500	23.6500
1368	1879	11.1250	19.4250
1369	1881	44.7500	22.3250
1370	1880	42.2000	23.6500
1371	1879	11.6750	19.4250
1372	1881	45.1250	22.4250
1373	1880	42.6500	23.6500
1374	1879	12.1250	19.3250
1375	1881	45.4750	22.4250
1376	1880	43.3000	23.6500
1377	1879	12.5750	19.3250
1378	1881	45.8500	22.4250
1379	1880	43.9250	23.6500
1380	1879	13.0250	19.2250
1381	1881	46.2250	22.5000
1382	1880	44.5750	23.6500
1383	1879	13.5750	19.2250
1384	1881	46.5000	22.5000
1385	1880	45.2250	23.6500
1386	1879	14.0500	19.1250
1387	1881	46.8500	22.5750
1388	1880	45.8500	23.6500
1389	1879	14.5250	19.0750
1390	1881	47.2250	22.5750
1391	1880	46.5000	23.6500
1392	1879	15.0750	19.0750
1393	1881	47.6000	22.5750
1394	1880	47.1250	23.6500
1395	1879	15.5250	18.9750
1396	1881	48.0500	22.5750
1397	1880	47.6000	23.5500
1398	1879	15.9750	18.9750
1399	1881	48.5000	22.5500
1400	1880	48.0500	23.5500
1401	1879	16.4250	18.9750
1402	1881	49.0500	22.5000
1403	1880	48.5500	23.5000
1404	1881	49.5000	22.4000
1405	1880	49.0000	23.5000
1406	1881	50.0500	22.3500
1407	1880	49.5250	23.4750
1408	1881	50.6000	22.3250
1409	1880	50.0250	23.4750
1410	1881	51.0500	22.2500
1411	1880	50.5250	23.4750
1412	1881	51.6000	22.2000
1413	1880	50.9500	23.4250
1414	1881	52.0750	22.1500
1415	1880	51.4500	23.4250
1416	1881	52.6250	22.0750
1417	1880	51.9250	23.3750
1418	1881	53.0750	22.0750
1419	1880	52.4250	23.3750
1420	1881	53.5250	22.0750
1421	1880	52.8750	23.3750
1422	1881	53.9750	22.0750
1423	1880	53.4250	23.3750
1424	1881	54.4500	22.0750
1425	1880	53.8750	23.3750
1426	1881	54.9000	21.9750
1427	1880	54.4250	23.3750
1428	1881	55.3500	21.9750
1429	1880	54.9000	23.3750
1430	1881	55.8250	21.9750
1431	1880	55.3750	23.3750
1432	1881	56.2750	21.9750
1433	1880	55.9250	23.3750
1434	1881	56.7250	21.9750
1435	1880	56.3750	23.3750
1436	1881	57.1750	22.0750
1437	1880	56.9250	23.4750
1438	1881	57.6500	22.1500
1439	1883	53.3000	23.5500
1440	1880	57.3750	23.4750
1441	1881	58.1000	22.2250
1442	1883	53.6750	23.5500
1443	1880	57.9250	23.5750
1444	1881	58.6500	22.4250
1445	1883	54.1250	23.5500
1446	1880	58.4750	23.5750
1447	1881	59.1000	22.5000
1448	1883	54.4750	23.5500
1449	1880	58.8250	23.6500
1450	1881	59.5500	22.5000
1451	1883	54.9500	23.5500
1452	1880	59.2750	23.6500
1453	1881	60.0250	22.5000
1454	1883	55.4000	23.5500
1455	1880	59.6500	23.7250
1456	1881	60.4750	22.5000
1457	1883	55.7750	23.5500
1458	1880	60.0250	23.7250
1459	1881	60.9250	22.5750
1460	1883	56.2750	23.5500
1461	1880	60.4750	23.8250
1462	1884	64.4750	19.0500
1463	1881	61.4000	22.5750
1464	1883	56.7750	23.5500
1465	1880	60.8250	23.8250
1466	1884	63.8750	18.9750
1467	1881	61.8500	22.5750
1468	1883	57.2750	23.5500
1469	1880	61.2750	23.9250
1470	1884	63.3250	18.9750
1471	1881	62.3000	22.6750
1472	1883	57.8250	23.5500
1473	1880	61.7750	23.8250
1474	1884	62.7750	18.8750
1475	1881	62.6750	22.7750
1476	1883	58.3750	23.5500
1477	1880	62.2250	23.8250
1478	1884	62.1250	18.8000
1479	1881	63.1250	22.7750
1480	1883	58.9250	23.6500
1481	1880	62.6750	23.7250
1482	1884	61.5750	18.8000
1483	1881	63.5000	22.8500
1484	1883	59.4750	23.6500
1485	1880	63.1250	23.7250
1486	1884	60.9250	18.8000
1487	1881	63.9000	22.9250
1488	1883	59.9250	23.7500
1489	1880	63.5750	23.9250
1490	1884	60.3750	18.8000
1491	1881	64.3500	23.0250
1492	1883	60.3750	23.7500
1493	1880	63.9250	24.0750
1494	1884	59.7250	18.8000
1495	1881	64.6250	23.0250
1496	1883	60.7500	23.8250
1497	1880	64.4250	24.0750
1498	1884	59.1250	18.8000
1499	1883	61.1250	23.8250
1500	1880	64.7750	24.0750
1501	1884	58.5750	18.8750
1502	1883	61.6750	23.8250
1503	1884	57.9250	18.8750
1504	1883	62.1250	23.8250
1505	1884	57.3750	18.8750
1506	1883	62.5750	23.8250
1507	1884	56.8250	18.8750
1508	1885	20.1250	21.5250
1509	1883	63.0250	23.7750
1510	1884	56.1750	18.8750
1511	1885	20.5750	21.4500
1512	1883	63.4750	23.7250
1513	1884	55.5250	18.8750
1514	1885	21.1250	21.4500
1515	1883	63.9000	23.6750
1516	1884	54.9000	18.9250
1517	1885	21.5750	21.4500
1518	1883	64.2750	23.6500
1519	1884	54.2500	18.9250
1520	1885	22.1250	21.3500
1521	1883	64.7250	23.6000
1522	1884	53.6250	18.9750
1523	1885	22.5750	21.3500
1524	1884	52.9750	19.0250
1525	1885	23.1250	21.3500
1526	1884	52.3500	19.0250
1527	1885	23.5750	21.3500
1528	1884	51.7000	19.0750
1529	1885	24.1250	21.2500
1530	1884	51.0500	19.1000
1531	1885	24.6250	21.2500
1532	1884	50.4250	19.1000
1533	1885	25.1750	21.2500
1534	1884	49.8000	19.1250
1535	1885	25.7250	21.2500
1536	1884	49.1500	19.1250
1537	1885	26.1750	21.1750
1538	1884	48.5000	19.1750
1539	1885	26.7250	21.1750
1540	1884	47.8500	19.2250
1541	1885	27.1750	21.1750
1542	1884	47.2250	19.2750
1543	1885	27.7250	21.1000
1544	1884	46.6000	19.2750
1545	1885	28.1750	21.1000
1546	1884	45.9500	19.2750
1547	1885	28.7250	21.1000
1548	1884	45.3500	19.3750
1549	1885	29.1750	21.1000
1550	1884	44.7000	19.3750
1551	1885	29.7250	21.0000
1552	1884	44.0750	19.3750
1553	1885	30.2750	21.0000
1554	1884	43.5250	19.3750
1555	1885	30.7250	21.0000
1556	1884	42.8750	19.3750
1557	1885	31.2750	21.0000
1558	1884	42.2500	19.3750
1559	1885	31.7250	20.9000
1560	1884	41.7000	19.3750
1561	1885	32.2750	20.9000
1562	1884	41.0500	19.3750
1563	1885	32.7250	20.9000
1564	1884	40.4000	19.3750
1565	1885	33.2750	20.8250
1566	1884	39.8500	19.3750
1567	1885	33.7250	20.8250
1568	1884	39.2250	19.3750
1569	1885	34.2750	20.8250
1570	1884	38.6000	19.3750
1571	1885	34.7250	20.7500
1572	1884	38.0500	19.3750
1573	1885	35.2750	20.7500
1574	1884	37.4000	19.3750
1575	1885	35.7750	20.6500
1576	1884	36.7500	19.3750
1577	1885	36.3250	20.6500
1578	1884	36.2000	19.3750
1579	1885	36.7750	20.5500
1580	1884	35.5750	19.3750
1581	1885	37.3250	20.5500
1582	1884	34.9250	19.3750
1583	1885	37.7750	20.4500
1584	1884	34.4000	19.3750
1585	1885	38.3250	20.4500
1586	1884	33.7500	19.3750
1587	1885	38.7750	20.4500
1588	1884	33.1000	19.3750
1589	1885	39.2250	20.4000
1590	1884	32.5500	19.3750
1591	1885	39.7750	20.4000
1592	1884	31.9000	19.3750
1593	1885	40.2250	20.3000
1594	1884	31.2750	19.3750
1595	1885	40.7750	20.3000
1596	1884	30.7250	19.3750
1597	1885	41.2250	20.3000
1598	1884	30.1750	19.3750
1599	1885	41.7250	20.3000
1600	1884	29.6250	19.3250
1601	1885	42.2000	20.4000
1602	1884	29.0750	19.2750
1603	1885	42.7000	20.4250
1604	1884	28.5500	19.2750
1605	1885	43.1500	20.4500
1606	1884	28.0250	19.2500
1607	1885	43.6500	20.5000
1608	1884	27.4750	19.2000
1609	1885	44.2000	20.6000
1610	1884	26.9250	19.2000
1611	1885	44.6750	20.5000
1612	1884	26.3000	19.2000
1613	1885	45.2000	20.5000
1614	1884	25.5750	19.3000
1615	1885	45.6750	20.4250
1616	1884	24.9250	19.3000
1617	1885	46.2250	20.4250
1618	1884	24.2750	19.3500
1619	1885	46.7750	20.3500
1620	1884	23.6500	19.3500
1621	1885	47.2250	20.3500
1622	1884	23.0000	19.4500
1623	1885	47.7750	20.2500
1624	1884	22.3750	19.4500
1625	1885	48.3250	20.2500
1626	1884	21.7250	19.5500
1627	1885	48.7750	20.1500
1628	1884	21.1750	19.5500
1629	1885	49.3250	20.1500
1630	1884	20.5500	19.5500
1631	1885	49.8750	20.1500
1632	1884	20.0000	19.5500
1633	1885	50.4250	20.2500
1634	1884	19.3500	19.5500
1635	1885	51.0500	20.2500
1636	1884	18.8000	19.5500
1637	1885	51.7000	20.3500
1638	1884	18.2500	19.5500
1639	1885	52.3500	20.4250
1640	1884	17.6250	19.5500
1641	1885	52.9000	20.5000
1642	1884	17.0750	19.5500
1643	1885	53.5250	20.5000
1644	1884	16.4250	19.5500
1645	1885	54.0750	20.5000
1646	1884	15.8750	19.5500
1647	1885	54.6250	20.5000
1648	1884	15.2500	19.6500
1649	1885	55.1750	20.4250
1650	1884	14.7000	19.6500
1651	1885	55.6250	20.4250
1652	1884	14.1500	19.7000
1653	1885	56.1750	20.3500
1654	1884	13.6000	19.7000
1655	1885	56.7250	20.3500
1656	1884	13.0500	19.8000
1657	1885	57.2750	20.3500
1658	1884	12.5000	19.8000
1659	1885	57.8250	20.2500
1660	1884	11.9500	19.8000
1661	1885	58.2750	20.1500
1662	1884	11.3000	19.9000
1663	1885	58.7500	20.1500
1664	1884	10.7500	20.0000
1665	1885	59.2750	20.0500
1666	1884	10.2000	20.0000
1667	1885	59.7500	20.0000
1668	1884	9.6500	20.0500
1669	1885	60.2000	20.0000
1670	1884	9.0250	20.1500
1671	1885	60.6500	19.9000
1672	1884	8.4750	20.2500
1673	1885	61.1250	19.8000
1674	1884	7.9250	20.2500
1675	1885	61.5750	19.7000
1676	1884	7.3750	20.2500
1677	1885	62.0250	19.6500
1678	1884	6.8250	20.1500
1679	1885	62.4750	19.6500
1680	1884	6.2750	20.1500
1681	1885	63.3250	19.5000
1682	1884	5.6500	20.1500
1683	1884	5.0000	20.1500
1684	1886	64.0000	2.3500
1685	1886	63.9000	2.7500
1686	1886	63.9000	3.2000
1687	1886	63.9000	3.6500
1688	1886	63.9000	4.1000
1689	1886	63.9000	4.5250
1690	1886	63.9000	4.9500
1691	1886	63.8000	5.2750
1692	1886	63.7250	5.5000
1693	1886	63.6250	5.7750
1694	1886	63.6250	6.3000
1695	1888	1.4250	19.9250
1696	1886	63.6250	6.9250
1696	1887	64.4750	40.8750
1697	1888	2.3500	20.2000
1698	1886	63.6250	7.4250
1698	1887	63.9250	41.0000
1699	1888	3.2750	20.4750
1700	1886	63.5500	7.9750
1700	1887	63.4750	41.2000
1701	1888	3.5250	20.2750
1702	1886	63.4500	8.5000
1702	1887	62.8500	41.2750
1703	1888	3.9250	20.2000
1704	1886	63.3500	8.9500
1704	1887	62.2250	41.3250
1705	1888	4.1750	20.1250
1706	1886	63.1750	9.3000
1706	1887	61.6750	41.3250
1707	1888	4.5250	19.9250
1708	1886	63.0000	9.5750
1708	1887	61.1250	41.3250
1709	1888	5.0750	19.9250
1710	1886	62.7000	9.9250
1710	1887	60.5750	41.3250
1711	1888	5.5500	19.8500
1712	1886	62.3500	9.9250
1712	1887	60.0250	41.3250
1713	1888	6.0250	19.8500
1714	1886	61.9000	10.0000
1714	1887	59.5750	41.3750
1715	1888	6.2750	19.8500
1716	1886	61.5250	10.1750
1716	1887	59.1750	41.3750
1717	1888	6.6500	19.8500
1718	1886	61.1500	10.3500
1718	1887	58.7250	41.4000
1719	1888	7.0250	19.7750
1720	1886	60.8000	10.6250
1720	1887	58.3750	41.4000
1721	1888	7.5750	19.7750
1722	1886	60.3500	10.6250
1722	1887	57.8250	41.4000
1723	1888	8.0250	19.7750
1724	1886	59.8750	10.6250
1724	1887	57.2750	41.4500
1725	1888	8.5750	19.6750
1726	1886	59.5000	10.7000
1726	1887	57.0000	41.4000
1727	1888	9.1250	19.6750
1728	1886	58.9750	10.7000
1728	1887	57.0000	41.3000
1729	1888	9.5750	19.6750
1730	1886	58.4250	10.7000
1730	1887	56.9250	41.3000
1731	1888	10.0250	19.6750
1732	1886	58.0500	10.5250
1732	1887	56.8250	41.2250
1733	1888	10.4750	19.6750
1734	1886	57.7750	10.4500
1734	1887	56.8250	41.1500
1735	1888	10.9250	19.6750
1736	1886	57.3250	10.3500
1736	1887	56.6250	41.1500
1737	1888	11.4000	19.6750
1738	1886	56.9500	10.2750
1738	1887	56.1750	41.1500
1739	1888	11.9500	19.5750
1740	1886	56.7750	10.2750
1740	1887	55.9250	41.1500
1741	1888	12.4000	19.5750
1742	1886	55.9500	10.3500
1742	1887	55.9250	41.1500
1743	1888	12.9500	19.5750
1744	1886	55.9500	10.4500
1744	1887	55.6250	40.9500
1745	1888	13.4250	19.5750
1746	1886	55.9500	10.4500
1746	1887	55.5250	40.9500
1747	1888	13.9750	19.5750
1748	1886	55.9500	10.4500
1748	1887	55.5250	40.9500
1749	1888	14.4250	19.5000
1750	1886	55.9500	10.4500
1750	1887	55.5250	40.9500
1751	1888	14.8750	19.5000
1752	1886	55.9500	10.4500
1752	1887	55.5250	40.9500
1753	1888	15.3250	19.5000
1754	1886	55.9500	10.4500
1754	1887	55.5250	40.9500
1755	1888	15.8750	19.5000
1756	1886	55.9500	10.4500
1756	1887	55.5250	40.9500
1757	1888	16.4250	19.5000
1758	1886	55.9500	10.4500
1758	1887	55.5250	40.9500
1759	1888	16.9750	19.5000
1760	1886	55.9500	10.4500
1760	1887	55.5250	40.9500
1761	1888	17.4250	19.4250
1762	1886	55.9500	10.4500
1762	1887	55.5250	40.9500
1763	1888	17.9750	19.3250
1764	1886	55.9500	10.4500
1764	1887	55.5250	40.9500
1765	1888	18.5250	19.2250
1766	1889	41.0500	17.5500
1767	1886	55.9500	10.4500
1767	1887	55.5250	40.9500
1768	1888	18.8750	19.2250
1769	1889	41.4250	18.3500
1770	1886	55.9500	10.4500
1770	1887	55.5250	40.9500
1771	1888	19.3500	19.2250
1772	1889	41.7750	18.8750
1773	1886	55.9500	10.4500
1773	1887	55.5250	40.9500
1774	1888	19.8250	19.1750
1775	1889	42.1000	19.1500
1776	1886	55.9500	10.4500
1776	1887	55.5250	40.9500
1777	1888	20.3250	19.1500
1778	1889	42.3500	19.4250
1779	1886	55.9500	10.4500
1779	1887	55.5250	40.9500
1780	1888	20.8250	19.1500
1781	1889	42.6000	19.6750
1782	1888	21.3250	19.1000
1783	1889	42.8250	19.9750
1784	1888	21.8250	19.1000
1785	1889	43.0500	20.2500
1786	1888	22.3250	19.0500
1787	1889	43.4500	20.5750
1788	1888	22.8250	19.0750
1789	1889	44.0000	20.7250
1790	1888	23.3250	19.0250
1791	1889	44.6000	20.9250
1792	1888	23.8250	19.0000
1793	1889	45.1500	21.1750
1794	1888	24.3250	19.0500
1795	1889	45.7000	21.3500
1796	1888	24.7750	19.0500
1797	1889	46.1000	21.6250
1798	1888	25.2500	19.0500
1799	1889	46.4500	21.8750
1800	1888	25.7000	19.0500
1801	1889	46.9000	22.1500
1802	1888	26.1500	19.0500
1803	1889	47.2500	22.3250
1804	1888	26.5250	19.0500
1805	1889	47.7500	22.5750
1806	1888	26.9750	19.0500
1807	1889	48.2500	22.7750
1808	1888	27.4250	19.0500
1809	1889	48.8000	22.9250
1810	1888	27.9000	19.0500
1811	1889	49.3500	23.0250
1812	1888	28.3500	19.0500
1813	1889	49.9000	23.2250
1814	1888	28.8000	19.1500
1815	1889	50.5500	23.3750
1816	1888	29.2750	19.1500
1817	1889	51.1000	23.5750
1818	1888	29.7250	19.2500
1819	1889	51.6500	23.7250
1820	1888	30.1750	19.2500
1821	1889	52.2000	23.8250
1822	1888	30.6250	19.2500
1823	1889	52.7500	24.0000
1824	1888	31.1000	19.3000
1825	1889	53.3000	24.1750
1826	1888	31.6250	19.3000
1827	1889	53.8500	24.4250
1828	1888	32.1000	19.3000
1829	1889	54.3000	24.6750
1830	1888	32.6500	19.3000
1831	1889	54.8500	24.8500
1832	1888	33.2000	19.3000
1833	1889	55.4000	25.1000
1834	1888	33.7500	19.2500
1835	1889	55.8500	25.3250
1836	1888	34.2000	19.2500
1837	1889	56.4000	25.5500
1838	1888	34.7500	19.1500
1839	1889	56.8500	25.7750
1840	1888	35.3000	19.1500
1841	1889	57.3000	26.0250
1842	1888	35.8500	19.1500
1843	1889	57.7000	26.3000
1844	1888	36.3000	19.1500
1845	1889	58.1500	26.5500
1846	1888	36.7750	19.1500
1847	1889	58.6000	26.8250
1848	1888	37.2250	19.1500
1849	1889	58.8750	27.1750
1850	1888	37.5750	19.1500
1851	1889	59.0500	27.6250
1852	1888	38.0250	19.1500
1853	1889	59.3500	27.9750
1854	1888	38.5000	19.1500
1855	1889	59.5000	28.4250
1856	1888	38.9500	19.1500
1857	1889	59.8000	28.8500
1858	1888	39.4250	19.1500
1859	1889	60.1500	29.3000
1860	1888	39.8750	19.1000
1861	1889	60.4750	29.9250
1862	1888	40.4500	19.0500
1863	1889	60.8750	30.5500
1864	1888	41.0000	19.0250
1865	1889	61.3000	31.1750
1866	1888	41.5750	18.9750
1867	1889	61.7000	31.7750
1868	1888	42.1500	18.8750
1869	1889	62.1250	32.3750
1870	1888	42.4250	18.7750
1871	1889	62.4750	32.9250
1872	1888	42.7000	18.6250
1873	1889	62.8500	33.3750
1874	1888	43.0750	18.5250
1875	1889	63.0250	33.8750
1876	1888	43.7000	18.7000
1877	1889	63.0250	34.4250
1878	1888	44.3500	18.8750
1879	1889	62.9250	34.8750
1880	1888	44.9750	18.9750
1881	1889	63.0250	35.4750
1882	1888	45.6750	18.9750
1883	1889	63.3250	36.1250
1884	1888	46.2250	18.9750
1885	1889	63.4000	36.6250
1886	1888	46.7750	18.9750
1887	1889	63.4000	37.2500
1888	1888	47.0500	19.0750
1889	1889	63.4000	37.7750
1890	1888	47.2250	19.0750
1891	1889	63.4000	38.3250
1892	1888	47.6750	19.1250
1893	1889	63.4000	38.8250
1894	1888	48.2750	19.0750
1895	1889	63.4000	39.3750
1896	1888	48.8250	18.9750
1897	1889	63.4000	39.9000
1898	1888	49.3750	18.8750
1899	1889	63.4000	40.3250
1900	1888	49.9250	18.7750
1901	1889	63.4000	40.8750
1902	1888	50.3750	18.7750
1903	1889	63.4750	41.1250
1904	1888	50.9250	18.7750
1905	1889	63.5750	41.3500
1906	1888	51.4000	18.7000
1907	1889	63.5750	41.5750
1908	1888	51.8500	18.7000
1909	1888	52.3000	18.6250
1910	1888	52.8500	18.6250
1911	1888	53.3000	18.6250
1912	1888	53.8500	18.6250
1913	1888	54.4000	18.6250
1914	1888	54.8500	18.5250
1915	1888	55.2250	18.3500
1916	1888	55.6750	18.2750
1917	1888	56.1500	18.0750
1918	1888	56.5000	18.0750
1919	1888	56.9500	18.2750
