0	2451	58.5500	37.6750
1	2451	57.2500	37.6750
2	2451	55.9750	37.6750
3	2451	54.7000	37.6750
4	2451	53.4000	37.6750
5	2451	52.2000	37.8750
6	2451	50.8250	37.8750
7	2451	49.4500	37.8750
8	2451	48.0750	37.8750
9	2451	46.8000	37.8750
10	2452	63.8750	39.3750
11	2451	45.4250	37.8750
12	2452	62.7750	39.1750
13	2451	44.0500	38.0750
14	2452	61.6750	39.1750
15	2451	42.9500	38.0750
16	2452	60.5750	39.1750
17	2451	41.7500	38.0750
18	2452	59.4750	39.1750
19	2451	40.6500	38.0750
20	2452	58.4500	39.1750
21	2451	39.4500	38.0750
22	2452	57.3500	39.1750
23	2451	38.3500	38.2750
24	2452	56.2500	38.9750
25	2451	37.2500	38.2750
26	2452	55.1500	38.9750
27	2451	36.1500	38.2750
28	2452	54.0500	38.9750
29	2451	35.0500	38.2750
30	2452	53.0500	38.9750
31	2451	33.8500	38.4750
32	2452	51.9500	38.9750
33	2451	32.5750	38.4750
34	2452	50.8250	38.9750
35	2451	31.2750	38.4750
36	2452	49.7250	38.7750
37	2451	30.0000	38.4750
38	2452	48.7250	38.7750
39	2451	28.7000	38.4750
40	2452	47.6250	38.7750
41	2451	27.4250	38.4750
42	2452	46.5250	38.7750
43	2451	26.1500	38.4750
44	2452	45.4250	38.7750
45	2451	24.7500	38.4750
46	2452	44.3250	38.7750
47	2451	23.4750	38.4750
48	2452	43.2250	38.5750
49	2451	22.2000	38.4750
50	2452	42.0250	38.5750
51	2451	20.9000	38.4750
52	2452	40.8250	38.5750
53	2451	19.6250	38.4750
54	2452	39.7250	38.3750
55	2451	18.3500	38.4750
56	2452	38.5250	38.3750
57	2451	17.0500	38.4750
58	2452	37.3500	38.3750
59	2451	15.7750	38.4750
60	2452	36.1500	38.3750
61	2451	14.4750	38.4750
62	2452	35.0500	38.1500
63	2451	13.2000	38.4750
64	2452	33.8500	38.1500
65	2451	11.9000	38.4750
66	2452	32.6500	38.1500
67	2451	10.6250	38.4750
68	2452	31.4750	37.9500
69	2451	9.3500	38.4750
70	2452	30.2750	37.9500
71	2451	8.0500	38.4750
72	2452	29.1750	37.9500
73	2451	6.7750	38.4750
74	2452	27.9750	37.9500
75	2451	5.5250	38.2750
76	2452	26.9750	38.0750
77	2451	4.2750	37.9750
78	2452	26.1750	38.5750
79	2451	3.0500	37.8750
80	2452	25.4000	38.8750
81	2451	2.1500	37.8750
82	2452	24.3000	38.6750
83	2451	1.2250	37.8750
84	2452	23.2000	38.4750
85	2452	22.1000	38.0750
86	2452	21.0000	37.8750
87	2452	19.7000	37.8750
88	2452	18.5250	37.8750
89	2452	17.3250	38.0750
90	2452	16.1500	38.0750
91	2452	14.9500	38.0750
92	2452	13.8500	38.2750
93	2452	12.7500	38.2750
94	2452	11.6500	38.2750
95	2452	10.5500	38.2750
96	2452	9.5250	38.4750
97	2452	8.5000	38.4750
98	2452	7.5000	38.4750
99	2452	6.4000	38.6750
100	2452	5.1000	38.8750
101	2452	3.8250	38.8750
102	2452	2.7250	39.0750
103	2452	1.7000	39.0750
104	2452	0.9000	39.0750
105	2455	7.8250	60.0500
106	2455	6.8250	60.0500
107	2455	5.8000	60.0500
108	2455	4.8000	60.0500
109	2455	3.8250	60.1500
110	2455	2.8250	60.1500
111	2455	1.8250	60.1500
112	2455	0.9000	60.3500
113	2455	0.8500	59.9500
114	2442	58.6500	36.3250
115	2455	0.8500	59.9500
116	2442	57.7250	36.3250
117	2455	0.8250	59.8250
118	2442	56.8000	36.5250
119	2455	0.8250	59.8250
120	2442	55.9750	36.5250
121	2455	0.8250	59.7250
122	2442	55.0500	36.7500
123	2455	0.7750	59.6250
124	2442	54.1500	36.7500
125	2455	0.7750	59.6250
126	2442	53.3000	36.9500
127	2455	0.7750	59.5250
128	2442	52.4000	36.9500
129	2455	0.7250	59.4250
130	2442	51.4750	37.1750
131	2455	0.7250	59.3250
132	2442	50.6500	37.1750
133	2455	0.7250	59.3250
134	2442	49.7250	37.1750
135	2455	0.6750	59.3250
136	2442	48.9000	37.1750
137	2455	0.6750	59.1250
138	2442	48.0750	37.1750
139	2455	0.6250	59.1250
140	2442	47.2500	37.1750
141	2455	0.6250	59.0250
142	2442	46.4250	37.1750
143	2455	0.6250	59.0250
144	2442	45.5000	37.1750
145	2455	0.5750	58.9250
146	2442	44.6750	37.1750
147	2455	0.5750	58.8250
148	2442	43.8500	37.1750
149	2455	0.5750	58.8250
150	2442	43.0250	37.1750
151	2455	0.5500	58.7250
152	2442	42.2000	37.1750
153	2455	0.5500	58.6250
154	2442	41.3000	37.1750
155	2455	0.5000	58.6250
156	2442	40.3750	37.1750
157	2455	0.5000	58.5250
158	2442	39.4500	37.1750
159	2455	0.5000	58.5250
160	2442	38.5250	37.1750
161	2455	0.7250	59.0250
162	2442	37.6250	37.1750
163	2455	1.7250	58.6250
164	2442	36.7000	37.1750
165	2455	2.8250	58.6250
166	2442	35.7750	37.1750
167	2455	3.9250	58.8250
168	2442	34.8500	37.1750
169	2455	4.4750	58.8250
170	2442	33.9500	37.1750
171	2455	5.4750	58.6250
172	2442	33.0250	37.1750
173	2455	6.7750	58.6250
174	2442	32.2000	37.1750
175	2455	7.8750	58.8250
176	2442	31.2750	37.1750
177	2455	8.8750	59.2250
178	2442	30.3500	37.1750
179	2455	9.5250	58.6250
180	2442	29.4500	37.1750
181	2442	28.5250	37.1750
182	2442	27.5250	37.1750
183	2442	26.5000	37.1750
184	2442	25.5000	37.1750
185	2442	24.5000	37.1750
186	2442	23.4750	37.1750
187	2442	22.5500	37.1750
188	2442	21.6750	37.0500
189	2442	20.9250	37.0500
190	2442	20.1250	37.0500
191	2442	19.3250	37.1500
192	2443	35.4000	58.1250
193	2442	18.5750	37.1500
194	2443	34.1250	57.9250
195	2442	17.7750	37.0500
196	2443	33.0250	57.7250
197	2442	16.7750	37.0500
198	2443	31.9250	57.7250
199	2442	15.7750	37.0500
200	2443	30.8250	57.7250
201	2442	14.8500	37.0500
202	2443	29.7250	57.5250
203	2442	13.8250	37.0500
204	2443	28.7000	57.5250
205	2442	12.9250	37.0500
206	2443	27.6000	57.5250
207	2442	11.9000	37.0500
208	2443	26.5000	57.3250
209	2442	10.9000	37.0500
210	2443	25.5000	57.3250
211	2442	10.0750	37.0500
212	2443	24.4000	57.3250
213	2442	9.3250	37.0500
214	2443	23.3000	57.1000
215	2442	8.5250	37.2500
216	2443	22.2000	57.1000
217	2442	7.7750	37.2500
218	2443	21.1750	57.1000
219	2442	6.9500	37.2500
220	2443	20.0750	57.1000
221	2442	6.1250	37.4500
222	2443	18.9750	56.9000
223	2442	5.1250	37.8500
224	2443	17.8750	56.9000
225	2442	4.2000	38.0750
226	2443	16.8750	56.9000
227	2442	3.1000	38.0750
228	2443	15.7750	56.7000
229	2442	1.7250	37.8500
230	2443	14.6500	56.7000
231	2442	0.9500	37.4500
232	2443	13.6500	56.7000
233	2442	0.6250	37.4500
234	2443	12.5500	56.5000
235	2443	11.4500	56.5000
236	2443	10.3500	56.5000
237	2443	9.2500	56.7000
238	2443	8.1500	56.9000
239	2443	7.0500	57.3250
240	2443	5.9500	57.5250
241	2443	4.8500	57.9250
242	2443	3.5500	58.1250
243	2443	2.1750	58.3250
244	2443	1.0750	58.5250
245	2443	0.8250	58.5250
246	2445	37.6500	57.0250
247	2445	36.5000	57.2250
248	2445	35.9000	57.4250
249	2445	35.3750	57.5250
250	2445	34.7750	57.7250
251	2445	34.1750	57.9250
252	2445	33.6250	57.9250
253	2445	32.9750	57.9250
254	2445	32.2250	57.7250
255	2445	31.6000	57.7250
256	2445	30.9750	57.7250
257	2445	30.3250	57.7250
258	2445	29.6750	57.7250
259	2445	29.0250	57.7250
260	2445	28.4750	57.7250
261	2445	27.8250	57.7250
262	2445	27.1750	57.7250
263	2445	26.5500	57.7250
264	2445	25.9250	57.7250
265	2445	25.3750	57.7250
266	2445	24.7250	57.7250
267	2445	24.0750	57.7250
268	2445	23.4250	57.7250
269	2445	22.7750	57.7250
270	2445	22.2250	57.7250
271	2445	21.5750	57.7250
272	2445	20.9500	57.7250
273	2445	20.3250	57.7250
274	2445	19.6750	57.7250
275	2445	19.1250	57.7250
276	2445	18.4750	57.7250
277	2445	17.8250	57.7250
278	2445	17.1750	57.7250
279	2445	16.5250	57.7250
280	2445	15.9750	57.7250
281	2445	15.3500	57.7250
282	2445	14.7250	57.7250
283	2445	14.0750	57.7250
284	2445	13.4250	57.7250
285	2445	12.8750	57.7250
286	2445	12.2250	57.7250
287	2445	11.5750	57.7250
288	2445	10.9250	57.7250
289	2445	10.3250	57.7250
290	2445	9.6750	57.5250
291	2445	9.0250	57.3250
292	2447	64.9250	38.7750
293	2447	62.5000	38.4750
294	2447	59.8750	38.4750
295	2447	57.3000	38.6750
296	2447	54.6500	38.6750
297	2447	52.0250	38.6750
298	2447	49.0500	38.6750
299	2447	46.0750	38.6750
300	2447	43.0250	38.6750
301	2447	40.0500	38.5750
302	2447	37.0750	38.5750
303	2447	34.1250	38.4750
304	2447	31.1250	38.4750
305	2447	28.1250	38.3750
306	2447	25.1250	38.3750
307	2447	22.1500	38.3750
308	2447	19.1500	38.2750
309	2447	16.1500	38.1750
310	2447	13.1500	38.1750
311	2447	10.1500	38.1750
312	2447	7.2000	38.1750
313	2453	61.4250	37.4750
314	2453	59.7750	37.4750
315	2453	58.3250	37.6750
316	2453	57.0250	37.8750
317	2453	55.8250	37.8750
318	2453	54.8250	37.8750
319	2453	53.8250	37.8750
320	2453	52.8000	37.8750
321	2453	51.9000	37.8750
322	2453	50.8750	37.8750
323	2453	49.8750	37.8750
324	2453	48.9500	37.8750
325	2453	48.2250	37.8750
326	2453	47.4000	37.8750
327	2453	46.6500	37.8750
328	2453	45.9250	37.8750
329	2453	45.1000	37.8750
330	2453	44.2750	37.8750
331	2453	43.2750	37.8750
332	2453	42.2500	37.8750
333	2453	41.2500	37.8750
334	2453	40.3250	38.0750
335	2453	39.2250	37.8750
336	2453	38.2250	37.8750
337	2453	37.2000	37.8750
338	2453	36.2000	37.8750
339	2453	35.1250	37.8750
340	2453	34.0750	37.7750
341	2453	33.0750	37.6750
342	2453	32.0750	37.6750
343	2453	31.0000	37.6750
344	2453	30.0000	37.6750
345	2453	28.9250	37.5750
346	2453	27.9250	37.5750
347	2453	26.8750	37.5750
348	2453	25.8750	37.4750
349	2453	24.8500	37.4750
350	2453	23.8000	37.3500
351	2453	22.7250	37.3500
352	2453	21.7250	37.3500
353	2453	20.7250	37.3500
354	2453	19.7250	37.3500
355	2453	18.8000	37.3500
356	2453	17.8750	37.3500
357	2453	16.7750	37.3500
358	2453	15.7750	37.3500
359	2453	14.7500	37.3500
360	2453	13.6500	37.3500
361	2453	12.6500	37.5750
362	2453	11.6250	37.5750
363	2453	10.5250	37.5750
364	2453	9.5250	37.5750
365	2453	8.5250	37.5750
366	2453	7.4250	37.7750
367	2453	6.4000	37.7750
368	2453	5.3750	37.7750
369	2453	4.2750	37.7750
370	2453	3.2750	37.7750
371	2453	2.3250	37.9750
372	2453	1.4500	37.9750
373	2453	1.1000	37.5750
374	2453	1.0500	36.9500
375	2454	0.8500	59.7250
376	2454	1.4750	59.5250
377	2454	2.1250	59.5250
378	2454	2.7750	59.3250
379	2454	3.4250	59.3250
380	2454	4.2250	59.3250
381	2454	5.0750	59.3250
382	2454	5.8750	59.1250
383	2448	12.4750	40.5750
384	2454	6.7250	58.9250
385	2448	13.5750	40.5750
386	2454	7.5500	58.9250
387	2448	14.7750	40.5750
388	2454	8.3750	58.9250
389	2448	15.8750	40.5750
390	2454	9.0250	59.1250
391	2448	17.0500	40.5750
392	2449	64.6500	38.6750
393	2454	9.5750	59.1250
394	2448	18.1750	40.5750
395	2449	64.6500	38.6750
396	2454	10.1250	59.3250
397	2448	19.3250	40.5750
398	2449	64.6500	38.6750
399	2454	10.6750	59.3250
400	2448	20.4250	40.5750
401	2449	63.8750	38.6750
402	2454	11.3250	59.7250
403	2448	21.6250	40.5750
404	2449	63.0500	38.6750
405	2454	11.9750	59.9500
406	2448	22.7250	40.5750
407	2449	62.2250	38.6750
408	2454	12.9750	59.9500
409	2448	23.9250	40.5750
410	2449	61.3500	38.6750
411	2454	14.6250	59.3250
412	2448	25.1250	40.5750
413	2449	60.5250	38.6750
414	2454	15.1750	59.1250
415	2448	26.2250	40.5750
416	2449	59.7750	38.6750
417	2454	15.3500	59.1250
418	2448	27.4250	40.5750
419	2449	59.0500	38.6750
420	2454	15.6250	59.1250
421	2448	28.5250	40.5750
422	2449	58.4250	38.6750
423	2454	16.8250	59.9500
424	2448	29.7250	40.5750
425	2449	57.6750	38.6750
426	2454	17.8250	60.3500
427	2448	30.9250	40.5750
428	2449	56.9250	38.6750
429	2454	18.6750	60.7750
430	2448	32.0250	40.5750
431	2449	56.3000	38.6750
432	2454	18.9250	60.9750
433	2448	33.2250	40.5750
434	2449	55.5750	38.6750
435	2454	19.0250	60.9750
436	2448	34.3250	40.5750
437	2449	54.9250	38.6750
438	2454	19.1250	60.9750
439	2448	35.4250	40.5750
440	2449	54.1750	38.6750
441	2454	19.3000	60.9750
442	2448	36.5250	40.8000
443	2449	53.4500	38.6750
444	2454	19.3750	60.9750
445	2448	37.6250	40.8000
446	2449	52.7250	38.8750
447	2454	19.4750	60.9750
448	2448	38.7250	40.8000
449	2449	51.9750	38.8750
450	2454	19.5750	61.1750
451	2448	39.8250	41.0250
452	2449	51.2500	38.8750
453	2454	19.6750	61.3750
454	2448	40.9250	41.0250
455	2449	50.4250	38.8750
456	2454	19.8500	61.5750
457	2448	42.0250	41.0250
458	2449	49.6750	38.8750
459	2454	19.9250	61.7750
460	2448	43.1250	41.2250
461	2449	48.8750	38.8750
462	2454	20.0250	61.9750
463	2448	44.2250	41.2250
464	2449	48.1250	38.8750
465	2448	45.3250	41.2250
466	2449	47.3750	38.8750
467	2448	46.4250	41.4250
468	2449	46.5750	38.6750
469	2448	47.4250	41.2250
470	2449	45.6500	38.6750
471	2448	48.5250	41.0250
472	2449	44.6250	38.4750
473	2448	49.6250	40.8000
474	2449	43.7250	38.4750
475	2448	50.6500	40.7000
476	2449	42.9500	38.2750
477	2448	51.7750	40.7000
478	2449	42.2500	38.1750
479	2448	52.8250	40.7000
480	2449	41.5500	37.9750
481	2448	53.9250	40.8000
482	2449	40.8500	37.8750
483	2448	54.9750	40.7000
484	2449	40.1500	37.7750
485	2448	56.0250	40.7000
486	2449	39.4000	37.5750
487	2448	57.1250	40.7000
488	2449	38.6750	37.4750
489	2448	58.0750	40.8000
490	2449	37.9750	37.4750
491	2448	59.6500	40.1750
492	2449	37.1500	37.4750
493	2448	61.0750	40.4000
494	2449	36.3250	37.6750
495	2448	62.3500	40.4000
496	2449	35.4250	37.6750
497	2448	63.8250	40.4000
498	2449	34.5750	37.8750
499	2448	64.7500	40.4000
500	2449	33.7750	37.8750
501	2448	64.7500	40.4000
502	2449	32.9250	38.0750
503	2448	64.7500	40.4000
504	2449	32.0250	38.0750
505	2449	31.1750	38.2750
506	2449	30.3750	38.2750
507	2449	29.4500	38.2750
508	2449	28.5250	38.4750
509	2449	27.7000	38.4750
510	2449	26.7750	38.4750
511	2449	25.9500	38.6750
512	2449	25.0250	38.6750
513	2449	24.1250	38.8750
514	2449	23.3000	38.8750
515	2449	22.3750	38.8750
516	2449	21.5500	39.0750
517	2449	20.8250	39.4750
518	2449	19.9750	39.8750
519	2449	19.2500	40.0750
520	2449	18.5250	40.5000
521	2449	17.7000	40.9000
522	2449	16.9750	41.1000
523	2449	16.1250	41.5250
524	2449	15.4000	41.9250
525	2449	14.5750	42.3250
526	2449	13.8250	42.5250
527	2449	13.1000	42.9250
528	2449	12.2750	43.3250
529	2449	11.5250	43.5250
530	2449	10.7250	43.9250
531	2449	9.9750	44.3250
532	2449	9.4750	45.1750
533	2449	8.9500	45.9750
534	2449	8.4750	46.8750
535	2449	7.9750	47.6750
536	2449	7.4250	48.5000
537	2449	6.9500	49.3250
538	2449	6.4000	50.2250
539	2449	5.8000	50.8250
540	2449	5.0750	51.6250
541	2449	4.2500	52.2250
542	2449	3.5000	52.8750
543	2449	2.7750	53.4750
544	2449	2.0750	53.8750
545	2449	1.5000	54.2750
546	2449	0.9500	54.6750
547	2450	2.0500	51.5250
548	2450	2.9500	50.7250
549	2450	3.8750	50.1250
550	2446	50.3250	41.4250
551	2450	4.5250	49.7250
552	2446	50.3250	41.4250
553	2450	5.2250	49.2250
554	2446	50.3250	41.4250
555	2450	5.9250	48.6000
556	2446	50.3250	41.4250
557	2450	6.6750	47.7750
558	2446	50.3250	41.4250
559	2450	7.4250	46.9750
560	2446	50.3250	41.4250
561	2450	8.2250	46.1750
562	2446	50.3250	41.4250
563	2450	9.1750	45.3750
564	2446	50.3250	41.4250
565	2450	9.9750	44.5250
566	2446	50.3250	41.4250
567	2450	10.8250	43.7250
568	2446	50.3250	41.4250
569	2450	11.7250	43.1250
570	2446	50.3250	41.4250
571	2450	12.6250	42.7250
572	2446	50.3250	41.4250
573	2450	13.5750	42.3250
574	2446	50.3250	41.4250
575	2450	14.4750	41.9250
576	2446	50.3250	41.4250
577	2450	15.4000	41.5250
578	2446	50.3250	41.4250
579	2450	16.3250	41.1250
580	2446	50.3250	41.4250
581	2450	17.1250	40.6750
582	2446	50.3250	41.4250
583	2450	18.0750	40.4750
584	2446	50.3250	41.4250
585	2450	18.9750	40.0750
586	2446	50.3250	41.4250
587	2450	19.8250	39.8750
588	2446	50.3250	41.4250
589	2450	20.7250	39.4750
590	2446	50.3250	41.4250
591	2450	21.6250	39.2750
592	2446	50.3250	41.4250
593	2450	22.4750	39.0750
594	2446	50.3250	41.4250
595	2450	23.3750	38.8750
596	2446	50.3250	41.4250
597	2450	24.3750	38.4750
598	2446	50.3250	41.4250
599	2450	25.4750	38.4750
600	2446	50.3250	41.4250
601	2450	26.6000	38.4750
602	2446	50.3250	41.4250
603	2450	27.7750	38.4750
604	2446	50.3250	41.4250
605	2450	28.8750	38.4750
606	2446	50.3250	41.4250
607	2450	30.0750	38.2750
608	2446	50.3250	41.4250
609	2450	31.1750	38.2750
610	2446	50.3250	41.4250
611	2450	32.2750	38.0750
612	2446	50.3250	41.4250
613	2450	33.3750	38.0750
614	2446	50.3250	41.4250
615	2450	34.5750	38.0750
616	2446	50.3250	41.4250
617	2450	35.5750	37.8750
618	2446	50.3250	41.4250
619	2450	36.6250	37.8750
620	2446	50.3250	41.4250
621	2450	37.6250	37.6750
622	2446	50.3250	41.4250
623	2450	38.6250	37.6750
624	2446	50.3250	41.4250
625	2450	39.6250	37.6750
626	2446	50.3250	41.4250
627	2450	40.5750	37.4750
628	2446	50.3250	41.4250
629	2450	41.5750	37.4750
630	2446	50.3250	41.4250
631	2450	42.4750	37.2750
632	2446	50.3250	41.4250
633	2450	43.4750	37.2750
634	2446	50.3250	41.4250
635	2450	44.4500	37.1750
636	2446	50.3250	41.4250
637	2450	45.3500	37.0500
638	2446	50.3250	41.4250
639	2450	46.3250	36.9500
640	2450	47.3250	36.8500
641	2450	48.4500	36.8500
642	2450	49.4750	36.6500
643	2450	50.5750	36.6500
644	2450	51.5750	36.6500
645	2450	52.5750	36.6500
646	2450	53.5000	36.6500
647	2450	54.5250	36.6500
648	2450	55.4250	36.8500
649	2450	56.4250	36.8500
650	2450	57.3750	36.8500
651	2450	58.3750	36.8500
652	2450	59.3750	37.0500
653	2450	60.2750	36.6500
654	2450	61.6250	36.6500
655	2450	62.9000	36.6500
656	2450	64.2250	36.6500
657	2450	64.7000	36.6500
658	2450	64.9750	36.6500
659	2444	0.6750	60.3500
660	2444	0.8000	60.3500
661	2444	0.8000	60.5500
662	2444	0.8000	60.5500
663	2444	0.8000	60.7750
664	2444	0.8000	60.7750
665	2444	0.8000	60.9750
666	2444	0.7750	60.9750
667	2444	0.7750	60.9750
668	2444	0.7750	61.0750
669	2444	0.7750	61.0750
670	2444	1.0250	60.9750
671	2444	1.4750	60.7500
672	2444	1.9500	60.3500
673	2444	2.6750	60.3500
674	2444	3.4250	60.1500
675	2444	4.1500	59.9500
676	2444	4.9750	59.7500
677	2444	5.8000	59.5250
678	2444	6.6250	59.3250
679	2444	7.4750	59.1250
680	2444	8.1750	59.1250
681	2444	8.9250	58.9250
682	2444	9.4750	58.5250
683	2444	9.8250	57.9250
684	2444	10.0250	57.2250
685	2444	9.2000	57.2250
686	2444	8.4750	57.2250
687	2444	7.8250	57.2250
688	2444	7.1000	56.6000
689	2444	6.4500	56.2000
690	2444	5.7000	55.8000
