0	2423	8.4750	86.2000
0	2425	20.5250	98.7250
0	2427	25.1250	76.9500
0	2428	47.5750	44.1500
0	2435	25.9500	57.5000
1	2423	8.4750	86.2000
1	2425	20.6250	98.6000
1	2427	25.5250	75.2500
1	2428	48.0750	43.7250
1	2435	25.8750	58.3500
2	2423	8.4750	86.2000
2	2425	20.7250	98.6000
2	2427	25.9250	73.6000
2	2428	48.6750	43.5000
2	2435	25.7750	59.4000
3	2423	8.4750	86.2000
3	2425	20.8250	98.6000
3	2427	26.3000	71.9000
3	2428	49.2750	43.3000
3	2435	25.6750	60.4500
4	2440	20.8750	95.5750
5	2423	8.4750	86.2000
5	2425	20.9250	98.6000
5	2427	26.6750	70.2250
5	2428	49.8750	43.1000
5	2435	25.5750	61.3000
6	2440	20.7750	94.5250
7	2423	8.4750	86.2000
7	2425	21.0250	98.6000
7	2427	27.1750	68.5500
7	2428	50.4750	42.8750
7	2435	25.4750	62.3500
8	2440	20.6750	93.6750
9	2423	8.4750	86.2000
9	2425	21.1250	98.6000
9	2427	27.5750	66.8500
9	2428	51.0250	42.6750
9	2435	25.3750	63.4000
10	2440	20.6750	92.8250
11	2423	8.4750	86.2000
11	2425	21.2250	98.6000
11	2427	27.5750	65.1750
11	2428	51.6250	42.4500
11	2435	25.2750	64.2250
12	2440	20.5750	91.8750
13	2423	8.4750	86.2000
13	2425	21.3250	98.6000
13	2427	26.7750	63.2750
13	2428	52.2250	42.2500
13	2435	25.1750	65.3000
14	2440	20.5750	90.9250
15	2423	8.4750	86.2000
15	2425	21.4250	98.6000
15	2427	26.0000	61.6000
15	2428	52.9250	42.0500
15	2435	25.0750	66.3500
16	2440	20.5000	90.1000
17	2423	8.4750	86.2000
17	2425	21.5250	98.6000
17	2427	25.2250	59.9000
17	2428	53.7250	42.0500
17	2435	24.9750	67.4000
18	2440	20.5000	89.2500
19	2423	8.4750	86.2000
19	2425	21.6250	98.6000
19	2427	24.4250	58.2250
19	2428	54.4750	42.0500
19	2435	24.8750	68.2000
20	2440	20.4000	88.3250
21	2423	8.4750	86.2000
21	2425	21.7250	98.6000
21	2427	23.5250	56.3500
21	2428	55.2750	42.0500
21	2435	24.6750	69.2750
22	2440	20.4000	87.3750
23	2423	8.4750	86.2000
23	2425	21.8250	98.6000
23	2427	22.7750	54.6500
23	2428	56.1750	42.0500
23	2435	24.4750	70.3250
24	2440	20.3000	86.5250
25	2423	8.4750	86.2000
25	2425	22.0250	97.7750
25	2427	21.9750	52.9750
25	2428	56.9500	42.0500
25	2435	24.2750	71.3750
26	2440	20.3000	85.6750
27	2423	8.4750	86.2000
27	2425	22.2250	96.7250
27	2427	21.1750	51.0750
27	2428	57.7250	42.0500
27	2435	24.0750	72.4500
28	2440	20.2000	84.7250
29	2423	8.4750	86.2000
29	2425	22.3250	95.6500
29	2427	20.1000	49.6000
29	2428	58.5250	42.0500
29	2435	23.8750	73.3750
30	2440	20.2000	83.8750
31	2423	8.4750	86.2000
31	2425	22.5250	94.6000
31	2427	17.2250	48.7500
31	2428	59.3250	42.0500
31	2435	23.6750	74.3000
32	2440	20.1000	82.9500
33	2423	8.4750	86.2000
33	2425	22.7250	93.5500
33	2427	14.3750	48.1500
33	2428	60.1000	42.0500
33	2435	23.3750	75.3500
34	2440	20.1000	81.9750
35	2423	8.4750	86.2000
35	2425	22.9000	92.5000
35	2427	11.7250	47.7000
35	2428	60.8750	42.0500
35	2435	23.2000	76.4250
36	2440	20.0000	81.1750
37	2423	8.4750	86.2000
37	2425	23.1000	91.4500
37	2427	9.0750	47.3000
37	2428	61.7750	42.0500
37	2435	23.0000	77.4750
38	2440	20.0000	80.3250
39	2423	8.4750	86.2000
39	2425	23.3000	90.4000
39	2427	6.4250	47.1000
39	2428	62.4750	41.8250
39	2435	22.8250	78.4250
40	2440	19.9000	79.3750
41	2423	8.4750	86.2000
41	2425	23.4750	89.3500
41	2427	3.9750	46.4500
41	2428	63.2250	41.6000
41	2435	22.6250	79.4750
42	2440	19.8000	78.4250
43	2423	8.4750	86.2000
43	2425	23.5750	88.3000
43	2427	1.9750	45.8250
43	2428	64.0250	41.6000
43	2435	22.4250	80.5250
44	2440	19.8000	77.5750
45	2423	8.4750	86.2000
45	2425	23.7750	87.2500
45	2428	64.8250	41.4000
45	2435	22.2250	81.4500
46	2440	19.8000	76.7250
47	2423	8.4750	86.2000
47	2425	23.9750	86.2000
47	2428	65.6250	41.4000
47	2435	22.0250	82.5000
48	2440	19.9000	75.6750
49	2438	45.1000	88.1000
50	2423	8.4750	86.2000
50	2425	24.1750	85.1500
50	2428	66.2750	41.2000
50	2435	21.8250	83.4750
51	2440	20.1000	74.8250
52	2438	45.0000	88.6250
53	2423	8.4750	86.2000
53	2425	24.3750	84.1000
53	2428	67.0750	41.0000
53	2435	21.6250	84.5250
54	2440	20.3000	74.0250
55	2439	41.0250	98.4000
56	2438	44.9000	89.2500
57	2423	8.4750	86.2000
57	2425	24.5750	83.0500
57	2428	67.8750	41.0000
57	2435	21.3250	85.5750
58	2440	20.4000	72.9750
59	2439	40.9250	97.3500
60	2438	44.8000	89.7750
61	2423	8.4750	86.2000
61	2425	24.7750	82.0000
61	2428	68.4250	41.0000
61	2435	21.1250	86.6250
62	2440	20.5750	72.1250
63	2439	40.8250	96.5000
64	2438	44.7000	90.4000
65	2423	8.4750	86.2000
65	2425	24.9750	80.9500
65	2428	68.9250	41.0000
65	2435	20.9250	87.5500
66	2440	20.6750	71.2750
67	2439	40.8250	95.4500
68	2438	44.6500	91.0500
69	2423	8.4750	86.2000
69	2425	25.0750	79.9000
69	2435	20.8250	88.5000
70	2440	20.8750	70.2250
71	2439	40.7250	94.6000
72	2438	43.7750	91.4500
73	2423	8.4750	86.2000
73	2425	25.2750	78.8500
73	2435	20.8250	88.9500
74	2440	20.9750	69.3750
75	2422	42.0000	71.8000
75	2439	40.7250	93.5500
76	2438	42.9750	92.1000
77	2423	8.4750	86.2000
77	2425	25.3750	77.8000
77	2435	20.8250	89.5750
78	2440	21.1750	68.5250
79	2422	42.0750	70.9500
79	2439	40.6250	92.7250
80	2438	42.1000	92.7250
81	2423	8.4750	86.2000
81	2425	25.5750	76.7500
81	2435	20.8250	90.6250
82	2440	21.3750	67.4750
83	2422	42.1750	70.1250
83	2439	40.6250	91.6750
84	2438	41.4000	93.1500
85	2423	8.4750	86.2000
85	2425	25.7750	75.9000
85	2435	20.8250	91.4500
86	2440	21.6750	66.8750
87	2422	42.2750	69.2750
87	2439	40.7250	90.6250
88	2438	40.8250	93.7750
89	2423	8.4750	86.2000
89	2425	25.7750	74.8500
89	2435	20.8250	92.5000
90	2440	21.8750	66.0250
91	2422	42.3750	68.4250
91	2439	40.8250	89.3500
92	2438	40.1250	94.4000
93	2423	8.4750	86.2000
93	2425	25.7750	73.8000
93	2435	20.8250	93.5500
94	2440	22.1750	65.1750
95	2422	42.4750	67.5750
95	2439	40.9250	88.3000
96	2438	39.5250	94.8250
97	2423	8.4750	86.2000
97	2425	25.8750	72.7500
97	2435	20.9250	94.4000
98	2440	22.4750	64.5250
99	2430	41.9000	98.5000
100	2422	42.5750	66.7500
100	2439	41.0250	87.2500
101	2438	38.8500	95.2500
102	2423	8.4750	86.2000
102	2425	25.8750	71.7000
102	2435	20.9250	95.4500
103	2440	22.7500	63.7000
104	2430	42.0000	97.6500
105	2422	42.6750	66.0250
105	2439	41.1250	86.2000
106	2438	38.0500	95.2500
107	2423	8.4750	86.2000
107	2425	25.9500	70.6500
107	2435	20.9250	96.5000
108	2440	23.0500	62.8750
109	2430	42.0750	96.8250
110	2422	42.7750	65.1750
110	2439	41.2000	84.9500
111	2438	37.2750	95.2500
112	2423	8.4750	86.2000
112	2425	25.9500	69.6000
112	2435	20.9250	97.3500
113	2440	23.3500	62.2250
114	2430	42.1750	96.0000
115	2422	42.8750	64.3250
115	2439	41.3000	84.3000
116	2424	24.2250	70.0000
116	2433	38.7000	16.1500
117	2438	36.5250	95.1500
118	2423	8.3750	86.1000
118	2425	26.0000	68.7500
118	2435	20.7250	98.5000
119	2440	23.5500	61.2750
120	2430	42.3750	94.7000
121	2422	42.8250	63.5750
121	2439	41.8500	83.6750
122	2424	24.1750	68.7500
122	2433	38.7000	15.9500
123	2438	35.7000	95.3500
124	2423	8.3750	86.1000
124	2425	25.9500	68.1000
125	2440	23.8250	60.2250
126	2430	42.5750	93.4500
127	2422	42.7250	62.9750
127	2439	42.2250	83.0500
128	2424	24.1750	67.7000
128	2433	38.6500	15.5500
129	2438	34.9250	95.6750
130	2423	8.3750	86.1000
130	2425	25.9000	67.5000
131	2440	24.1250	59.2750
132	2430	42.5750	92.4000
133	2422	42.5750	62.3250
133	2439	42.3250	82.0000
134	2424	24.1750	66.6500
134	2433	38.5500	14.9000
135	2438	33.9250	95.4750
136	2423	8.3750	86.1000
136	2425	25.9000	66.8500
137	2440	24.3250	58.2250
138	2430	42.5750	91.5750
139	2422	42.4750	61.6000
139	2439	42.5250	80.7500
140	2424	24.0750	65.8000
140	2433	38.3500	14.2750
141	2438	33.0250	95.2250
142	2423	8.3250	86.1000
142	2425	25.8000	66.2250
143	2440	24.5250	57.1750
144	2430	42.6750	90.1000
145	2422	42.3750	60.7500
145	2439	42.6250	79.7000
146	2424	24.0750	65.1750
146	2433	38.2500	13.6500
147	2438	32.0750	95.2250
148	2423	8.3250	86.1000
148	2425	25.7500	65.4000
149	2440	24.8250	56.1250
150	2430	42.6750	88.2000
151	2422	42.3750	59.9000
151	2439	42.8250	78.6250
152	2424	24.0750	64.3250
152	2433	38.0500	12.4000
153	2438	31.0750	95.2250
154	2423	8.3250	86.1000
154	2425	25.7500	64.3250
154	2436	11.6750	80.2250
155	2440	25.0250	55.0750
156	2430	42.6750	87.5750
157	2422	42.3750	59.0750
157	2439	43.0250	77.3750
158	2424	24.1750	63.3750
158	2433	37.9500	11.1000
159	2438	29.8750	95.8750
160	2423	8.3250	86.1000
160	2425	25.7500	63.2750
160	2436	11.5750	79.1500
161	2440	25.2250	54.0250
162	2430	42.6750	87.0500
163	2422	42.2750	58.2250
163	2439	43.1250	76.3250
164	2424	24.2750	62.4250
164	2433	37.8500	10.0500
165	2438	28.6250	96.7250
166	2423	8.2750	86.1000
166	2425	25.7500	62.4500
166	2436	11.5750	78.1000
167	2440	25.3250	52.9750
168	2430	42.6750	86.4000
168	2434	10.3000	78.6250
169	2422	42.2750	57.4000
169	2439	43.3250	75.2500
170	2424	24.2750	61.6000
170	2433	37.7750	8.8000
171	2438	27.9250	97.3500
172	2423	8.2750	86.1000
172	2425	25.7500	61.4000
172	2436	11.5750	77.9000
173	2440	25.1250	51.9250
174	2430	42.6750	85.3500
174	2434	10.6000	78.0000
175	2422	42.2750	56.5500
175	2439	43.4250	74.0000
176	2424	24.3750	60.7500
176	2433	37.7750	7.9500
177	2438	27.3250	97.7750
178	2423	8.2750	86.1000
178	2425	25.8500	60.1250
178	2436	11.6750	77.4750
179	2440	25.0250	51.0750
180	2430	42.7750	84.1000
180	2434	10.6000	77.1750
181	2422	42.2750	55.5000
181	2439	43.5250	72.9500
182	2424	24.4750	59.5000
182	2433	37.7750	6.9000
183	2438	26.2500	98.0750
184	2423	8.2750	86.0000
184	2425	25.9500	59.0750
184	2436	11.7750	77.0500
185	2440	24.8250	50.0250
186	2430	42.7750	83.0500
186	2434	10.6000	76.5250
187	2422	42.3750	54.2500
187	2439	43.3250	72.3250
188	2424	24.6750	58.2250
188	2433	37.6750	6.0750
189	2438	25.1750	98.4000
190	2423	8.2250	86.0000
190	2425	26.0500	58.0250
190	2436	11.7750	76.4250
191	2440	24.7250	49.1750
192	2430	42.7750	81.3500
192	2434	10.6000	75.6750
193	2422	42.3750	53.2000
193	2439	43.1250	71.7000
194	2424	24.7750	56.9750
194	2433	37.5750	5.4500
195	2438	24.0750	98.8250
196	2423	8.2250	86.0000
196	2425	26.2500	56.9750
196	2436	11.7750	76.0000
197	2440	24.5250	48.1250
198	2430	42.8750	78.4250
198	2434	10.7000	75.0750
199	2422	42.4750	51.9250
199	2439	42.8250	71.0500
200	2424	24.8750	55.9250
200	2433	37.3750	5.0250
201	2423	8.2250	86.1000
201	2425	26.3500	55.9250
201	2436	11.8750	75.1750
202	2440	24.3250	47.3000
203	2430	42.9750	76.3250
203	2434	10.8000	74.4250
204	2422	42.4750	50.8750
204	2439	42.6250	70.4250
205	2424	24.9750	54.8750
205	2433	37.2750	4.6000
206	2423	8.1750	86.1000
206	2425	26.3500	54.8500
206	2436	11.8750	74.5250
207	2440	24.1250	46.4500
208	2430	42.9750	75.2500
208	2434	10.8000	73.7750
209	2422	42.5750	49.8250
209	2439	42.9250	68.9500
210	2424	25.0750	54.0250
210	2433	37.1750	3.6500
211	2423	8.1750	86.1000
211	2425	26.4500	54.0250
211	2436	11.9750	73.6750
212	2440	23.9250	45.6250
213	2430	42.9750	74.3000
213	2434	10.8000	73.1750
214	2422	42.6750	48.7500
214	2439	43.2250	67.9000
215	2424	25.1750	52.9750
215	2433	37.0750	2.8000
216	2423	8.1750	86.1000
216	2425	26.5500	52.9750
216	2436	11.9750	73.0750
217	2440	23.6750	44.5750
218	2430	42.9750	74.3000
218	2434	10.8000	72.5250
219	2422	42.6750	47.9250
219	2439	43.2250	67.2750
220	2424	25.3500	52.1250
220	2433	37.0750	2.0750
221	2423	8.1750	86.1000
221	2425	26.6500	51.9250
221	2436	11.9750	72.3250
222	2440	23.5000	43.7250
223	2430	42.9250	74.3000
223	2434	10.7000	71.9000
224	2422	42.7750	46.8750
224	2439	43.2250	66.4500
225	2424	25.3500	51.0750
225	2433	37.0250	1.3500
226	2423	8.1250	86.1000
226	2425	26.7500	51.0750
226	2436	11.8750	71.6750
227	2440	23.3000	42.8750
228	2430	42.8250	74.2000
228	2434	10.6000	71.2750
229	2422	42.7750	45.8250
229	2439	43.3250	65.4000
230	2424	25.2750	50.0250
231	2426	0.8500	64.5250
232	2423	8.1250	86.1000
232	2425	26.7500	49.8250
232	2436	11.8750	71.2750
233	2440	23.1500	41.9250
234	2430	42.8250	74.2000
234	2434	10.6000	70.6250
235	2422	42.7750	44.7750
235	2439	43.4250	64.3250
236	2424	25.1750	48.9750
237	2426	1.4000	64.9750
238	2423	8.1250	86.0000
238	2425	26.8250	48.5500
238	2436	11.8750	71.2750
239	2441	39.7750	97.9750
240	2440	23.0000	41.1000
241	2430	42.9250	73.2750
241	2434	10.5000	70.0250
242	2422	42.7750	43.5000
242	2439	43.7250	63.7000
243	2424	25.3500	48.3500
244	2426	2.0500	65.3750
245	2423	8.1250	86.0000
245	2425	27.1250	47.7000
245	2436	11.7750	70.0250
246	2441	39.7750	97.1250
247	2440	22.8500	40.2500
248	2430	43.1250	72.2250
248	2434	10.4000	69.3750
249	2422	42.8750	42.6750
249	2439	44.1000	63.0750
250	2424	25.6500	47.5000
251	2426	2.7250	65.8000
252	2423	8.0750	86.0000
252	2425	27.4250	46.8750
252	2436	11.7750	69.1750
253	2441	39.7750	96.5250
254	2440	22.6500	39.3000
255	2430	43.1250	71.1500
255	2434	10.4000	68.9750
256	2422	42.9750	41.8250
256	2439	44.8000	61.8000
257	2424	25.8500	46.8750
258	2426	3.4250	66.4250
259	2423	8.0750	86.0000
259	2425	27.4250	45.8250
259	2436	11.6750	68.5250
260	2441	39.7750	95.8750
261	2440	22.5750	38.4500
262	2430	43.0250	70.3250
262	2434	10.1000	68.3250
263	2422	43.0750	40.7750
263	2439	45.6750	60.3500
264	2424	25.9500	45.8250
265	2426	4.2000	67.2750
266	2423	8.0750	86.0000
266	2425	27.4250	44.7750
266	2436	11.5250	67.8000
267	2441	39.7750	95.2250
268	2440	22.3750	37.5000
269	2430	43.0250	69.7000
269	2434	9.9250	67.9250
270	2422	43.1750	39.9500
270	2439	45.7750	59.9000
271	2424	25.9500	44.5750
272	2426	4.8000	67.2750
273	2423	8.0750	86.0000
273	2425	27.4250	43.7250
273	2436	11.5250	67.1750
274	2441	39.7750	94.6250
275	2440	22.2750	36.7750
276	2430	43.0750	68.8500
276	2434	9.6250	67.2750
277	2422	43.3750	39.1000
277	2439	45.7750	59.7000
278	2424	25.9500	43.7250
279	2426	5.2750	67.2750
280	2423	8.0250	86.0000
280	2425	27.4250	43.5000
280	2436	11.5000	66.6500
281	2441	39.8750	93.7750
282	2440	21.7750	35.9500
283	2430	43.1750	68.2250
283	2434	9.5250	66.8750
284	2422	43.5750	38.2500
284	2439	45.7750	59.3000
285	2424	25.9500	43.0750
286	2426	5.7750	67.9000
287	2423	8.0250	86.1000
287	2425	27.4250	43.5000
287	2436	11.4000	66.0250
288	2441	39.9750	92.9250
289	2440	21.3750	35.1000
290	2430	43.2750	67.3750
290	2434	9.4250	66.2250
291	2422	43.7750	37.4000
291	2439	45.7750	59.0750
292	2424	26.0500	42.0250
293	2426	6.2750	68.5250
294	2423	8.0250	86.1000
294	2425	27.4250	43.5000
294	2436	11.1000	65.3750
295	2441	40.0750	92.0750
296	2440	20.9250	34.2500
297	2430	43.5750	66.3250
297	2434	9.2250	65.5750
298	2422	43.8750	36.5750
298	2439	46.1750	57.1750
299	2424	26.2500	41.2000
300	2426	6.7750	69.3750
301	2423	7.9750	86.1000
301	2425	27.6250	42.4500
301	2436	10.8000	64.5500
302	2441	40.1750	91.2500
303	2440	20.5000	33.4250
304	2430	43.8750	65.2750
304	2434	9.1250	64.9750
305	2422	43.8750	35.7250
305	2439	46.6750	55.0750
306	2424	26.2500	40.1500
307	2426	7.1500	70.0250
308	2423	7.9750	85.9750
308	2425	28.2250	39.9500
308	2436	10.6000	63.7000
309	2441	40.3750	90.4250
310	2440	20.0500	32.7750
311	2430	44.2500	64.0000
311	2434	8.8250	64.3250
312	2422	43.8750	34.9000
312	2439	46.6750	54.2500
313	2424	26.1500	39.1000
314	2426	7.7500	70.6250
315	2423	7.9750	85.9750
315	2425	28.2250	38.2500
315	2436	10.3000	63.0750
316	2441	40.4750	89.5750
317	2430	44.4500	63.4000
317	2434	8.3500	63.7000
318	2422	43.8750	34.0500
318	2439	46.6750	53.2000
319	2424	26.2500	38.2500
320	2426	8.1500	71.4750
321	2423	7.9750	85.9750
321	2425	28.1250	37.2000
321	2436	10.1000	62.6500
322	2441	40.5750	88.7250
323	2430	44.7500	62.5500
323	2434	7.8500	63.0750
324	2422	43.8750	33.0000
324	2439	46.4750	52.1500
325	2424	26.4500	37.4250
326	2426	8.5250	72.5250
327	2423	7.9500	85.9750
327	2425	28.3250	36.3500
327	2436	9.8250	62.0250
328	2441	40.6750	87.8750
329	2430	45.0500	61.7000
329	2434	7.4500	62.6500
330	2422	43.8750	31.7500
330	2439	46.1750	50.6500
331	2424	26.6500	36.7750
332	2426	8.6250	73.3750
333	2423	7.9500	85.9750
333	2425	28.5250	35.5250
333	2436	9.3250	61.3750
334	2441	40.6750	87.0250
335	2430	45.2250	60.8500
335	2434	7.0500	62.2250
336	2422	43.7750	30.4750
336	2439	45.8750	49.4000
337	2424	26.8500	35.9250
338	2426	8.6250	74.2250
339	2423	7.9500	85.9750
339	2425	28.6000	34.6750
339	2436	8.8250	61.1750
340	2441	40.7750	86.2250
341	2430	45.4250	59.8000
341	2434	6.6750	61.8250
342	2422	43.5750	30.2500
342	2439	45.5750	47.9250
343	2424	26.9500	34.8750
344	2426	9.0250	74.8500
345	2423	7.9500	85.9750
345	2425	28.8000	33.6250
345	2436	8.2500	60.7500
346	2441	40.7750	85.3750
347	2430	45.7250	58.9750
347	2434	6.2750	61.3750
348	2422	43.3750	29.6250
348	2439	45.3250	46.4500
349	2424	27.0250	34.0500
350	2426	9.3250	75.6750
351	2423	7.9000	85.9750
351	2425	28.8000	33.0000
351	2436	7.6500	60.6500
352	2441	40.7750	84.5250
353	2430	46.1250	58.1250
353	2434	5.8750	60.9750
354	2422	43.3750	29.0000
354	2439	45.2500	45.2000
355	2424	27.1250	33.2000
356	2426	9.5250	76.7250
357	2423	7.9000	85.9750
357	2425	28.8000	32.1500
357	2436	7.0000	60.3500
358	2441	40.9500	83.4750
359	2430	46.5250	57.3000
359	2434	5.3750	60.5250
360	2422	43.3750	28.3500
360	2439	45.2500	44.1500
361	2424	27.2250	32.3750
362	2426	9.8250	77.3750
363	2423	7.9000	85.9750
363	2425	28.8000	31.3000
363	2436	6.4250	59.7000
364	2441	41.1500	82.2250
365	2430	46.8250	56.8500
365	2434	4.9000	60.1250
366	2422	43.2750	27.5250
366	2439	45.2500	42.8750
367	2424	27.3250	31.5250
368	2426	10.2000	78.0000
369	2423	7.9000	85.9750
369	2425	28.8000	30.4750
369	2436	5.8250	59.3000
370	2441	41.2500	80.9250
371	2437	19.5000	68.5250
372	2430	47.0250	56.2500
372	2434	4.3000	59.8250
373	2422	43.2750	26.2750
373	2439	45.1500	42.1500
374	2424	27.5250	30.2750
375	2426	10.4500	78.8250
376	2423	7.8000	85.8750
376	2425	28.7500	29.3000
376	2436	5.3000	59.0750
377	2441	41.0000	80.2000
378	2437	20.3000	67.4750
379	2430	47.5000	55.4000
379	2434	4.0000	59.8250
380	2429	21.5250	23.1250
381	2422	43.3750	24.7750
381	2439	44.8000	41.1000
382	2424	27.5250	29.1000
383	2426	10.6000	79.9000
384	2423	7.8000	85.8750
384	2425	28.7500	28.2500
384	2436	4.8000	58.9750
385	2441	41.0000	79.3750
386	2437	21.0750	66.4250
387	2430	48.0500	54.3500
387	2434	3.7750	59.8250
388	2429	20.7250	21.8500
389	2422	43.2750	23.7250
389	2439	44.7000	40.0500
390	2424	27.5250	28.1500
391	2426	10.7500	80.9500
392	2423	7.8000	85.8750
392	2425	28.7000	27.3250
393	2441	41.1000	78.5250
394	2437	21.8750	65.3750
395	2430	48.5250	53.4000
395	2434	3.4750	59.7000
396	2429	20.0500	21.2250
397	2422	43.0750	22.6750
397	2439	44.6000	39.0000
398	2424	27.5250	27.1000
399	2426	10.9000	82.0000
400	2423	7.8000	85.7750
400	2425	28.6500	26.2750
401	2441	41.1000	77.4750
402	2437	22.6500	64.3250
403	2430	49.0250	52.5500
403	2434	3.1250	59.7000
404	2429	19.2750	20.3750
405	2422	42.8750	21.6250
405	2439	44.4000	37.7250
406	2424	27.5250	26.0500
407	2426	11.0250	82.9500
408	2423	7.8000	85.7750
408	2425	28.6500	25.2250
409	2441	41.2000	76.6250
410	2437	23.3500	63.4750
411	2430	49.5750	51.5000
411	2434	2.7750	59.5000
412	2429	18.4750	19.5250
413	2422	42.7750	20.5750
413	2439	44.3000	36.6750
414	2424	27.5250	25.0000
415	2426	11.3750	83.8000
416	2423	7.8000	85.5750
416	2425	28.7000	24.2750
417	2441	41.3000	75.7750
418	2437	23.5500	63.4750
419	2430	50.0750	50.5500
419	2434	2.3250	59.2750
420	2429	17.6750	18.9250
421	2422	42.5750	19.5250
421	2439	44.2000	35.6250
422	2424	27.5250	23.8500
423	2426	11.7750	84.6250
424	2423	7.8000	85.5750
424	2425	28.8000	23.4250
425	2441	41.3000	74.9500
426	2437	23.6250	63.2750
427	2430	50.5500	49.7000
427	2434	1.9500	59.0750
428	2429	16.9000	18.0750
429	2422	42.4750	18.6750
429	2439	44.1000	34.5750
430	2424	27.6250	23.0000
431	2426	12.1750	85.4750
432	2423	7.8000	85.5750
432	2425	28.9000	22.5750
433	2441	41.4000	73.9000
434	2437	23.8250	63.0750
435	2430	51.1000	48.6500
435	2434	1.5500	58.6500
436	2429	16.2250	17.4250
437	2422	42.3750	18.4750
437	2439	44.1000	33.3000
438	2424	27.7250	21.9500
439	2426	12.5750	86.1000
440	2423	7.8000	85.4750
440	2425	28.9000	21.7500
441	2441	41.4000	73.0750
442	2437	23.9250	62.8750
443	2430	51.4750	47.8000
443	2434	1.1500	58.4250
444	2429	15.4250	16.5750
445	2422	42.2750	18.2750
445	2439	44.1000	32.0500
446	2424	27.7250	20.9000
447	2426	12.9750	86.9500
448	2423	7.8000	85.4750
448	2425	29.0000	20.9000
449	2441	41.5000	72.2250
450	2437	24.1250	62.8750
451	2430	51.8750	47.2000
451	2434	0.7250	58.2250
452	2429	14.7250	16.1750
453	2422	42.1750	18.0750
453	2439	44.1000	31.0000
454	2424	27.8250	20.0500
455	2426	13.1750	87.5750
456	2423	7.8000	85.3750
456	2425	29.1000	20.0500
457	2441	41.5000	71.1750
458	2437	24.5250	62.2250
459	2430	52.3750	46.3500
460	2429	13.9500	15.7500
461	2422	42.0750	17.8750
461	2439	44.1000	29.7250
462	2424	27.8250	19.0000
463	2426	13.0750	88.4000
464	2423	7.8000	85.2500
464	2425	29.2000	19.2250
465	2441	41.5000	70.3250
466	2437	24.9250	61.3750
467	2430	52.7750	45.5000
468	2429	13.2750	15.1250
469	2422	42.0000	17.8750
469	2439	44.1000	28.6750
470	2424	27.9250	18.1750
471	2432	62.7000	60.3500
472	2426	12.9750	89.2500
473	2423	7.8000	85.2500
473	2425	29.3000	18.2750
474	2438	22.5250	98.3000
475	2441	41.5000	69.4750
476	2437	25.6250	60.5250
477	2430	53.1750	44.6500
478	2429	12.5750	14.6750
479	2422	41.8000	17.8750
479	2439	44.2000	27.8500
480	2424	27.9250	17.1000
481	2432	61.9250	60.3500
482	2426	12.8750	89.9000
483	2423	7.8000	85.1500
483	2425	29.3000	17.2250
484	2438	22.7250	97.2500
485	2441	41.5000	68.6250
486	2437	26.4000	59.9250
487	2430	53.8500	44.2500
488	2429	11.8750	14.2750
489	2422	41.7000	17.8750
489	2439	44.2000	27.2000
490	2424	28.0250	16.0500
491	2432	61.2250	60.5500
492	2426	12.9750	90.5000
493	2423	7.8000	85.0500
493	2425	29.3000	16.1750
494	2438	22.8250	96.0000
495	2441	41.4000	67.8000
496	2437	27.0750	59.2750
497	2430	54.6250	43.6000
498	2429	11.1000	13.8750
498	2431	61.4250	62.5250
499	2422	41.6000	18.0750
499	2439	44.2000	26.5750
500	2424	28.0250	15.2250
501	2432	60.5500	60.7500
502	2426	12.9750	91.1500
503	2423	7.8000	85.0500
503	2425	29.4000	15.1250
504	2438	23.0000	94.9250
505	2441	41.4000	66.9750
506	2437	27.8750	58.4250
507	2430	55.3250	43.2000
508	2429	10.4000	13.2250
508	2431	60.8250	63.3000
509	2422	41.4000	18.0750
509	2439	44.2000	25.9500
510	2424	28.1250	14.3750
511	2432	59.8500	60.9500
512	2426	13.0750	91.7750
513	2423	7.8000	84.9500
513	2425	29.4000	13.9750
514	2438	23.1000	93.8750
515	2441	41.4000	66.1250
516	2437	28.6750	57.8250
517	2430	56.1250	42.7750
518	2429	9.7250	12.8250
518	2431	59.8250	62.8500
519	2422	41.3000	18.2750
519	2439	44.2000	25.3250
520	2424	28.1250	13.5500
521	2432	59.1750	61.1750
522	2426	13.1750	92.4000
523	2423	7.8000	84.9500
523	2425	29.5000	12.9250
524	2438	23.3000	92.8250
525	2441	41.4000	65.2750
526	2437	29.8250	57.6000
527	2430	56.8000	42.1500
528	2429	9.0250	12.3750
528	2431	59.2250	63.0750
529	2422	41.1000	18.2750
529	2439	44.2000	24.6750
530	2424	28.1250	12.7000
531	2432	58.3750	61.4000
532	2426	13.2750	93.0500
533	2423	7.8000	84.9500
533	2425	29.5000	12.0750
534	2438	23.3750	91.5500
535	2441	41.3000	64.4250
536	2437	31.1250	57.1750
537	2430	57.5750	41.7000
538	2429	8.3250	11.7500
538	2431	58.6250	63.2750
539	2422	41.0250	18.2750
539	2439	44.2000	24.0500
540	2424	28.2250	11.6500
541	2432	57.6750	61.4000
542	2426	13.4750	94.3000
543	2423	7.8000	84.7500
543	2425	29.5000	11.4250
544	2438	23.4750	90.5000
545	2441	41.3000	63.5750
546	2437	32.4000	56.9750
547	2430	58.5750	41.5000
548	2429	7.7500	11.3250
548	2431	57.9250	63.4000
549	2422	40.2250	18.4750
549	2439	44.1000	23.0000
550	2424	28.2250	10.8000
551	2432	57.0000	61.4000
552	2426	13.5750	95.3500
553	2423	7.8000	84.7500
553	2425	29.5000	10.5750
554	2438	23.6750	89.4500
555	2441	41.3000	62.7750
556	2437	33.5750	56.7750
557	2430	59.4750	41.1000
558	2429	7.2750	10.4750
558	2431	57.3250	63.7000
559	2422	39.2250	18.6750
559	2439	44.0250	21.7500
560	2424	28.2250	9.9500
561	2432	56.2250	61.4000
562	2426	13.7750	96.4000
563	2423	7.8000	84.7500
563	2425	29.5000	9.7750
564	2438	23.7750	88.4000
565	2441	41.3000	61.9250
566	2437	35.2500	56.3250
567	2430	60.3500	40.9000
568	2429	6.7750	9.8750
568	2431	56.7750	63.9000
569	2422	38.1500	18.9250
569	2439	43.9250	20.4750
570	2424	28.3250	9.1250
571	2432	55.5250	61.4000
572	2426	13.8500	97.2500
573	2423	7.8000	84.6250
573	2425	29.5000	8.7000
574	2438	23.9750	87.3500
575	2441	41.4000	61.0750
576	2437	37.0250	55.7250
577	2430	61.3250	40.4500
578	2429	6.2750	9.2250
578	2431	56.1750	64.1000
579	2422	37.0750	19.1250
579	2439	43.8250	19.2250
580	2424	28.3250	8.0750
581	2432	54.8250	61.6000
582	2426	14.0250	98.1000
583	2423	7.8000	84.6250
583	2425	29.7000	7.8750
584	2438	24.0750	86.5250
585	2441	41.5000	60.0250
586	2437	38.9000	55.2750
587	2430	62.2250	40.2500
588	2429	5.7750	8.3750
588	2431	55.7750	64.1000
589	2422	36.0750	19.3250
589	2439	43.7250	17.9500
590	2424	28.4000	7.0250
591	2432	54.5250	61.4000
592	2426	14.1250	98.5000
593	2423	7.8000	84.4000
593	2425	29.8000	7.0250
594	2438	24.2750	85.4500
595	2441	41.6000	59.1750
596	2437	41.9500	54.0250
597	2430	63.1000	39.8500
598	2429	5.3750	7.7750
598	2431	55.4750	64.1000
599	2422	35.1000	19.5250
599	2439	43.6250	16.7000
600	2424	28.5000	5.9750
601	2432	54.2500	61.4000
602	2423	7.8000	84.2000
602	2425	29.9000	5.9750
603	2438	24.3750	84.4000
604	2441	41.7000	58.3250
605	2437	43.7250	54.6750
606	2430	63.9750	39.8500
607	2429	5.0250	7.1250
607	2431	55.0750	64.2250
608	2422	34.3250	19.5250
608	2439	43.4250	15.6500
609	2424	28.5000	4.9250
610	2432	54.0500	61.4000
611	2423	7.8000	83.8000
611	2425	30.1000	4.9250
612	2438	24.5750	83.3500
613	2441	41.9000	57.4750
614	2437	45.8750	54.8750
615	2430	64.8750	39.8500
616	2429	4.6500	6.6000
616	2431	54.7750	64.2250
617	2422	33.4250	19.5250
617	2439	43.2250	14.8000
618	2424	28.6000	3.8500
619	2432	53.7500	61.4000
620	2423	7.8000	83.5750
620	2425	30.1750	3.6750
621	2438	24.6750	82.3000
622	2441	42.0000	56.6750
623	2437	48.7250	54.4250
624	2430	65.7750	39.8500
625	2429	4.3500	6.0750
625	2431	54.3750	64.3250
626	2422	32.6500	19.5250
626	2439	43.0250	13.7500
627	2424	28.7000	3.0250
628	2432	53.5500	61.4000
629	2423	7.9000	83.1500
630	2438	24.6750	81.0500
631	2441	42.1000	55.6250
632	2437	51.3750	54.4250
633	2430	66.5750	39.6000
634	2429	4.0250	5.4250
634	2431	54.0000	64.3250
635	2422	31.7750	19.5250
635	2439	42.8250	12.7000
636	2424	28.7000	2.7000
637	2432	53.2750	61.4000
638	2423	7.9000	82.9500
639	2438	24.7750	80.0000
640	2441	42.2000	54.7750
641	2437	53.9500	54.4250
642	2430	67.4750	39.6000
643	2429	3.6750	4.9250
643	2431	53.7250	64.3250
644	2422	30.9750	19.5250
644	2439	42.6250	11.6500
645	2424	28.8000	2.5000
646	2432	53.0750	61.4000
647	2423	7.9000	82.7500
648	2438	24.7750	78.9500
649	2441	42.2750	53.9250
650	2437	56.5000	54.2250
651	2430	68.3750	39.6000
652	2429	3.4250	4.5000
652	2431	53.5250	64.3250
653	2422	29.9750	19.5250
653	2439	42.6250	10.6000
654	2432	52.8750	61.4000
655	2423	7.9000	82.3000
656	2438	24.7750	77.7000
657	2441	42.2750	52.8750
658	2437	59.1750	54.4250
659	2430	69.2500	39.6000
660	2429	3.4250	4.5000
660	2431	53.4250	64.2250
661	2422	29.0000	19.5250
661	2439	42.5250	9.7500
662	2432	52.6750	61.6000
663	2423	7.9000	82.1000
664	2438	24.8750	76.6500
665	2441	42.2750	51.8250
666	2437	61.7250	55.0750
667	2429	3.4250	4.5000
667	2431	53.3750	64.1250
668	2422	28.0250	19.5250
668	2439	42.4250	8.7000
669	2432	52.5750	61.6000
670	2423	8.1750	81.4500
671	2438	24.8750	75.6000
672	2441	42.2750	50.5750
673	2437	64.3750	55.2750
674	2429	3.4250	4.5000
674	2431	53.3250	64.0250
675	2422	27.0250	19.5250
675	2439	42.3250	7.6500
676	2432	52.3750	61.8000
677	2423	8.3750	81.0500
678	2438	24.9750	74.3250
679	2441	42.2750	49.5250
680	2437	67.0250	55.2750
681	2429	3.4250	4.5000
681	2431	53.2250	63.8000
682	2422	26.0500	19.5250
682	2439	42.3250	6.8000
683	2432	52.2750	61.8000
684	2423	8.5750	80.4000
685	2438	24.9750	73.2750
686	2441	42.2000	48.4500
687	2429	3.4250	4.5000
687	2431	53.1750	63.8000
688	2422	25.0750	19.5250
688	2439	42.2250	5.7500
689	2432	52.0750	62.0000
690	2423	8.8750	80.0000
691	2438	25.0750	72.2000
692	2441	42.2000	47.4000
693	2429	3.4250	4.5000
693	2431	53.0750	63.6000
694	2422	23.9750	19.5250
694	2439	42.5250	4.9250
695	2432	51.9750	62.0000
696	2423	8.9750	79.3500
697	2438	25.0750	70.9500
698	2441	42.2000	46.1250
699	2429	3.4250	4.5000
699	2431	53.0750	63.6000
700	2422	23.0000	19.1250
700	2439	43.2250	4.2750
701	2432	51.7750	62.2500
702	2423	8.8250	79.0500
703	2438	25.0750	69.9000
704	2441	42.2000	45.0750
705	2429	3.4250	4.5000
705	2431	53.0750	63.6000
706	2422	22.0250	18.9250
706	2439	44.0250	3.6500
707	2432	51.6750	62.2500
708	2423	8.6250	78.6500
709	2438	25.1750	68.8500
710	2441	41.8000	44.4750
711	2429	3.4250	4.5000
711	2431	53.0750	63.6000
712	2422	20.9750	18.6750
712	2439	44.7000	3.1250
713	2432	51.4750	62.4500
714	2423	8.4250	78.2000
715	2438	25.1750	67.6000
716	2441	41.3000	44.0250
717	2429	3.4250	4.5000
717	2431	53.0750	63.6000
718	2422	20.0000	18.2750
718	2439	45.3750	2.5000
719	2432	51.4000	62.6500
720	2423	8.2750	78.0000
721	2438	25.3250	66.5500
722	2441	40.9250	43.7000
723	2429	3.4250	4.5000
723	2431	53.0750	63.6000
724	2422	19.1250	17.7500
724	2439	45.8750	2.4000
725	2432	51.4000	62.6500
726	2423	8.4750	77.6750
727	2438	25.2750	65.8250
728	2441	40.6250	43.6000
