0	2804	41.0250	57.3250
0	2805	14.7250	91.8750
0	2814	64.7000	84.3250
0	2820	57.5250	50.9250
0	2821	57.5250	49.4750
1	2804	41.6750	57.3250
1	2805	14.1750	91.2250
1	2814	64.6750	82.4750
1	2820	56.8750	50.7000
1	2821	56.8750	49.2750
2	2804	42.4250	57.3250
2	2805	13.7250	90.6250
2	2814	64.6750	80.6250
2	2820	56.2250	50.7000
2	2821	56.2250	49.2750
3	2804	43.1250	57.3250
3	2805	13.2750	90.2250
3	2814	64.6250	78.7750
3	2820	55.6000	50.7000
3	2821	55.6000	49.2750
4	2822	64.8000	52.7750
5	2804	43.8750	57.3250
5	2805	12.8250	89.5750
5	2814	64.6250	77.1250
5	2820	54.9750	50.7000
5	2821	54.9750	49.2750
6	2822	64.2500	52.7750
7	2804	44.5750	57.3250
7	2805	12.3500	89.1750
7	2814	64.5750	75.2750
7	2820	54.4250	50.7000
7	2821	54.4250	49.2750
8	2822	63.6500	52.5750
9	2804	45.3250	57.3250
9	2805	11.9000	88.5750
9	2814	64.5750	73.4250
9	2820	53.7750	50.7000
9	2821	53.7750	49.2750
10	2822	63.0250	52.3750
11	2804	46.0250	57.3250
11	2805	11.4500	88.1500
11	2814	64.5250	71.7750
11	2820	53.2250	50.7000
11	2821	53.2250	49.2750
12	2822	62.4000	52.3750
13	2804	46.7750	57.3250
13	2805	10.9750	87.5250
13	2814	64.5250	69.8750
13	2820	52.6000	50.7000
13	2821	52.6000	49.2750
14	2822	61.7000	52.1500
15	2804	47.4750	57.1250
15	2805	10.5250	86.9250
15	2814	64.5250	68.0250
15	2820	52.0500	50.7000
15	2821	52.0500	49.2750
16	2822	61.0500	51.9500
17	2804	48.2250	57.1250
17	2805	10.0750	86.5000
17	2814	64.4750	66.3750
17	2820	51.4250	50.7000
17	2821	51.4250	49.2750
18	2822	60.4500	51.9500
19	2804	48.9750	57.1250
19	2805	9.6250	85.8750
19	2814	64.4750	64.5250
19	2820	50.7750	50.7000
19	2821	50.7750	49.2750
20	2822	59.8000	51.7500
21	2804	49.7750	57.1250
21	2805	9.1750	85.4750
21	2814	64.2500	62.8750
21	2820	50.2250	50.7000
21	2821	50.2250	49.2750
22	2822	59.1500	51.5500
23	2804	50.5250	57.1250
23	2805	8.7250	84.8500
23	2814	63.8500	61.4250
23	2820	49.6000	50.7000
23	2821	49.6000	49.2750
24	2822	58.5000	51.5500
25	2804	51.2250	57.1250
25	2805	8.2750	84.4250
25	2814	63.5250	59.9750
25	2820	49.0500	50.7000
25	2821	49.0500	49.4750
26	2822	57.9000	51.5500
27	2804	51.9750	57.1250
27	2805	7.8000	83.8250
27	2814	62.6250	58.7750
27	2820	48.4250	50.7000
27	2821	48.4250	49.4750
28	2822	57.2500	51.5500
29	2804	52.6750	57.1250
29	2805	7.3500	83.2000
29	2814	61.7000	57.5250
29	2820	47.8750	50.7000
29	2821	47.8750	49.4750
30	2822	56.6000	51.4250
31	2804	53.4250	57.1250
31	2805	6.8000	82.7750
31	2814	60.6250	56.4750
31	2820	47.2250	50.7000
31	2821	47.2250	49.4750
32	2822	55.9500	51.3250
33	2804	54.2250	57.1250
33	2805	6.3500	82.1750
33	2814	59.0750	55.8750
33	2820	46.6750	50.7000
33	2821	46.6750	49.4750
34	2822	55.3500	51.3250
35	2804	54.9750	57.1250
35	2805	5.9000	81.7750
35	2814	57.5250	55.4750
35	2820	46.0500	50.7000
35	2821	46.0500	49.4750
36	2822	54.7000	51.3250
37	2804	55.6750	57.1250
37	2805	5.4250	81.1250
37	2814	56.0500	54.8250
37	2820	45.5000	50.7000
37	2821	45.5000	49.4750
38	2822	53.9500	51.2250
39	2804	56.4250	57.1250
39	2805	4.9750	80.7250
39	2814	54.5250	54.4250
39	2815	6.6250	0.8250
39	2820	44.8750	50.7000
39	2821	44.8750	49.4750
40	2822	53.3250	51.2250
41	2804	57.1250	57.1250
41	2805	4.5250	80.1250
41	2814	52.8750	54.2250
41	2815	6.5250	1.3250
41	2820	44.3250	50.7000
41	2821	44.3250	49.4750
42	2822	52.7000	51.2250
43	2816	5.6250	1.1250
44	2804	57.8750	57.1250
44	2805	4.0750	79.4750
44	2814	51.2250	54.1250
44	2815	6.4750	1.9500
44	2820	43.6750	50.7000
44	2821	43.6750	49.4750
45	2822	52.0500	51.1250
46	2816	5.5250	1.7250
47	2804	58.6250	57.1250
47	2805	3.6250	79.0750
47	2814	49.5000	54.0250
47	2815	6.4750	2.5500
47	2820	43.0250	50.7000
47	2821	43.0250	49.4750
48	2822	51.4000	51.0250
49	2816	5.5250	2.4500
50	2804	59.3250	57.1250
50	2805	3.1750	78.4750
50	2814	47.8750	53.9250
50	2815	6.4750	3.1750
50	2820	42.5000	50.7000
50	2821	42.5000	49.4750
51	2822	50.7750	51.0250
52	2816	5.5250	2.8500
53	2804	60.0750	57.1250
53	2805	2.7000	78.0250
53	2814	46.2250	53.7250
53	2815	6.5250	3.8000
53	2820	41.8500	50.7000
53	2821	41.8500	49.4750
54	2822	50.1500	51.0250
55	2816	5.6250	3.5000
56	2804	60.7000	57.1250
56	2805	2.2500	77.4250
56	2814	44.5750	53.7250
56	2815	6.6250	4.4000
56	2820	41.3000	50.7000
56	2821	41.3000	49.4750
57	2822	49.5000	51.0250
58	2816	5.6250	4.1000
59	2804	61.4250	57.1250
59	2805	1.8000	77.0250
59	2814	42.8500	53.5000
59	2815	6.6250	4.9250
59	2820	40.6750	50.7000
59	2821	40.6750	49.4750
60	2822	48.8500	50.9250
61	2816	5.6250	4.7250
62	2804	62.0750	57.1250
62	2805	1.4250	76.6000
62	2814	41.0250	53.2750
62	2815	6.7000	5.4500
62	2820	40.0250	50.7000
62	2821	40.0250	49.4750
63	2822	48.2500	50.9250
64	2816	5.7000	5.1500
65	2804	62.7750	57.1250
65	2805	1.1250	76.1750
65	2814	39.3000	53.0750
65	2815	6.7000	5.9500
65	2820	39.4750	50.7000
65	2821	39.4750	49.2750
66	2822	47.6000	50.9250
67	2816	5.7000	5.7500
68	2804	63.5250	57.1250
68	2814	37.5750	52.6750
68	2815	6.7000	6.4750
68	2820	38.8500	50.7000
68	2821	38.8500	49.2750
69	2822	46.9500	50.9250
70	2816	5.7000	6.3750
71	2804	64.1750	57.3250
71	2814	35.8500	52.4750
71	2815	6.7000	7.0000
71	2820	38.2250	50.7000
71	2821	38.2250	49.2750
72	2822	46.3000	50.9250
73	2816	5.8000	6.8000
74	2814	34.1250	52.2750
74	2815	6.8000	7.4000
74	2820	37.6750	50.7000
74	2821	37.6750	49.2750
75	2822	45.7000	50.9250
76	2816	5.8000	7.4000
77	2814	32.3750	52.0750
77	2815	6.8000	7.8000
77	2820	37.0250	50.7000
77	2821	37.0250	49.2750
78	2822	45.0500	50.9250
79	2816	5.8000	8.0250
80	2814	30.6500	51.8500
80	2815	6.8000	8.4500
80	2820	36.4750	50.7000
80	2821	36.4750	49.2750
81	2822	44.4000	50.9250
82	2816	5.8000	8.4500
83	2814	28.8250	51.6250
83	2815	6.9000	9.0500
83	2820	35.8500	50.7000
83	2821	35.8500	49.0500
84	2822	43.7500	50.9250
85	2816	5.9000	9.0500
86	2814	27.1000	51.4250
86	2815	6.9750	9.6750
86	2820	35.2000	50.7000
86	2821	35.2000	49.0500
87	2822	43.1500	50.9250
88	2816	5.9750	9.4500
89	2814	25.3750	51.2250
89	2815	7.0750	10.1000
89	2820	34.6750	50.7000
89	2821	34.6750	49.0500
90	2822	42.5000	50.9250
91	2816	6.0750	10.1000
92	2814	23.7250	51.2250
92	2815	7.2500	10.7000
92	2820	34.0250	50.7000
92	2821	34.0250	49.0500
93	2822	41.8500	50.9250
94	2816	6.1750	10.5000
95	2814	22.0000	51.0250
95	2815	7.2500	11.3250
95	2820	33.4750	50.7000
95	2821	33.4750	49.0500
96	2822	41.2000	50.9250
97	2816	6.2500	10.9000
98	2814	20.3750	50.9250
98	2815	7.2500	11.7500
98	2820	32.8250	50.7000
98	2821	32.8250	49.0500
99	2822	40.6000	50.9250
100	2816	6.4500	11.5250
100	2824	5.4000	24.0000
101	2814	18.6250	50.8250
101	2815	7.2250	12.1500
101	2820	32.2000	50.7000
101	2821	32.2500	49.0500
102	2822	39.9500	50.8250
103	2816	6.4000	11.9500
103	2824	5.4000	22.5750
104	2814	17.0000	50.7250
104	2815	7.2250	12.7500
104	2820	31.6000	50.7000
104	2821	31.7000	49.0500
105	2822	39.2750	50.9250
106	2816	6.4000	12.4500
106	2824	5.4000	21.2250
107	2814	15.2750	50.7000
107	2815	7.2250	13.3000
107	2820	30.9750	50.8250
107	2821	31.1000	49.0500
108	2822	38.5250	50.9250
109	2816	6.4000	12.9500
109	2824	5.4000	19.9750
110	2814	13.5750	50.6000
110	2815	7.2250	13.9000
110	2820	30.4000	50.8250
110	2821	30.5500	49.0500
111	2822	37.9000	51.0250
112	2816	6.4000	13.5000
112	2824	5.3500	18.7500
113	2814	11.8500	50.4000
113	2815	7.2250	14.3000
113	2820	29.7000	50.8250
113	2821	29.9250	49.1750
114	2822	37.3000	50.9000
115	2816	6.4000	13.9000
115	2824	5.2500	17.9250
116	2814	10.2250	50.4000
116	2815	7.2750	14.9500
116	2820	29.0500	50.8250
116	2821	29.3000	49.1750
117	2822	36.6500	50.7000
118	2816	6.4000	14.4000
118	2824	5.2500	16.6750
119	2814	8.5750	50.4000
119	2815	7.2750	15.4500
119	2820	28.4250	50.8250
119	2821	28.5500	49.1750
120	2822	36.1250	50.5000
121	2816	6.4000	15.0500
121	2824	5.3500	15.4500
122	2814	6.9500	50.2000
122	2815	7.2750	16.0500
122	2820	27.8000	50.6000
122	2821	27.9250	49.1750
123	2822	35.5750	50.5000
124	2816	6.3500	15.5500
124	2824	5.4500	14.2000
125	2814	5.3000	50.2000
125	2815	7.2750	16.5000
125	2820	27.1500	50.6000
125	2821	27.3000	49.1750
126	2822	34.9500	50.3000
127	2816	6.3500	16.0750
127	2824	5.6250	13.3750
128	2814	3.6000	50.0000
128	2815	7.3250	17.1000
128	2820	26.5000	50.6000
128	2821	26.5500	49.1750
129	2822	34.3000	50.1000
130	2816	6.3500	16.4750
130	2824	5.7000	12.3500
131	2814	2.2500	49.1750
131	2815	7.3250	17.6000
131	2820	25.9500	50.6000
131	2821	26.0000	49.1750
132	2822	33.6500	50.1000
133	2816	6.3500	17.0000
133	2824	5.9000	11.5250
134	2814	0.8500	48.3500
134	2815	7.3250	18.2500
134	2820	25.3250	50.6000
134	2821	25.4500	49.1750
135	2822	33.1000	50.1000
136	2816	6.3500	17.5250
136	2824	6.0000	10.3000
137	2815	7.3250	18.6500
137	2820	24.8000	50.6000
137	2821	24.9250	49.1750
138	2822	32.4750	50.1000
139	2816	6.3500	18.0250
139	2824	6.0750	8.8500
140	2815	7.3250	19.2500
140	2820	24.1500	50.6000
140	2821	24.3750	49.1750
141	2822	31.8500	50.1000
142	2816	6.3500	18.6250
142	2824	6.1500	7.6000
143	2815	7.3500	19.7750
143	2820	23.6000	50.6000
143	2821	23.8250	49.1750
144	2822	31.2000	50.1000
145	2816	6.3500	19.0750
145	2824	6.2500	7.4000
146	2815	7.3500	20.4000
146	2820	22.9500	50.6000
146	2821	23.2000	49.1750
147	2822	30.5500	50.1000
148	2816	6.3250	19.5750
148	2824	6.1500	6.5750
149	2815	7.3500	20.8000
149	2820	22.3750	50.6000
149	2821	22.6500	49.1750
150	2822	29.9250	50.1000
151	2816	6.3250	20.0750
151	2824	6.1500	5.7500
152	2815	7.3500	21.4250
152	2820	21.7750	50.7250
152	2821	22.1000	48.9500
153	2822	29.3000	49.9000
154	2816	6.3250	20.6000
154	2824	6.1500	4.9250
155	2815	7.3500	21.9500
155	2820	21.2000	50.7250
155	2821	21.5500	48.9500
155	2829	1.1500	54.7500
156	2822	28.6500	49.9000
157	2816	6.3250	21.0250
157	2824	6.1500	4.1000
158	2815	7.4000	22.5500
158	2820	20.6000	50.7250
158	2821	21.0000	48.9500
158	2829	1.8000	54.6500
159	2822	28.0000	49.9000
160	2816	6.3250	21.5250
160	2824	6.1500	3.2750
161	2815	7.4000	22.9750
161	2820	20.0000	50.7250
161	2821	20.3750	48.9500
161	2829	2.4250	54.6500
162	2817	2.0750	37.7250
163	2822	27.4750	49.9000
164	2816	6.3250	22.1500
164	2824	6.1500	2.5500
165	2815	7.4000	23.6000
165	2820	19.4000	50.7250
165	2821	19.8250	48.9500
165	2829	3.0750	54.6500
166	2817	2.9750	36.8000
167	2822	26.8500	49.9000
168	2816	6.3250	22.6750
168	2824	6.1500	1.9500
169	2815	7.4000	24.1000
169	2820	18.8250	50.7250
169	2821	19.2750	48.9500
169	2829	3.7000	54.6500
170	2817	3.9250	35.9750
171	2822	26.2000	49.9000
172	2816	6.3250	23.1750
173	2815	7.4500	24.7250
173	2820	18.1750	50.7250
173	2821	18.7250	48.9500
173	2829	4.4000	54.6500
174	2817	4.8500	35.1500
175	2822	25.5500	49.9000
176	2816	6.3250	23.8000
177	2815	7.3500	25.3500
177	2820	17.6500	50.7250
177	2821	18.2000	48.9500
177	2829	5.0250	54.6500
178	2817	5.1250	33.7000
179	2822	24.9250	49.9000
180	2816	6.3250	24.4250
181	2815	7.2500	25.9750
181	2820	17.0000	50.7250
181	2821	17.5500	48.9500
181	2829	5.6750	54.6500
182	2817	5.0250	32.2500
183	2822	24.3750	49.7000
184	2816	6.3750	25.2500
185	2815	7.2500	26.5750
185	2820	16.4500	50.7250
185	2821	16.9000	48.9500
185	2829	6.3000	54.6500
186	2817	5.0250	30.6000
187	2822	23.7500	49.7000
188	2816	6.3750	25.8500
189	2815	7.1750	27.2000
189	2820	15.8250	50.7250
189	2821	16.2750	48.9500
189	2829	6.9250	54.6500
190	2817	4.9250	29.1500
191	2822	23.2000	49.7000
192	2816	6.3750	26.7000
193	2815	7.1750	27.8250
193	2820	15.1750	50.7250
193	2821	15.6500	48.9500
193	2829	7.6750	54.8500
194	2817	4.9250	27.5000
195	2822	22.5500	49.7000
196	2816	6.4750	27.3000
197	2815	7.0750	28.6500
197	2820	14.5500	50.7250
197	2821	15.0000	48.9500
197	2829	8.3000	54.8500
198	2817	5.1250	25.8500
199	2822	22.0000	49.7000
200	2816	6.4750	28.1250
201	2815	6.9750	29.2750
201	2820	14.0000	50.7250
201	2821	14.3500	48.9500
201	2829	8.9500	54.8500
202	2817	5.3000	24.2000
203	2822	21.4500	49.5000
204	2816	6.5750	28.7500
205	2815	6.9750	29.8750
205	2820	13.3500	50.7250
205	2821	13.7250	48.9500
205	2829	9.5750	55.0500
206	2817	5.4750	22.3500
207	2822	20.8250	49.5000
208	2816	6.5750	29.5750
209	2815	6.9000	30.5000
209	2820	12.7250	50.7250
209	2821	13.1000	48.9500
209	2829	10.3000	55.0500
210	2817	5.6750	20.7000
211	2822	20.2750	49.5000
212	2816	6.5750	30.2000
213	2815	6.9000	31.1250
213	2820	12.1750	50.7250
213	2821	12.4500	48.9500
213	2829	10.9500	55.2500
214	2817	5.8500	19.2500
215	2822	19.6500	49.5000
216	2816	6.6750	30.6000
217	2815	6.9000	31.3250
217	2820	11.5500	50.7250
217	2821	11.8000	48.9500
217	2829	11.5750	55.2500
218	2817	5.8500	17.6000
219	2822	19.1000	49.5000
220	2816	6.6750	30.6000
221	2815	6.9000	31.3250
221	2820	10.9000	50.7250
221	2821	11.1750	48.9500
221	2829	12.3250	55.2500
222	2817	5.8500	16.3750
223	2822	18.4500	49.5000
224	2816	6.6750	30.6000
225	2815	6.9000	31.3250
225	2820	10.2500	50.7250
225	2821	10.5500	48.9500
225	2829	12.9500	55.4500
226	2817	5.8500	15.1500
227	2822	17.9000	49.2500
228	2816	6.6750	30.6000
229	2815	6.9000	31.3250
229	2820	9.7250	50.7250
229	2821	9.9000	48.9500
229	2829	13.5750	55.4500
230	2817	5.9250	13.5000
231	2822	17.3500	49.2500
232	2816	6.6750	30.6000
233	2815	6.9000	31.3250
233	2820	9.0750	50.7250
233	2821	9.2500	48.9500
233	2829	14.2250	55.4500
234	2817	6.0250	11.8500
235	2822	16.7250	49.2500
236	2816	6.6750	30.6000
237	2815	6.9000	31.3250
237	2820	8.4500	50.7250
237	2821	8.6250	48.9500
237	2829	14.9500	55.6500
238	2817	6.0250	9.9750
239	2822	16.1750	49.2500
240	2816	6.6750	30.6000
241	2815	6.9000	31.3250
241	2820	7.8000	50.7250
241	2821	8.0000	48.9500
241	2829	15.5750	55.6500
242	2817	6.1250	8.3250
243	2822	15.5500	49.2500
244	2816	6.6750	30.6000
245	2815	6.9000	31.3250
245	2820	7.2500	50.7250
245	2821	7.3500	48.9500
245	2829	16.2250	55.6500
246	2832	64.8000	60.9250
247	2817	6.2250	7.1000
248	2822	15.0000	49.2500
249	2816	6.6750	30.6000
250	2815	6.9000	31.3250
250	2820	7.3000	50.8250
250	2821	7.1750	49.3750
250	2829	16.9500	55.7500
251	2832	64.4000	60.3000
252	2817	6.2250	5.8500
253	2822	14.4000	49.2500
254	2816	6.6750	30.6000
255	2815	6.9000	31.3250
255	2820	6.8000	50.8250
255	2821	6.8000	49.5750
255	2829	17.6750	55.7500
256	2832	64.0500	59.8000
257	2817	6.0250	4.6250
258	2822	13.8250	49.2500
259	2816	6.6750	30.6000
260	2820	6.0750	50.5250
260	2821	6.2500	49.3750
260	2829	18.3750	55.7500
261	2832	63.7000	59.2750
262	2822	13.2250	49.2500
263	2820	5.5250	50.5250
263	2821	5.6750	49.3750
263	2829	19.0750	55.7500
264	2832	63.3750	58.7500
265	2823	2.6250	39.0500
266	2822	12.6250	49.5000
267	2820	4.9750	50.5250
267	2821	4.9750	49.2750
267	2829	19.8250	55.7500
268	2832	63.0250	58.3500
269	2823	2.7250	38.8500
270	2822	12.0250	49.5000
271	2820	4.4250	50.5250
271	2821	4.3000	49.1750
271	2829	20.4750	55.7500
272	2811	2.3750	56.7000
273	2832	62.6250	57.7250
274	2823	3.3250	38.4500
275	2822	11.4500	49.5000
276	2820	3.9000	50.5250
276	2821	3.6750	49.0750
276	2829	21.1000	55.7500
277	2811	2.9250	56.5000
278	2832	61.9750	57.3000
279	2823	3.9750	38.2500
280	2822	10.8250	49.7000
281	2820	3.2500	50.5250
281	2821	3.0250	49.0750
281	2829	21.7250	55.7500
282	2811	3.4750	56.5000
283	2832	61.4250	57.1000
284	2823	4.6250	37.8250
285	2822	10.2250	49.7000
286	2820	2.7000	50.5250
286	2821	2.4250	49.0750
286	2829	22.3750	55.7500
287	2811	4.0250	56.5000
288	2832	60.7750	56.7000
289	2823	4.8750	37.2000
290	2822	9.6750	49.7000
291	2820	2.1000	50.7250
291	2821	1.8750	49.0750
291	2829	22.9250	55.8750
292	2811	4.5750	56.5000
293	2832	60.1500	56.3000
294	2823	5.0750	36.6000
295	2822	9.0750	49.7000
296	2820	1.5750	50.7250
296	2821	1.3500	49.2750
296	2829	23.5500	55.8750
297	2811	5.1250	56.2750
298	2832	59.5250	55.8750
299	2823	5.2500	36.1750
300	2822	8.5000	49.9000
301	2820	0.9750	50.9250
301	2821	0.8000	49.2750
301	2829	24.1750	55.8750
302	2811	5.6750	56.2750
303	2832	58.8750	55.6500
304	2823	5.4250	35.5500
304	2824	6.2250	3.4000
305	2822	7.9000	49.9000
306	2829	24.8250	55.8750
307	2811	6.2500	56.2750
308	2832	58.2250	55.2500
309	2823	5.6250	34.9500
309	2824	6.2750	4.0000
310	2822	7.3000	49.9000
311	2829	25.4750	55.8750
312	2811	6.8000	56.2750
313	2832	57.6000	54.8500
314	2823	5.7250	34.3250
314	2824	6.3500	4.8250
315	2822	6.7000	50.1000
316	2829	26.1000	55.8750
317	2811	7.3500	56.0750
318	2832	56.9750	54.4250
319	2823	5.8750	33.7000
319	2824	6.3500	5.4500
320	2822	6.1750	50.1000
321	2829	26.7250	55.8750
322	2811	7.9000	56.0750
323	2832	56.4250	54.2250
324	2823	6.0750	33.3000
324	2824	6.3500	5.8500
325	2822	5.6250	50.1000
326	2829	27.3750	55.8750
327	2811	8.4500	56.0750
328	2832	55.7750	53.8000
329	2823	6.2750	32.6750
329	2824	6.2750	6.2500
330	2822	4.9750	50.3000
331	2829	28.0250	55.8750
332	2811	8.9750	56.0750
333	2832	55.1500	53.4000
334	2823	6.4250	32.0500
334	2824	6.1750	6.7000
335	2822	4.4500	50.3000
336	2829	28.6500	55.8750
337	2811	9.5250	56.0750
338	2832	54.3250	53.0000
339	2823	6.6250	31.4250
339	2824	6.0750	7.1000
340	2822	3.9000	50.3000
341	2829	29.2750	55.8750
342	2811	10.1750	56.0750
343	2832	53.4250	52.7750
344	2823	6.8000	30.8000
344	2824	5.9750	7.7000
345	2822	3.3500	50.1000
346	2829	29.9250	55.8750
347	2811	10.7250	56.0750
348	2832	52.5250	52.3500
349	2823	6.8750	30.4000
349	2824	5.9750	8.1250
350	2822	2.9000	49.9000
351	2829	30.5750	55.8750
352	2811	11.2750	56.0750
353	2832	51.5000	52.1500
354	2823	7.0750	29.7750
354	2824	5.8750	8.5500
355	2822	2.3500	49.7000
356	2829	31.2000	55.8750
357	2811	11.8250	56.2750
358	2832	50.5750	51.7500
359	2823	7.2750	29.1500
359	2824	5.8000	8.9500
360	2822	1.9000	49.5000
361	2829	31.8250	55.8750
362	2811	12.3500	56.2750
363	2832	49.6750	51.5500
364	2823	7.2750	28.5500
364	2824	5.8000	9.3500
365	2829	32.4750	55.8750
366	2811	12.9000	56.5000
367	2832	48.9500	51.3500
368	2823	7.2750	27.9250
368	2824	5.8000	10.0000
369	2829	33.2000	55.8750
370	2811	13.4500	56.5000
371	2832	48.3250	51.1250
372	2823	7.2750	27.2000
372	2824	5.7250	10.4000
373	2829	33.8250	55.8750
374	2811	14.0000	56.5000
375	2832	47.5750	51.1250
376	2823	7.2750	26.6000
376	2824	5.7250	10.8000
377	2829	34.4750	55.8750
378	2811	14.5500	56.7000
379	2832	46.8750	50.9250
380	2823	7.2750	25.8500
380	2824	5.7250	11.4250
381	2829	35.1250	55.8750
382	2811	15.0750	56.7000
383	2832	46.2250	50.9250
384	2823	7.2750	25.2500
384	2824	5.6250	11.8500
384	2830	64.1750	96.7000
385	2829	35.8500	55.8750
386	2831	63.9000	55.1500
387	2811	15.6250	56.7000
388	2832	45.6250	50.7000
389	2823	7.2750	24.5250
389	2824	5.6250	12.2500
389	2830	64.1750	96.1000
390	2829	36.4750	55.8750
391	2831	63.3500	55.1500
392	2811	16.1750	56.7000
393	2832	45.0000	50.6000
394	2823	7.2750	23.9000
394	2824	5.6250	12.8500
394	2830	64.1750	95.4750
395	2829	37.1250	55.8750
396	2831	62.8000	55.1500
397	2811	16.8250	56.9000
398	2832	44.4500	50.5000
399	2823	7.1750	23.3000
399	2824	5.5250	13.3000
399	2830	64.1750	94.8500
400	2829	37.8500	55.8750
401	2831	62.2500	55.1500
402	2811	17.3750	56.9000
403	2832	43.8500	50.4000
404	2823	7.1750	22.6500
404	2824	5.5250	13.7000
404	2830	64.1750	94.2500
405	2829	38.4500	55.8750
406	2831	61.7000	55.1500
407	2811	17.9250	56.9000
408	2832	43.2750	50.2000
409	2823	7.1750	22.0500
409	2824	5.5250	14.3000
409	2830	64.1750	93.8250
410	2829	38.9750	55.8750
411	2831	61.1500	55.1500
412	2811	18.5500	57.1000
413	2832	42.7250	50.2000
414	2823	7.1750	21.4250
414	2824	5.5250	14.7250
414	2830	64.1750	93.2000
415	2829	39.5750	55.8750
416	2831	60.4500	54.9250
417	2811	19.1000	57.1000
418	2832	42.0250	50.0000
419	2823	7.0750	20.8000
419	2824	5.5250	15.1500
419	2830	64.2250	92.6000
420	2829	40.1750	55.8750
421	2831	59.7000	54.9250
422	2811	19.6250	57.1000
423	2832	41.3250	50.0000
424	2823	7.0750	20.2000
424	2824	5.5250	15.7500
424	2830	64.2250	91.9500
425	2829	40.8000	55.8750
426	2831	59.0500	54.9250
427	2811	20.1750	57.1000
428	2832	40.5750	50.0000
429	2823	7.0750	19.5750
429	2824	5.5250	16.1500
429	2830	64.2250	91.3500
430	2829	41.4000	55.8750
431	2831	58.3500	54.7250
432	2811	20.8250	57.3250
433	2832	39.7750	49.8000
434	2823	6.9750	18.9500
434	2824	5.5250	16.6000
434	2830	64.2250	90.9500
435	2829	42.0000	55.8750
436	2831	57.6000	54.7250
437	2811	21.3750	57.3250
438	2832	39.0250	49.8000
439	2823	6.9750	18.3500
439	2824	5.6250	17.2000
439	2830	64.2250	90.3000
440	2829	42.6000	55.8750
441	2831	56.9500	54.7250
442	2811	21.9250	57.3250
443	2832	38.3250	49.8000
444	2823	6.9750	17.7000
444	2824	5.8000	17.6000
444	2830	64.2250	89.7000
445	2829	43.2250	56.0750
446	2831	56.2000	54.6250
447	2811	22.4750	57.4250
448	2832	37.7250	49.6750
449	2823	6.9750	17.1000
449	2824	5.9750	18.2500
449	2830	64.0750	88.7750
450	2829	44.0500	55.8500
451	2831	55.2250	54.6250
452	2811	22.7750	57.3000
453	2832	37.5250	49.7750
454	2823	6.8750	16.4750
454	2824	6.1750	18.6500
454	2830	63.9000	87.5250
455	2829	44.8500	55.8750
456	2831	54.2750	54.6250
457	2811	23.1000	57.3000
458	2832	37.2500	49.7750
459	2823	6.8000	15.8500
459	2824	6.3500	19.0500
459	2830	63.7500	86.9250
460	2829	45.7750	55.7750
461	2831	53.2750	54.6250
462	2811	23.4000	57.3000
463	2832	36.6000	49.7750
464	2830	63.7500	86.5000
465	2829	45.9500	55.6750
466	2831	52.3750	54.6250
467	2811	23.7500	57.2000
468	2832	36.0250	49.7750
469	2830	63.7000	86.0750
470	2829	45.7750	55.2500
471	2831	51.6500	54.4250
472	2811	24.5500	57.3000
473	2832	35.4000	49.7750
474	2830	63.7000	85.8750
475	2829	46.3000	55.2500
476	2831	51.0000	54.4250
477	2811	25.3750	57.3000
478	2832	34.8000	49.7750
479	2830	63.7000	85.0750
480	2829	47.8000	55.6750
481	2831	50.3250	54.4250
482	2811	26.1500	57.3000
483	2832	34.1500	49.6750
484	2830	63.7000	84.3250
485	2829	48.6500	56.0750
486	2831	49.7000	54.4250
487	2811	26.7000	57.3000
488	2832	33.3500	49.4750
489	2830	63.7000	83.5250
490	2829	49.2500	56.5000
491	2831	49.0000	54.4250
492	2811	27.2500	57.3000
493	2832	32.4250	49.2750
494	2830	63.7000	82.8750
495	2829	49.7750	56.8000
496	2831	48.3000	54.4250
497	2811	27.7000	57.1000
498	2832	31.8500	48.8750
499	2830	63.6000	82.2750
500	2829	50.5500	56.5000
501	2831	47.6500	54.4250
502	2811	28.2000	57.1000
503	2832	31.2500	48.6750
504	2830	63.5250	81.8750
505	2829	51.2750	56.0750
506	2831	47.0000	54.3250
507	2811	28.7000	56.9000
508	2832	30.7000	48.4250
509	2830	63.5250	80.8250
510	2829	52.0500	55.8750
511	2831	46.3000	54.3250
512	2811	29.3000	56.9000
513	2832	30.1000	48.2250
514	2830	63.5250	79.5750
515	2829	52.5000	55.8750
516	2831	45.7000	54.3250
517	2811	30.2000	56.9000
518	2832	29.5000	48.0250
519	2830	63.5250	78.5750
520	2829	53.0500	56.0750
521	2831	45.0000	54.3250
522	2811	30.8500	56.7000
523	2832	28.8000	48.0250
524	2830	63.6000	78.3750
525	2829	53.7250	56.0750
526	2831	44.3500	54.3250
527	2811	31.1000	56.7000
528	2832	28.1000	48.4250
529	2830	63.7000	78.1250
530	2829	54.5500	55.8750
531	2831	43.6750	54.2250
532	2811	31.4000	56.5000
533	2832	27.4250	48.6750
534	2830	63.9000	78.1250
535	2829	55.3750	55.6500
536	2831	43.0500	54.2250
537	2811	31.7500	56.5000
538	2832	26.7000	48.6750
539	2830	63.9000	77.7250
540	2829	56.1000	55.4500
541	2831	42.3500	54.2250
542	2811	32.4000	56.9000
543	2832	25.9750	48.8750
544	2830	63.7000	77.1250
545	2829	56.7500	55.4500
546	2831	41.7250	54.1250
547	2811	32.9500	57.3000
548	2832	24.9750	48.8750
549	2830	63.6000	76.4750
550	2829	57.3750	55.3500
551	2831	41.0750	54.1250
552	2811	33.5000	57.7250
553	2832	23.4250	48.0250
554	2830	63.4250	75.8750
555	2829	58.0250	55.2500
556	2831	40.4000	54.1250
557	2811	34.0250	58.1500
558	2832	21.9500	47.4250
559	2830	63.4250	75.6750
560	2829	58.6500	55.2500
561	2831	39.7750	54.1250
562	2811	34.5500	58.5500
563	2832	21.2250	47.4250
564	2830	63.4250	75.2750
565	2829	59.2000	55.1500
566	2831	39.0750	54.1250
567	2811	35.1000	58.5500
568	2832	20.5000	47.4250
569	2830	63.4250	75.0750
570	2829	59.8250	55.1500
571	2831	38.4250	54.1250
572	2811	35.6500	58.3500
573	2832	19.8750	47.4250
574	2830	63.4250	74.6250
575	2829	60.4750	55.0500
576	2831	37.7750	54.1250
577	2811	36.2000	58.1500
578	2832	19.2250	47.4250
579	2830	63.4250	74.6250
580	2829	61.0250	54.9500
581	2831	37.1250	54.0250
582	2811	36.8500	57.7250
583	2832	18.6000	47.6250
584	2830	63.4250	74.6250
585	2829	61.5750	55.0500
586	2831	36.4250	54.0250
587	2811	37.5000	57.5250
588	2832	17.6750	47.6250
589	2830	63.4250	74.6250
590	2829	62.1000	55.0500
591	2831	35.8000	54.0250
592	2811	38.1000	57.5250
593	2832	16.7750	47.6250
594	2830	63.4250	74.6250
595	2829	62.6500	54.8250
596	2831	35.1250	53.9250
597	2811	38.7500	57.3000
598	2832	15.9500	47.6250
599	2830	63.4250	74.6250
600	2829	63.0250	54.2250
601	2831	34.4750	53.9250
602	2811	39.2000	56.9000
603	2832	15.2250	47.6250
604	2830	63.4250	74.6250
605	2829	63.4750	53.6250
606	2831	33.8000	53.9250
607	2811	39.8500	57.1000
608	2832	14.6000	47.6250
609	2830	63.4250	74.4250
610	2829	63.5750	53.6250
611	2831	33.1500	53.9250
612	2811	40.6000	57.5250
613	2832	14.0500	47.6250
614	2830	63.4250	74.4250
615	2829	63.5750	53.6250
616	2831	32.4750	53.9250
617	2811	41.1250	57.3000
618	2832	13.6750	47.6250
619	2830	63.4250	74.4250
620	2829	63.5750	53.6250
621	2831	31.8500	53.8250
622	2811	41.6500	57.1000
623	2832	13.3250	47.6250
624	2830	63.4250	74.4250
625	2829	63.5750	53.6250
626	2831	31.1500	53.8250
627	2811	42.1500	56.9000
628	2832	12.8500	47.6250
629	2830	63.4250	74.4250
630	2829	63.5750	53.6250
631	2831	30.5000	53.8250
632	2811	42.6000	56.9000
633	2832	12.2000	47.8250
634	2830	63.4250	74.4250
635	2829	63.5750	53.6250
636	2831	29.8500	53.8250
637	2811	43.0500	56.9000
638	2832	11.6000	48.0250
639	2830	63.4250	74.4250
639	2833	54.1000	48.7750
640	2829	63.5750	53.6250
641	2831	29.2000	53.8250
642	2811	43.5000	56.9000
643	2832	11.0500	48.2250
644	2830	63.4250	74.4250
644	2833	53.4250	48.7750
645	2829	63.5750	53.6250
646	2831	28.5250	53.8250
647	2811	44.0500	56.9000
648	2832	10.4000	48.4250
649	2830	63.0500	73.8250
649	2833	52.7250	48.7750
650	2829	63.5750	53.6250
651	2831	27.8750	53.8250
652	2811	44.6000	56.9000
653	2832	9.6500	48.4250
654	2830	62.8000	73.1750
654	2833	52.1500	48.3250
655	2829	63.5750	53.6250
656	2831	27.1500	53.8250
657	2811	44.9500	56.8000
658	2832	8.9000	48.3250
659	2830	62.8000	72.6750
659	2833	51.4250	48.3250
660	2829	63.5750	53.6250
661	2831	26.4750	53.8250
662	2811	45.3500	56.7000
663	2832	8.2000	48.3250
664	2830	62.8000	72.1750
664	2833	50.6750	48.3250
665	2829	63.5750	53.6250
666	2831	25.7250	53.8250
667	2811	45.8000	56.6000
668	2832	7.5750	48.3250
669	2830	62.8500	71.6500
669	2833	49.9750	48.3250
670	2831	25.0750	53.9250
671	2811	46.2000	56.5000
672	2832	6.9000	48.3250
673	2830	62.8500	71.2250
673	2833	49.2750	48.4250
674	2831	24.3250	53.9250
675	2811	46.6500	56.5000
676	2832	6.2750	48.3250
677	2830	62.9000	70.6250
677	2833	48.5500	48.4250
678	2831	23.6000	54.0250
679	2811	47.0500	56.4000
680	2832	5.5750	48.3500
681	2830	62.9000	70.1000
681	2833	47.8750	48.4250
682	2831	22.9250	54.0250
683	2811	47.5000	56.2750
684	2832	4.8750	48.3500
685	2830	62.9250	69.6750
685	2833	47.1000	48.4250
686	2831	22.1750	54.0250
687	2811	47.9000	56.1750
688	2832	4.2000	48.3500
689	2830	62.9250	69.0750
689	2833	46.4000	48.5500
690	2831	21.5250	54.1250
691	2811	48.2750	56.0750
692	2832	3.5750	48.3500
693	2830	62.9750	68.6750
693	2833	45.7250	48.5500
694	2831	20.7750	54.1250
695	2811	48.7250	55.9750
696	2832	2.9000	48.3500
697	2830	62.9750	68.1500
697	2833	45.0000	48.5500
698	2831	20.0500	54.2250
699	2811	49.1250	55.8750
700	2832	2.2500	48.3500
701	2830	63.0250	67.5250
701	2833	44.3000	48.5500
702	2831	19.3750	54.2250
703	2811	49.6000	55.8750
704	2832	1.9000	48.2500
705	2830	63.0250	67.1250
705	2833	43.5500	48.6500
706	2831	18.6250	54.2250
707	2811	50.0000	55.7750
708	2832	1.6250	48.0250
709	2830	63.0250	66.6000
709	2833	42.8500	48.6500
710	2831	17.9500	54.3250
711	2811	50.4250	55.6750
712	2832	1.3250	47.8250
713	2830	63.0750	66.0750
713	2833	42.1250	48.6500
714	2831	17.2250	54.3250
715	2811	50.8250	55.5750
716	2830	63.0750	65.5750
716	2833	41.4500	48.6500
717	2831	16.6000	54.5250
718	2811	50.8250	55.4500
719	2830	63.1750	65.3500
719	2833	40.8000	48.6500
720	2831	15.9500	54.5250
721	2811	50.3750	55.2500
722	2830	63.1750	65.1500
722	2833	40.1250	48.6500
723	2831	15.3250	54.5250
724	2811	50.0000	55.0500
725	2830	63.1750	64.9500
725	2833	39.5000	48.6500
726	2831	14.7750	54.5250
727	2811	49.5500	54.6250
728	2830	63.1750	64.8500
728	2833	38.8000	48.4500
729	2831	14.1250	54.5250
730	2811	49.0750	54.4250
731	2830	63.1750	64.6500
731	2833	38.1750	48.4500
732	2831	13.5750	54.5250
733	2811	48.6250	54.2250
734	2830	63.1750	64.4250
734	2833	37.5250	48.3500
735	2831	12.9500	54.5250
736	2811	48.2750	54.0250
737	2830	63.1750	64.3250
737	2833	36.9000	48.3500
738	2831	12.3000	54.5250
739	2811	47.8250	53.8000
740	2830	63.1750	64.2250
740	2833	36.2500	48.2250
741	2831	11.7750	54.5250
742	2811	47.3750	53.4000
743	2830	63.1750	64.0250
743	2833	35.6250	48.1250
744	2831	11.1250	54.5250
745	2811	47.0000	53.2000
746	2830	63.2000	63.8000
746	2833	34.9250	48.1250
747	2831	10.5000	54.5250
748	2811	46.5250	52.9750
749	2830	63.2000	63.4000
749	2833	34.3000	48.0250
750	2831	9.9500	54.5250
751	2811	46.0750	52.7750
752	2830	63.2000	63.2000
752	2833	33.6500	47.9250
753	2831	9.3000	54.5250
754	2811	45.6250	52.5750
755	2830	63.2000	63.0000
755	2833	33.0250	47.9250
756	2831	8.6750	54.5250
757	2811	45.2750	52.1500
758	2830	63.2000	62.5750
758	2833	32.3750	47.9250
759	2831	8.0250	54.3250
760	2811	44.7250	51.9500
761	2830	63.2000	62.3750
761	2833	31.7500	47.7250
762	2831	7.3000	54.3250
763	2811	44.0750	51.9500
764	2830	63.2000	62.1500
764	2833	31.0250	47.7250
764	2836	7.4000	19.4750
765	2831	6.5750	54.3250
766	2811	43.4500	51.7500
767	2830	63.2000	61.9500
767	2833	30.3750	47.7250
767	2836	7.0750	19.4750
768	2831	5.8500	54.3250
769	2811	42.8250	51.5500
770	2830	63.2000	61.5500
770	2833	29.7500	47.5250
770	2836	6.8000	19.4750
771	2831	5.0250	54.3250
772	2811	42.1750	51.5500
773	2830	63.2000	61.3500
773	2833	29.0250	47.5250
773	2836	6.5250	19.4750
774	2831	4.3000	54.1250
775	2811	41.5250	51.3250
776	2830	63.2000	61.0250
776	2833	28.3750	47.5250
776	2836	6.2500	19.4750
777	2831	3.5750	54.1250
778	2811	40.9000	51.1250
779	2830	63.0750	60.7250
779	2833	27.7500	47.3250
779	2836	6.1750	19.7750
780	2831	2.7500	54.1250
781	2811	40.2750	51.1250
782	2830	62.9250	60.4000
782	2833	27.0250	47.3250
782	2836	6.1750	20.2000
783	2831	2.0250	54.1250
784	2811	39.6250	50.9250
785	2834	1.0250	80.0000
785	2835	1.9750	78.4500
786	2830	62.7750	60.0000
786	2833	26.3750	47.3250
786	2836	6.0750	20.8000
787	2837	2.7500	37.2250
788	2831	1.3000	54.1250
789	2811	39.0750	50.7250
790	2834	1.4250	80.4000
790	2835	2.3000	78.6750
791	2830	62.9750	59.5750
791	2833	25.7500	47.3250
791	2836	6.0750	21.2250
792	2837	3.1250	36.5750
793	2831	1.1000	54.1250
794	2811	38.5250	50.5000
795	2834	1.8750	80.8250
795	2835	2.6750	79.0750
796	2830	63.3250	58.7500
796	2833	25.1000	47.3250
796	2836	5.9750	21.6500
797	2837	3.4750	35.9750
798	2831	0.8750	54.1250
799	2811	38.0750	50.5000
800	2834	2.3250	81.3500
800	2835	3.0250	79.4750
801	2830	63.5250	58.1500
801	2833	24.4750	47.3250
801	2836	5.9750	22.2500
802	2837	3.8500	35.3500
803	2831	0.6750	54.1250
804	2811	37.5250	50.3000
805	2834	2.8000	81.7500
805	2835	3.3750	79.8000
806	2830	63.7000	57.5250
806	2833	23.8750	47.3250
806	2836	5.9750	22.6500
807	2837	4.0250	34.6250
808	2811	37.1750	50.2000
809	2834	3.3000	82.1750
809	2835	3.8750	80.4250
810	2830	63.8000	57.1000
810	2833	23.3750	47.4250
810	2836	6.0250	23.3000
811	2837	4.1250	34.0250
812	2811	36.7500	50.1000
813	2834	3.7500	82.5750
813	2835	4.3500	80.9250
814	2830	63.8750	56.5000
814	2833	22.8000	47.4250
814	2836	6.0750	23.8000
815	2837	4.1750	33.2750
816	2811	36.3500	50.2000
817	2834	4.2500	83.0000
817	2835	4.8250	81.5500
818	2833	22.2250	47.5250
818	2836	6.1250	24.4000
819	2837	4.3000	32.6750
820	2811	36.0000	50.1000
821	2834	4.7000	83.3000
821	2835	5.3250	82.1500
822	2833	21.7250	47.6250
822	2836	6.2250	24.9500
823	2837	4.3500	31.9500
824	2811	35.5500	50.1000
825	2834	5.2000	83.7250
825	2835	5.8500	82.7000
826	2833	21.1750	47.7250
826	2836	6.2750	25.6500
827	2837	4.4750	31.4250
828	2811	35.2500	50.2000
829	2834	5.7000	84.1250
829	2835	6.3000	83.3000
830	2833	20.6000	47.8500
830	2836	6.3500	26.2750
831	2837	4.5250	30.7000
832	2812	64.6250	57.5250
833	2811	34.7000	50.2000
834	2834	6.2000	84.3250
834	2835	6.8500	83.8000
835	2833	19.9750	47.8500
835	2836	6.3750	26.8000
836	2837	4.6000	30.1000
837	2812	64.0750	57.3250
838	2811	34.1500	50.2000
839	2834	6.7000	84.9500
839	2835	7.3500	84.4500
840	2833	19.3250	47.8500
840	2836	6.4750	27.4000
841	2837	4.7000	29.4750
842	2812	63.5250	57.1000
843	2811	33.6000	50.2000
844	2834	7.0750	85.3750
844	2835	7.7250	84.8500
845	2833	18.6750	48.0500
845	2836	6.5250	27.9250
846	2837	4.8000	28.7500
847	2812	63.0750	56.9000
848	2811	33.0500	50.2000
849	2834	7.5500	85.9750
849	2835	8.1750	85.4500
850	2833	17.9750	48.0500
850	2836	6.5250	28.5500
851	2837	4.8500	28.1250
852	2812	62.5250	56.7000
853	2811	32.5250	50.2000
854	2834	8.0000	86.4000
854	2835	8.6250	85.9000
855	2833	17.3250	48.0500
855	2836	6.4250	29.1500
856	2837	4.9750	27.5000
857	2812	62.0750	56.5000
858	2811	31.9750	50.0000
859	2834	8.4500	87.0250
859	2835	9.0750	86.5000
860	2833	16.6750	48.0500
860	2836	6.3500	29.5750
861	2837	5.0250	26.9000
862	2812	61.5250	56.2750
863	2811	31.4250	50.0000
864	2834	8.9000	87.4250
864	2835	9.5250	86.9000
865	2833	16.0250	48.0500
865	2836	6.1750	30.2000
866	2837	5.1250	26.1500
867	2812	60.9750	56.0750
868	2811	30.9000	50.0000
869	2834	9.2500	88.0500
869	2835	10.0000	87.5500
870	2833	15.4250	48.0500
870	2836	6.0750	30.6000
871	2837	5.2250	25.5500
872	2812	60.5250	55.8750
873	2811	30.3500	50.0000
874	2834	9.7000	88.4500
874	2835	10.4500	87.9500
875	2833	14.6750	48.0500
875	2836	5.9750	31.2250
876	2837	5.3000	24.9500
877	2812	59.9750	55.6750
878	2811	29.9000	49.8000
879	2834	10.1750	89.0750
879	2835	10.9000	88.5500
880	2833	14.0250	48.2500
880	2836	5.8000	31.8500
881	2837	5.3750	24.3000
882	2812	59.5250	55.6750
883	2811	29.4250	49.8000
884	2834	10.6250	89.5000
884	2835	11.3500	88.9750
885	2833	13.4000	48.6500
885	2836	5.7250	32.2500
886	2837	5.3750	23.5000
887	2812	58.9750	55.2500
888	2811	28.8750	49.8000
889	2834	11.1000	90.1000
889	2835	11.8000	89.4000
890	2833	12.7750	48.6500
890	2836	5.6250	32.8750
891	2837	5.4750	22.8500
892	2812	58.4250	54.8500
893	2811	28.3500	49.8000
894	2834	11.5500	90.5250
894	2835	12.2750	90.0000
895	2833	12.0250	48.6500
895	2836	5.5250	33.5000
896	2837	5.5750	22.2500
897	2812	57.9250	54.6250
898	2811	27.8000	49.8000
899	2834	12.0000	90.9250
899	2835	12.7250	90.4000
900	2833	11.4000	48.4500
900	2836	5.1750	33.9000
901	2837	5.6750	21.6500
902	2812	57.3750	54.2250
903	2811	27.2500	49.8000
904	2834	12.4500	91.5500
904	2835	13.1750	90.8500
905	2833	10.7750	48.4500
905	2836	4.8750	34.3250
906	2837	5.7500	21.0000
907	2812	56.8250	53.9000
908	2811	26.7000	49.8000
909	2834	12.9000	91.9750
909	2835	13.7250	91.2500
910	2833	10.0250	48.2500
910	2836	4.6250	34.7250
911	2837	5.6750	20.6000
912	2812	56.3750	53.6000
913	2811	26.0500	49.8000
914	2834	13.3500	92.5750
914	2835	14.1750	91.8500
915	2833	9.4000	48.2500
915	2836	4.3250	35.3500
916	2837	5.5750	20.2000
917	2812	55.8250	53.3000
918	2811	25.5000	49.8000
919	2834	13.8000	93.0000
919	2835	14.6250	92.2750
920	2833	8.7750	48.2500
920	2836	4.0750	35.7500
921	2837	5.5750	19.5500
922	2812	55.2750	52.8750
923	2811	24.9500	49.8000
924	2834	14.3000	93.5000
924	2835	15.0000	92.9000
925	2833	8.0250	48.0500
925	2836	3.7250	36.1750
926	2837	5.5750	18.7500
927	2812	54.7750	52.6750
928	2811	24.4250	49.8000
929	2834	14.7250	94.1250
929	2835	15.3500	93.3000
930	2833	7.3750	48.0500
930	2836	3.4250	36.6000
931	2837	5.6750	17.9000
932	2812	54.2250	52.2500
933	2811	23.8750	49.8000
934	2834	15.1750	94.6500
934	2835	15.7250	93.9250
935	2833	6.6750	47.8500
935	2836	3.0750	37.0000
936	2837	5.6750	17.1000
937	2812	53.6750	52.0500
938	2811	23.3250	49.8000
939	2834	15.6250	95.2500
939	2835	16.1000	94.5500
940	2833	5.7750	47.8500
940	2836	2.6250	37.0000
941	2837	5.7500	16.5000
942	2812	53.1250	51.6500
943	2811	22.8000	49.8000
944	2834	16.0500	95.8000
944	2835	16.4500	95.1500
945	2833	4.9250	47.8500
945	2836	2.1750	37.0000
946	2837	5.8500	15.6500
947	2812	52.6000	51.6500
948	2811	22.2500	49.8000
949	2834	16.5000	96.2000
949	2835	16.9000	95.3500
950	2833	4.0250	47.8500
950	2836	1.7250	37.0000
951	2837	5.8500	14.8500
952	2812	52.0500	51.4500
953	2811	21.7000	50.0000
954	2834	16.9500	96.6000
954	2835	17.3750	95.5750
955	2833	3.4250	47.8500
955	2836	1.2500	37.0000
956	2837	5.9250	14.0000
957	2812	51.5000	51.2250
958	2811	21.1500	50.0000
959	2834	17.4500	96.9000
959	2835	17.9000	95.5750
960	2833	2.8000	48.0500
961	2837	5.9250	13.4000
962	2812	50.9750	51.0250
963	2811	20.7000	50.0000
964	2834	17.8250	97.3250
964	2835	18.4500	96.0000
965	2833	2.2000	48.2500
966	2837	6.0250	12.5500
967	2812	50.4250	51.0250
968	2811	20.1500	50.0000
969	2834	18.1750	97.5250
969	2835	18.9000	96.6000
970	2833	1.5750	48.4500
971	2837	6.0250	11.7500
972	2812	49.8750	50.8250
973	2811	19.6000	50.0000
974	2834	18.4750	97.8250
974	2835	19.3750	97.3250
975	2837	6.1250	10.9000
976	2812	49.3250	50.6000
977	2811	19.1500	50.0000
978	2837	6.2250	10.3000
979	2812	48.7750	50.4000
980	2811	18.6000	49.8000
981	2837	6.2250	9.6500
982	2812	48.2250	50.4000
983	2811	18.0500	49.8000
984	2837	6.2250	9.0500
985	2812	47.6750	50.2000
986	2811	17.4000	49.8000
987	2837	6.3000	8.8500
988	2812	47.0250	50.0000
989	2811	16.8500	49.8000
990	2837	6.2250	8.2500
991	2812	46.5000	49.5750
992	2811	16.2250	49.8000
993	2837	6.2250	7.2000
994	2812	45.9500	49.1750
995	2811	15.6750	49.7000
996	2837	6.2250	6.1500
997	2812	45.4000	49.1750
998	2811	15.1500	49.7000
999	2837	6.2250	5.5500
1000	2812	44.8750	49.1750
1001	2811	14.6250	49.7000
1002	2812	44.3250	49.1750
1003	2811	14.1000	49.7000
1004	2812	43.7750	49.1750
1005	2811	13.5500	49.7000
1006	2812	43.2250	49.1750
1007	2811	13.0250	49.7000
1008	2812	42.6750	49.1750
1009	2811	12.5500	49.7000
1010	2797	64.7000	94.9750
1011	2812	42.1250	49.1750
1012	2811	12.0250	49.7000
1013	2797	64.7000	92.6750
1014	2812	41.5750	49.0500
1015	2811	11.5000	49.7000
1016	2797	64.7000	90.6250
1017	2812	41.0250	49.0500
1018	2811	10.9750	49.7000
1019	2797	64.7000	88.5750
1020	2812	40.4750	49.0500
1021	2811	10.4500	49.7000
1022	2797	64.7000	86.5000
1023	2812	39.9250	49.0500
1024	2811	9.9750	49.7000
1025	2797	64.7000	84.2250
1026	2812	39.4000	49.0500
1027	2811	9.4250	49.7000
1028	2797	64.7000	82.1750
1029	2812	38.8500	49.0500
1030	2811	8.9250	49.7000
1031	2797	64.7000	80.1250
1032	2812	38.3000	49.0500
1033	2811	8.3750	49.7000
1034	2797	64.7000	78.0250
1035	2812	37.7250	48.9500
1036	2811	7.8750	49.8000
1037	2797	64.7000	75.9750
1038	2812	37.1750	48.9500
1039	2811	7.3750	49.8000
1040	2797	64.7000	73.7250
1041	2812	36.6250	48.9500
1042	2811	6.8250	49.8000
1043	2797	64.7000	71.6500
1044	2812	36.0750	48.9500
1045	2811	6.3500	49.8000
1046	2797	64.7000	69.5750
1047	2812	35.5250	48.9500
1048	2811	5.8000	49.8000
1049	2797	64.7000	67.5250
1050	2812	34.9750	48.9500
1051	2811	5.3000	49.8000
1052	2797	64.7000	65.4750
1053	2812	34.4250	48.9500
1054	2811	4.8000	49.8000
1055	2797	64.7000	63.1750
1056	2812	33.8750	48.9500
1057	2811	4.3000	49.8000
1058	2797	64.7000	61.1250
1059	2812	33.3250	48.8500
1060	2811	3.7500	49.8000
1061	2797	64.1500	59.2750
1062	2812	32.7750	48.8500
1063	2811	3.2500	49.8000
1064	2797	62.3500	58.0250
1065	2812	32.2500	48.8500
1066	2811	2.7000	49.8000
1067	2797	61.1500	57.4250
1068	2812	31.7250	48.8500
1069	2811	2.2000	49.8000
1070	2797	59.5250	56.8000
1071	2812	31.1750	48.8500
1072	2811	1.7000	49.8000
1073	2797	57.7000	55.9750
1074	2812	30.6250	48.8500
1075	2811	1.2000	49.8000
1076	2797	55.7750	55.3750
1077	2812	30.0750	48.8500
1078	2797	53.8750	54.7250
1079	2812	29.5250	48.7500
1080	2799	64.0500	51.2500
1081	2797	51.9500	54.1250
1082	2812	28.9750	48.7500
1083	2799	63.5000	51.2500
1084	2797	50.0500	54.1250
1085	2812	28.4250	48.7500
1086	2799	63.0500	51.2500
1087	2797	48.1250	54.1250
1088	2798	63.3000	49.8750
1089	2812	27.8750	48.7500
1090	2799	62.6000	51.2500
1091	2797	46.2250	53.9250
1092	2798	62.6500	49.6750
1093	2812	27.3250	48.7500
1094	2799	62.0500	51.2500
1095	2797	44.2250	53.9250
1096	2798	62.1250	49.6750
1097	2812	26.7750	48.7500
1098	2799	61.6000	51.2500
1099	2797	42.3000	53.7250
1100	2798	61.5750	49.4750
1101	2812	26.2250	48.7500
1102	2799	61.1500	51.4500
1103	2797	40.4000	53.7250
1104	2798	61.0250	49.4750
1105	2812	25.6750	48.6500
1106	2799	60.6000	51.4500
1107	2797	38.4750	53.5000
1108	2798	60.3750	49.2750
1109	2812	25.1250	48.6500
1110	2799	60.1500	51.4500
1111	2797	36.4750	53.5000
1112	2798	59.8250	49.2750
1113	2812	24.6250	48.6500
1114	2799	59.7000	51.4500
1115	2797	34.5750	53.2750
1116	2798	59.2750	49.0750
1117	2812	24.0750	48.6500
1118	2799	59.1500	51.4500
1119	2797	32.6500	53.2750
1120	2798	58.7500	49.0750
1121	2812	23.5250	48.6500
1122	2799	58.7000	51.4500
1123	2797	30.7500	53.2750
1124	2798	58.2000	49.0750
1125	2812	22.9750	48.6500
1126	2799	58.1500	51.5500
1127	2797	28.8250	53.0750
1128	2798	57.6500	49.1750
1129	2812	22.4250	48.6500
1130	2799	57.6000	51.5500
1131	2797	26.8250	53.0750
1132	2798	57.1000	49.2750
1133	2812	21.8750	48.6500
1134	2799	57.1000	51.5500
1135	2798	56.5500	49.3750
1136	2799	56.5500	51.6500
1137	2798	56.0750	49.4750
1138	2799	55.9750	51.6500
1139	2798	55.5250	49.7000
1140	2799	55.4250	51.6500
1141	2798	54.9750	49.8000
1142	2799	54.9250	51.7500
1143	2798	54.4250	49.8000
1144	2799	54.3750	51.7500
1145	2798	53.9250	49.9000
1146	2799	53.8250	51.7500
1147	2798	53.3750	50.0000
1148	2799	53.2750	51.7500
1149	2798	52.8250	50.1000
1150	2799	52.7250	51.7500
1151	2798	52.2750	50.3000
1152	2799	52.2250	51.7500
1153	2798	51.7750	50.4000
1154	2799	51.6750	51.8500
1155	2798	51.2250	50.5000
1156	2799	51.0750	51.8500
1157	2798	50.6750	50.6250
1158	2799	50.5250	51.8500
1159	2798	50.1250	50.7250
1160	2799	50.0250	51.9500
1161	2798	49.6750	50.7250
1162	2799	49.5000	51.9500
1163	2798	49.1250	50.7250
1164	2799	48.9750	51.9500
1165	2798	48.5750	50.7250
1166	2799	48.4250	52.0750
1167	2798	48.1250	50.7250
1168	2799	47.8750	52.0750
1169	2798	47.5750	50.7250
1170	2799	47.3250	52.0750
1171	2798	47.0250	50.7250
1172	2799	46.8750	52.0750
1173	2798	46.5750	50.7250
1174	2799	46.3250	52.0750
1175	2798	46.0250	50.7250
1176	2799	45.7750	52.0750
1177	2798	45.5000	50.7250
1178	2799	45.2250	52.0750
1179	2798	45.0250	50.6250
1180	2799	44.6750	52.0750
1181	2798	44.5000	50.6250
1182	2799	44.2250	52.0750
1183	2798	44.0250	50.6250
1184	2799	43.6750	52.0750
1185	2798	43.4750	50.6250
1186	2799	43.1750	51.9500
1187	2798	42.9500	50.6250
1188	2799	42.6750	51.9500
1189	2798	42.4750	50.6250
1190	2799	42.1750	51.8500
1191	2798	41.9500	50.6250
1192	2799	41.6250	51.7500
1193	2798	41.4000	50.6250
1194	2799	41.1750	51.7500
1195	2798	40.9250	50.5000
1196	2799	40.6250	51.7500
1197	2798	40.4000	50.5000
1198	2801	1.3000	55.7750
1199	2799	40.1750	51.7500
1199	2800	1.3500	54.4250
1200	2798	39.8500	50.5000
1201	2801	1.7500	55.8750
1202	2799	39.6250	51.6500
1202	2800	1.8750	54.4250
1203	2798	39.4000	50.5000
1204	2801	2.3000	55.9750
1205	2799	39.1250	51.5250
1205	2800	2.5250	54.4250
1206	2798	38.8500	50.5000
1207	2801	2.8000	56.1750
1208	2799	38.6250	51.5250
1208	2800	3.0750	54.4250
1209	2798	38.3000	50.5000
1210	2801	3.3500	56.2750
1211	2799	38.1250	51.4250
1211	2800	3.7000	54.4250
1212	2798	37.8500	50.5000
1213	2801	3.9000	56.4000
1214	2799	37.5750	51.4250
1214	2800	4.2500	54.4250
1215	2798	37.3000	50.5000
1216	2801	4.5000	56.6000
1217	2799	37.1250	51.4250
1217	2800	4.9000	54.4250
1218	2798	36.7750	50.5000
1219	2801	5.0500	56.6000
1220	2799	36.4750	51.4250
1220	2800	5.3750	54.4250
1221	2798	36.2000	50.2000
1222	2801	5.5750	56.6000
1223	2799	35.6500	51.5500
1223	2800	5.8000	54.2250
1224	2798	35.6000	50.0000
1225	2801	6.0750	56.6000
1226	2799	34.7750	51.6500
1226	2800	6.1750	53.9000
1227	2798	34.9750	49.8000
1228	2801	6.5750	56.6000
1229	2799	33.9000	51.7500
1229	2800	6.5750	53.6000
1230	2798	34.3750	49.6000
1231	2801	7.0750	56.6000
1232	2799	33.0750	51.7500
1232	2800	6.9750	53.5000
1233	2798	33.7500	49.2500
1234	2801	7.5250	56.6000
1235	2799	32.7000	51.7500
1235	2800	7.6250	53.5000
1236	2798	33.1750	49.1500
1237	2801	8.0250	56.6000
1238	2799	32.2500	51.7500
1238	2800	8.3500	53.7000
1239	2798	32.6750	49.1500
1240	2801	8.5250	56.6000
1241	2799	31.8000	51.5500
1241	2800	8.9750	53.9000
1242	2798	32.1250	49.1500
1243	2801	9.0250	56.6000
1244	2799	31.4250	51.5500
1244	2800	9.7250	53.9000
1245	2798	31.5750	49.1500
1246	2801	9.5500	56.7000
1247	2799	30.8000	51.5500
1247	2800	10.3500	54.1000
1248	2798	31.0250	49.1500
1249	2801	10.0750	56.7000
1250	2799	30.1500	51.5500
1250	2800	11.1750	54.3250
1251	2798	30.3750	49.1500
1252	2801	10.6250	56.7000
1253	2799	29.5250	51.5500
1253	2800	12.2750	54.3250
1254	2798	29.7500	49.1500
1255	2801	11.1000	56.7000
1256	2799	28.7750	51.5500
1256	2800	13.4500	54.5500
1257	2798	29.0250	49.1500
1258	2801	11.6250	56.7000
1259	2799	28.0750	51.5500
1259	2800	14.5250	54.5500
1260	2798	28.3750	48.9500
1261	2801	12.1750	56.7000
1262	2799	27.3250	51.5500
1262	2800	15.0750	54.5500
1263	2798	27.9250	48.9500
1264	2801	12.8000	56.5000
1265	2799	26.7000	51.3500
1265	2800	15.5500	54.5500
1266	2798	27.4750	48.7500
1267	2801	13.4500	56.5000
1268	2799	26.2250	51.1250
1268	2800	15.9500	54.5500
1269	2798	27.0250	48.7500
1270	2801	14.1000	56.5000
1271	2799	25.7000	51.1250
1271	2800	16.4000	54.4250
1272	2798	26.2750	48.7500
1273	2801	14.6500	56.5000
1274	2799	25.9750	51.1250
1274	2800	16.8750	54.4250
1275	2798	25.7250	48.7500
1276	2801	15.1750	56.5000
1277	2799	24.8750	51.1250
1277	2800	17.2250	54.3250
1278	2798	25.1750	48.9500
1279	2801	15.8000	56.7000
1280	2799	24.2250	51.1250
1280	2800	17.6750	54.3250
1281	2798	24.6500	48.7500
1282	2801	16.3500	56.7000
1283	2799	23.7000	51.3500
1283	2800	18.1500	54.2250
1284	2798	24.1000	48.5500
1285	2801	16.9000	56.7000
1286	2799	22.7750	50.9250
1286	2800	18.5500	54.2250
1287	2798	23.7250	48.5500
1288	2801	17.4500	56.5000
1289	2799	22.4250	50.9250
1289	2800	19.0000	54.2250
1290	2798	23.3750	48.5500
1291	2801	18.1000	56.5000
1292	2799	22.1500	51.1250
1292	2800	19.4750	54.2250
1293	2798	23.0250	48.5500
1294	2801	18.6500	56.5000
1295	2799	21.8750	51.1250
1295	2800	19.9250	54.2250
1296	2798	22.6250	48.7500
1297	2801	19.1000	56.5000
1298	2799	21.2250	51.1250
1298	2800	20.6500	54.2250
1299	2798	22.2750	48.7500
1300	2801	19.1000	56.5000
1301	2799	20.6000	51.1250
1301	2800	21.2750	54.4250
1302	2798	21.9250	48.7500
1303	2801	19.1000	56.5000
1304	2799	19.9750	51.1250
1304	2800	22.0000	54.4250
1305	2798	21.5500	48.7500
1306	2801	19.1000	56.5000
1307	2799	19.5000	51.1250
1307	2800	22.6500	54.4250
1308	2798	21.0250	48.7500
1309	2801	19.3500	56.5000
1310	2799	19.0500	51.1250
1310	2800	23.2000	54.4250
1311	2798	20.4750	48.7500
1312	2801	21.0000	56.7000
1313	2799	18.6000	51.1250
1313	2800	23.7250	54.4250
1314	2798	19.8250	48.7500
1315	2801	22.6500	57.1000
1316	2799	18.1250	51.1250
1316	2800	24.3750	54.4250
1317	2798	19.2750	48.5500
1318	2801	23.6500	57.3000
1319	2799	17.6750	51.1250
1319	2800	24.9250	54.4250
1320	2798	18.6250	48.5500
1321	2801	24.3000	57.3000
1322	2799	17.2250	51.1250
1322	2800	25.4750	54.4250
1323	2798	18.0750	48.5500
1324	2801	24.8250	57.3000
1325	2799	16.6750	51.1250
1325	2800	26.0250	54.4250
1326	2798	17.5500	48.5500
1327	2801	25.4500	57.3000
1328	2799	15.9500	51.3500
1328	2800	26.6500	54.4250
1329	2798	17.0000	48.5500
1330	2801	26.0000	57.3000
1331	2799	15.2250	51.3500
1331	2800	27.2750	54.6500
1332	2798	16.4500	48.5500
1333	2801	26.5500	57.3000
1334	2799	15.0500	51.5500
1334	2800	27.9250	54.6500
1335	2798	15.9250	48.7500
1336	2801	27.3000	57.3000
1337	2799	15.0500	51.5500
1337	2800	28.5500	54.6500
1338	2798	15.3750	48.7500
1339	2801	28.0000	57.3000
1340	2799	15.0500	51.5500
1340	2800	29.2000	54.8500
1341	2798	14.8250	48.7500
1342	2801	28.7500	57.3000
1343	2799	14.2250	51.3500
1343	2800	29.8250	54.8500
1344	2798	14.0000	48.7500
1345	2801	29.3750	57.2000
1346	2799	13.1250	50.9250
1346	2800	30.3750	54.8500
1347	2798	13.4500	48.6500
1348	2801	29.9250	57.2000
1349	2799	12.5750	50.9250
1349	2800	30.9750	54.8500
1350	2798	12.9500	48.6500
1351	2801	30.5500	57.2000
1352	2799	11.9750	50.9250
1352	2800	31.5750	54.8500
1353	2798	12.4500	48.6500
1354	2801	31.1500	57.2000
1355	2799	11.4500	50.8000
1355	2800	32.1750	54.8500
1356	2798	11.9000	48.6500
1357	2801	31.7500	57.2000
1358	2799	10.9000	50.7000
1358	2800	32.7000	54.8500
1359	2798	11.4000	48.6500
1360	2801	32.3500	57.2000
1361	2799	10.3500	50.7000
1361	2800	33.2750	54.8500
1362	2798	10.9000	48.6500
1363	2801	32.9500	57.2000
1364	2799	9.7500	50.7000
1364	2800	33.8750	54.8500
1365	2798	10.4000	48.6500
1366	2801	33.5250	57.2000
1367	2799	9.1750	50.6000
1367	2800	34.4750	54.8500
1368	2798	9.8500	48.6500
1369	2801	34.1500	57.2000
1370	2799	8.6750	50.6000
1370	2800	35.0750	54.8500
1371	2798	9.3500	48.6500
1372	2801	34.7000	57.2000
1373	2799	8.0750	50.5000
1373	2800	35.6250	54.8500
1374	2798	8.8500	48.6500
1375	2801	35.3500	57.2000
1376	2799	7.5250	50.4000
1376	2800	36.2750	54.8500
1377	2798	8.3000	48.6500
1378	2801	35.9000	57.2000
1379	2799	6.9250	50.4000
1379	2800	36.8250	54.8500
1380	2798	7.8000	48.6500
1381	2801	36.5250	57.2000
1382	2799	6.4250	50.4000
1382	2800	37.3750	54.8500
1383	2798	7.3000	48.6500
1384	2801	37.1250	57.2000
1385	2799	5.8500	50.3000
1385	2800	37.9250	54.8500
1386	2798	6.8250	48.6500
1387	2801	37.6750	57.2000
1388	2799	5.3000	50.2000
1388	2800	38.5750	54.8500
1389	2798	6.2750	48.6500
1390	2801	38.3000	57.2000
1391	2799	4.7000	50.2000
1391	2800	39.1250	54.8500
1392	2798	5.7750	48.6500
1393	2801	38.8500	57.2000
1394	2799	4.2000	50.2000
1394	2800	39.7250	54.8500
1395	2798	5.2500	48.6500
1396	2801	39.4750	57.2000
1397	2799	3.6250	50.0000
1397	2800	40.2750	54.8500
1398	2798	4.7250	48.6500
1399	2801	40.0750	57.2000
1400	2799	3.1500	50.0000
1400	2800	40.8500	54.8500
1401	2798	4.2000	48.6500
1402	2801	40.6750	57.2000
1403	2799	2.7500	50.0000
1403	2800	41.4500	54.8500
1404	2798	3.7000	48.6500
1405	2801	41.2750	57.2000
1406	2799	2.2500	50.0000
1406	2800	42.0500	54.8500
1407	2798	3.2500	48.6500
1408	2801	41.8500	57.1000
1409	2799	1.8250	49.8000
1409	2800	42.5750	54.8500
1410	2798	2.8000	48.6500
1411	2801	42.4500	57.1000
1412	2799	1.3750	49.8000
1412	2800	43.1750	54.8500
1413	2798	2.3500	48.8500
1414	2801	43.0750	57.1000
1415	2799	0.9250	49.8000
1415	2800	43.7750	54.8500
1416	2798	1.6500	48.6500
1417	2801	43.6250	57.1000
1418	2800	44.3500	54.8500
1419	2801	44.2750	57.1000
1420	2800	44.9500	54.8500
1421	2801	44.8250	57.1000
1422	2800	45.5000	54.8500
1423	2801	45.4500	57.1000
1424	2800	46.1500	54.8500
1425	2801	46.0250	57.1000
1426	2800	46.7000	54.8500
1427	2801	46.6250	57.1000
1428	2800	47.2500	54.8500
1429	2801	47.2250	57.1000
1430	2800	47.8000	54.8500
1431	2801	47.8250	57.1000
1432	2800	48.4500	54.8500
1433	2801	48.4250	57.1000
1434	2800	49.0000	54.8500
1435	2801	49.0250	57.1000
1436	2800	49.6000	54.8500
1437	2801	49.5750	57.1000
1438	2800	50.1500	54.8500
1439	2801	50.2250	57.1000
1440	2800	50.7750	54.8500
1441	2801	50.7750	57.1000
1442	2800	51.3250	54.8500
1443	2801	51.4250	57.1000
1444	2800	51.9250	54.8500
1445	2801	52.0250	57.1000
1446	2800	52.4500	54.8500
1447	2801	52.5500	57.1000
1448	2800	53.1000	54.8500
1449	2801	53.1750	57.1000
1450	2800	53.6500	54.8500
1451	2801	53.7250	57.1000
1452	2800	54.2250	54.8500
1453	2801	54.4250	57.0000
1454	2800	54.7750	54.8500
1455	2801	55.0500	56.9000
1456	2800	55.3750	55.0500
1457	2801	55.7000	56.8000
1458	2800	55.9250	55.1500
1459	2801	56.3750	56.7000
1460	2800	56.4750	55.3500
1461	2801	56.8250	56.7000
1462	2800	57.0500	55.4500
1462	2806	1.4750	37.6250
1463	2801	57.3750	56.7000
1464	2800	57.6000	55.6750
1464	2806	1.8500	37.4000
1465	2801	57.8250	56.7000
1466	2800	58.1500	55.6750
1466	2806	2.3000	37.2000
1467	2801	58.3750	56.7000
1468	2800	58.7500	55.6750
1468	2806	2.6500	37.0000
1469	2801	59.0250	56.7000
1470	2800	59.4000	55.6750
1470	2806	3.1250	36.8000
1471	2801	59.6500	56.7000
1472	2800	60.0000	55.6750
1472	2806	3.5750	36.6000
1473	2801	60.3750	56.7000
1474	2800	60.4750	55.6750
1474	2806	3.8500	36.1750
1475	2801	60.8250	56.7000
1476	2800	60.9250	55.6750
1476	2806	4.2000	35.7500
1477	2801	61.3000	56.7000
1478	2800	61.4000	55.4500
1478	2806	4.4750	35.1500
1479	2801	61.7500	56.7000
1480	2800	61.6500	55.0500
1480	2806	4.8500	34.7250
1481	2801	62.3000	56.2750
1482	2800	62.1000	55.0500
1482	2806	5.1250	34.3250
1483	2801	62.8500	56.0750
1484	2800	62.6500	55.0500
1484	2806	5.1250	33.9000
1485	2802	1.0250	55.7750
1486	2801	63.3750	56.0750
1487	2800	63.3000	55.0500
1487	2806	5.1250	33.7000
1488	2802	1.6500	55.7750
1489	2801	63.9250	56.0750
1490	2800	63.9500	55.0500
1490	2806	5.2000	33.3000
1491	2802	2.4000	55.7750
1492	2801	64.2000	56.0750
1493	2800	64.3500	55.0500
1493	2806	5.2000	32.8750
1494	2802	3.0250	55.7750
1495	2801	64.3000	56.0750
1496	2806	5.2000	32.4500
1497	2802	3.7500	55.7750
1498	2806	5.3000	31.8500
1499	2802	4.5000	55.7750
1500	2806	5.4000	31.2250
1501	2802	5.1000	55.7750
1502	2806	5.4750	30.6000
1503	2802	5.9500	55.9750
1504	2806	5.5750	29.7750
1505	2802	6.7500	55.9750
1506	2806	5.6750	29.1500
1507	2802	7.5750	55.9750
1508	2806	5.6750	28.5500
1509	2802	8.5000	55.9750
1510	2806	5.7500	27.9250
1511	2802	9.3000	55.9750
1512	2806	5.7500	27.5000
1513	2802	10.1250	55.9750
1514	2806	5.8500	26.9000
1515	2802	10.9500	55.9750
1516	2806	5.8500	26.4750
1517	2802	11.7500	55.9750
1518	2806	5.8500	25.8500
1519	2802	12.6000	56.1750
1520	2806	5.8500	25.2500
1521	2802	13.3000	56.1750
1522	2806	5.7500	24.8250
1523	2802	14.1500	56.4000
1524	2806	5.6750	24.2000
1525	2802	14.8500	56.4000
1526	2806	5.5750	23.6000
1527	2802	15.7000	56.4000
1528	2806	5.5750	23.1750
1529	2802	16.4000	56.6000
1530	2806	5.4750	22.5500
1531	2802	17.2250	56.6000
1532	2806	5.4750	21.9500
1533	2802	18.0500	56.6000
1534	2806	5.4750	21.3250
1535	2802	18.8500	56.6000
1536	2806	5.4750	20.7000
1537	2802	19.6000	56.6000
1538	2806	5.4750	19.8750
1539	2802	20.4000	56.6000
1540	2806	5.4750	19.2500
1541	2802	21.2000	56.4000
1542	2806	5.5250	19.0500
1543	2802	21.8750	56.2750
1544	2806	5.5750	18.7500
1545	2802	22.6000	56.0750
1546	2806	5.6250	18.4500
1547	2802	23.3250	55.9750
1548	2806	5.6750	18.1250
1549	2802	24.0500	55.8750
1550	2806	5.7250	17.9250
1551	2802	24.8000	55.6750
1552	2806	5.7500	17.5000
1553	2802	25.5000	55.5750
1554	2806	5.8000	17.3000
1555	2802	26.2000	55.3750
1556	2806	5.9000	16.7000
1557	2802	26.9250	55.2750
1558	2806	5.9000	15.8500
1559	2802	27.6500	55.0250
1560	2806	5.9000	15.0500
1561	2802	28.3750	55.0250
1562	2806	5.8000	14.2000
1563	2802	29.1000	54.9250
1564	2806	5.8000	13.4000
1565	2802	29.8500	54.9250
1566	2806	5.8000	12.7500
1567	2802	30.5500	54.9250
1568	2806	5.8000	11.9500
1569	2802	31.3000	54.9250
1570	2806	5.8000	11.5250
1571	2802	32.0000	55.1500
1572	2806	5.8000	10.9000
1573	2802	32.7500	55.1500
1574	2806	5.8000	10.3000
1575	2802	33.5000	55.1500
1576	2806	5.8000	9.8750
1577	2802	34.2000	55.3750
1578	2806	5.8000	9.2500
1579	2802	34.9500	55.3750
1580	2806	5.8000	8.6500
1581	2802	35.6500	55.3750
1582	2806	5.8000	8.0250
1583	2802	36.4000	55.5750
1584	2806	5.8000	7.4000
1585	2802	37.2000	55.5750
1586	2806	5.8000	6.8000
1587	2802	37.9500	55.6750
1588	2806	5.8000	6.1500
1589	2802	38.7500	55.7750
1590	2806	5.8000	5.7500
1591	2802	39.6000	55.8750
1592	2806	5.8000	5.1500
1593	2802	40.3000	55.9750
1594	2806	5.8000	4.7250
1595	2802	41.1250	56.0750
1596	2806	5.8000	4.3000
1597	2802	41.8500	56.0750
1598	2806	5.8000	3.9000
1599	2802	42.6750	56.2750
1600	2806	5.8000	3.5000
1601	2802	43.5000	56.2750
1602	2806	5.8000	2.9500
1603	2802	44.2000	56.4750
1604	2806	5.8000	2.1500
1605	2802	45.0500	56.4750
1606	2806	5.8000	1.3250
1607	2802	45.7500	56.4750
1608	2802	46.6000	56.7000
1609	2802	47.3000	56.7000
1610	2802	48.1500	56.7000
1611	2802	48.8500	56.7000
1612	2802	49.7000	56.7000
1613	2802	50.4000	56.4750
1614	2802	51.1500	56.4750
1615	2802	51.9500	56.4750
1616	2802	52.7750	56.4750
1617	2802	53.6000	56.4750
1618	2802	54.4750	56.4750
1619	2802	55.3000	56.4750
1620	2802	56.1500	56.4750
1621	2802	56.9500	56.4750
1622	2802	57.8250	56.4750
1623	2802	58.6500	56.4750
1624	2802	59.4750	56.4750
1625	2802	60.3500	56.4750
1626	2802	61.1500	56.4750
1627	2802	62.0250	56.4750
1628	2802	62.8750	56.4750
1629	2802	63.7000	56.4750
1630	2802	64.5250	56.4750
1631	2803	64.7250	92.7000
1632	2803	64.7250	92.0500
1633	2803	64.7250	91.4500
1634	2803	64.7250	90.8500
1635	2803	64.7250	90.4000
1636	2803	64.7250	89.8000
1637	2803	64.7250	89.2000
1638	2803	64.7250	88.7500
1639	2803	64.7500	88.1500
1640	2803	64.7500	87.5500
1641	2803	64.7500	87.1000
1642	2803	64.7500	86.5000
1643	2803	64.7500	85.9000
1644	2803	64.7500	85.4500
1645	2803	64.7500	84.8500
1646	2803	64.8000	84.2500
1647	2803	64.8000	83.8000
1648	2803	64.8000	83.2000
1649	2807	0.5250	76.8000
1650	2803	64.8000	82.6000
1651	2807	0.8000	77.0000
1652	2803	64.8000	82.1500
1653	2807	1.1500	77.2250
1654	2803	64.8000	81.5500
1655	2807	1.5750	77.7500
1656	2803	64.8000	80.9500
1657	2807	1.9250	78.1500
1658	2807	2.3500	78.5500
1659	2807	2.7000	79.0750
1660	2807	3.1000	79.5000
1661	2807	3.5250	79.9000
1662	2807	3.9000	80.3000
1663	2807	4.3000	80.8500
1664	2807	4.6750	81.2500
1665	2807	5.0250	81.6500
1666	2807	5.4250	82.0500
1667	2807	5.8000	82.6000
1668	2807	6.2250	82.9000
1669	2807	6.5750	83.3000
1670	2807	6.9250	83.7000
1671	2807	7.3750	83.9250
1672	2807	7.7750	84.3500
1673	2807	8.2250	84.5500
1674	2807	8.5750	84.7500
1675	2807	9.0250	85.1500
1676	2807	9.3750	85.3500
1677	2807	9.8750	85.5750
1678	2807	10.2250	86.0000
1679	2807	10.6750	86.2000
1680	2807	11.1250	86.8000
1681	2807	11.4750	87.4250
1682	2807	11.9250	88.0500
1683	2807	12.4250	88.4500
1684	2807	12.8750	89.0750
1685	2807	13.3250	89.7000
1686	2807	13.6750	90.3000
1687	2807	14.1250	90.9500
1688	2807	14.5750	91.3500
1689	2807	15.0250	91.9500
1690	2807	15.4250	92.3750
1691	2807	15.8750	92.8000
1692	2807	16.3250	93.2000
1693	2807	16.6750	93.4000
1694	2807	17.1250	93.8250
1695	2807	17.5750	94.2500
1696	2807	17.9750	94.6500
1697	2807	18.4250	94.9500
1698	2807	18.9250	95.3500
1699	2807	19.3750	95.7000
1700	2807	19.8250	96.0000
1701	2807	20.2750	96.2000
1702	2807	20.7250	96.5000
1703	2807	21.2000	96.8000
1704	2807	21.7000	97.2250
1705	2807	22.0500	97.5250
1706	2807	22.2500	97.8250
1707	2808	16.8750	34.7250
1707	2809	1.9000	35.3500
1708	2808	16.8750	34.7250
1708	2809	1.9000	35.3500
1709	2808	16.8750	34.7250
1709	2809	1.9000	35.3500
1710	2808	16.8750	34.7250
1710	2809	1.9000	35.3500
1711	2808	16.8750	34.7250
1711	2809	1.9000	35.3500
1712	2808	16.8750	34.7250
1712	2809	1.9000	35.3500
1713	2808	16.8750	34.7250
1713	2809	1.9000	35.3500
1714	2808	16.8750	34.7250
1714	2809	1.9000	35.3500
1715	2808	16.8750	34.7250
1715	2809	1.9000	35.3500
1716	2808	16.8750	34.7250
1716	2809	1.9000	35.3500
1717	2808	16.8750	34.7250
1717	2809	1.9000	35.3500
1718	2808	16.8750	34.7250
1718	2809	1.9000	35.3500
1719	2808	16.8750	34.7250
1719	2809	1.9000	35.3500
1720	2808	16.8750	34.7250
1720	2809	1.9000	35.3500
1721	2808	16.8750	34.7250
1721	2809	1.9000	35.3500
1722	2808	16.8750	34.7250
1722	2809	1.9000	35.3500
1723	2808	16.8750	34.7250
1723	2809	1.9000	35.3500
1724	2808	16.8750	34.7250
1724	2809	1.9000	35.3500
1725	2808	16.8750	34.7250
1725	2809	1.9000	35.3500
1726	2808	16.8750	34.7250
1726	2809	1.9000	35.3500
1727	2808	16.8750	34.7250
1727	2809	1.9000	35.3500
1728	2808	16.8750	34.7250
1728	2809	1.9000	35.3500
1729	2808	16.8750	34.7250
1729	2809	1.9000	35.3500
1730	2808	16.8750	34.7250
1730	2809	1.9000	35.3500
1731	2808	16.8750	34.7250
1731	2809	1.9000	35.3500
1732	2808	16.8750	34.7250
1732	2809	1.9000	35.3500
1733	2808	16.8750	34.7250
1733	2809	1.9000	35.3500
1734	2808	16.8750	34.7250
1734	2809	1.9000	35.3500
1735	2808	16.8750	34.7250
1735	2809	1.9000	35.3500
1736	2808	16.8750	34.7250
1736	2809	1.9000	35.3500
1737	2808	16.8750	34.7250
1737	2809	1.9000	35.3500
1738	2808	16.8750	34.7250
1738	2809	1.9000	35.3500
1739	2808	16.8750	34.7250
1739	2809	1.9000	35.3500
1740	2808	16.8750	34.7250
1740	2809	1.9000	35.3500
1741	2810	18.2500	96.8250
1742	2808	16.8750	34.7250
1742	2809	1.9000	35.3500
1743	2810	17.7000	96.2000
1744	2808	16.8750	34.7250
1744	2809	1.9000	35.3500
1745	2810	17.2500	95.7750
1746	2808	16.8750	34.7250
1746	2809	1.9000	35.3500
1747	2810	16.7500	95.2750
1748	2808	16.8750	34.7250
1748	2809	1.9000	35.3500
1749	2810	16.3000	94.8500
1750	2808	16.8750	34.7250
1750	2809	1.9000	35.3500
1751	2810	15.8000	94.3250
1752	2808	16.8750	34.7250
1752	2809	1.9000	35.3500
1753	2810	15.3500	93.8250
1754	2808	16.8750	34.7250
1754	2809	1.9000	35.3500
1755	2810	14.9000	93.4250
1756	2808	16.8750	34.7250
1756	2809	1.9000	35.3500
1757	2810	14.4500	93.0000
1758	2808	16.8750	34.7250
1758	2809	1.9000	35.3500
1759	2810	14.0500	92.4750
1760	2808	16.8750	34.7250
1760	2809	1.9000	35.3500
1761	2810	13.6750	92.0750
1762	2808	16.8750	34.7250
1762	2809	1.9000	35.3500
1763	2810	13.3500	91.6500
1764	2810	12.9500	91.3500
1765	2810	12.6250	90.9250
1766	2810	12.2750	90.5250
1767	2838	64.3500	50.0000
1768	2810	11.9500	90.2000
1769	2838	64.0000	49.7750
1770	2810	11.5250	89.7000
1771	2838	63.7000	49.7750
1772	2810	11.2250	89.3000
1773	2838	63.3500	49.5750
1774	2810	10.8750	88.8750
1775	2838	63.0500	49.5750
1776	2810	10.5000	88.5500
1777	2838	62.8000	49.5750
1778	2810	10.1250	88.1500
1779	2838	62.6000	49.3750
1780	2810	9.6750	87.5500
1781	2838	61.6000	49.3750
1782	2810	9.2250	87.1000
1783	2838	60.6000	49.3750
1784	2810	8.7500	86.7000
1785	2838	59.6000	49.1750
1786	2810	8.3000	86.3000
1787	2838	58.7000	49.1750
1788	2810	7.7500	85.6750
1789	2838	57.7000	48.9750
1790	2810	7.3000	85.2500
1791	2838	56.7000	48.9750
1792	2810	6.8500	84.8500
1793	2838	55.9500	48.9750
1794	2810	6.4000	84.2500
1795	2838	55.6000	48.9750
1796	2810	5.9500	83.8000
1797	2838	55.1500	49.1750
1798	2810	5.4750	83.4000
1799	2838	54.7000	49.1750
1800	2810	5.0250	82.8000
1801	2838	54.3500	49.1750
1802	2810	4.5750	82.3750
1803	2838	53.8000	49.1750
1804	2810	4.1250	81.7500
1805	2838	53.2500	49.1750
1806	2810	3.6500	81.3500
1807	2838	52.6000	48.9750
1808	2810	3.2000	80.7250
1809	2838	51.9500	48.7500
1810	2810	2.7500	80.3000
1811	2838	51.4000	48.7500
1812	2810	2.4000	79.7000
1813	2838	50.7750	48.5500
1814	2810	1.9250	79.3000
1815	2838	50.1500	48.5500
1816	2810	1.4750	78.6500
1817	2838	49.5000	48.5500
1818	2810	1.1500	77.8500
1819	2838	48.9500	48.5500
1820	2810	0.9000	77.2000
1821	2838	48.3000	48.5500
1822	2810	0.6750	76.8000
1823	2838	47.7000	48.5500
1824	2838	47.0500	48.5500
1825	2838	46.4000	48.5500
1826	2838	45.7500	48.5500
1827	2838	45.1500	48.5500
1828	2838	44.6000	48.5500
1829	2838	43.9500	48.5500
1830	2838	43.3000	48.5500
1831	2838	42.6750	48.5500
1832	2838	42.0750	48.5500
1833	2838	41.4250	48.5500
1834	2838	40.8750	48.5500
1835	2838	40.2250	48.5500
1836	2838	39.6250	48.5500
1837	2838	39.0000	48.5500
1838	2838	38.3500	48.5500
1839	2838	37.7000	48.3500
1840	2838	37.1500	48.3500
1841	2838	36.5250	48.3500
1842	2838	35.9000	48.3500
1843	2838	35.3500	48.3500
1844	2838	34.7000	48.3500
1845	2838	34.0750	48.3500
1846	2838	33.5250	48.3500
1847	2838	32.9000	48.3500
1848	2838	32.2500	48.3500
1849	2838	31.7000	48.3500
1850	2838	31.0500	48.3500
1851	2838	30.4250	48.3500
1852	2838	29.9000	48.1250
1853	2838	29.3500	48.1250
1854	2838	28.7000	48.1250
1855	2838	28.1500	48.1250
1856	2838	27.6000	48.1250
1857	2838	27.0500	48.1250
1858	2838	26.4250	48.1250
1859	2838	25.8750	48.1250
1860	2838	25.3250	48.1250
1861	2838	24.8000	48.1250
1862	2838	24.2500	48.1250
1863	2838	23.7000	48.3500
1864	2838	23.0500	48.3500
1865	2838	22.5000	48.5500
1866	2838	21.9500	48.5500
1867	2838	21.4000	48.5500
1868	2838	20.8750	48.5500
1869	2838	20.2500	48.3500
1870	2838	19.7000	48.3500
1871	2838	19.0500	48.1250
1872	2838	18.5500	48.0250
1873	2838	18.0000	48.1500
1874	2838	17.4500	48.1500
1875	2838	16.9750	48.2500
1876	2838	16.4000	48.3500
1877	2838	15.8500	48.2500
1878	2838	15.2250	48.2500
1879	2838	14.6000	48.2500
1880	2838	13.9500	48.2500
1881	2838	13.4000	48.2500
1882	2838	12.7500	48.2500
1883	2838	12.1500	48.2500
1884	2838	11.5000	48.0500
1885	2838	10.8500	48.0500
1886	2838	10.3000	48.0500
1887	2838	9.6500	48.0500
1888	2838	9.0500	48.0500
1889	2838	8.4000	48.0500
1890	2838	7.8500	48.0500
1891	2838	7.2000	48.0500
1892	2838	6.5750	48.0500
1893	2838	6.0500	48.0500
1894	2838	5.4000	48.0500
1895	2838	4.7500	48.0500
1896	2838	4.2000	48.0500
1897	2838	3.5500	48.0500
1898	2838	2.9500	48.0500
1899	2838	2.4000	48.0500
1900	2838	1.7500	48.0500
1901	2838	1.3000	48.0500
1902	2813	11.0750	88.5750
1903	2813	10.7250	88.1500
1904	2813	10.3500	87.7250
1905	2813	10.0500	87.3250
1906	2813	9.6500	86.9250
1907	2813	9.3500	86.5000
1908	2813	9.0000	86.0750
1909	2813	8.6750	85.8750
1910	2813	8.3000	85.4750
1911	2813	8.0000	85.0750
1912	2813	7.6250	84.6250
1913	2813	7.3000	84.2250
1914	2813	6.9250	83.8250
1915	2813	6.5750	83.6250
1916	2825	63.6000	54.4250
1917	2813	6.2750	83.2000
1918	2825	62.9750	54.2250
1919	2813	5.8750	82.7750
1920	2825	62.3500	54.2250
1921	2813	5.5750	82.3750
1922	2825	61.8000	54.2250
1923	2813	5.2250	81.9750
1924	2825	61.1500	54.2250
1925	2813	4.8750	81.5500
1926	2825	60.5000	54.0000
1927	2813	4.5250	81.3250
1928	2825	59.9500	54.0000
1929	2813	4.2250	80.9250
1930	2825	59.3500	54.0000
1931	2813	3.8500	80.5250
1932	2825	58.7000	54.0000
1933	2813	3.5250	80.1250
1934	2825	58.1500	54.0000
1935	2813	3.1500	79.6750
1936	2825	57.5000	53.8000
1937	2813	2.9000	79.2750
1938	2825	56.8750	53.8000
1939	2813	2.5250	79.0750
1940	2825	56.3500	53.8000
1941	2813	2.1500	78.6750
1942	2825	55.7000	53.8000
1943	2813	1.8500	78.2500
1944	2825	55.0500	53.8000
1945	2813	1.4750	77.8250
1946	2825	54.5000	53.6000
1947	2813	1.1500	77.4250
1948	2825	53.8500	53.6000
1949	2813	0.8000	77.0250
1950	2825	53.2500	53.6000
1951	2813	0.5000	76.8250
1952	2825	52.7000	53.6000
1953	2825	52.0500	53.4000
1954	2825	51.4000	53.4000
1955	2825	50.8500	53.4000
1956	2825	50.2500	53.4000
1957	2825	49.7000	53.4000
1958	2825	49.0500	53.2000
1959	2825	48.4000	53.2000
1960	2825	47.8500	53.2000
1961	2825	47.2250	53.2000
1962	2818	64.2500	58.1250
1963	2825	46.6000	53.2000
1964	2818	64.0500	59.9750
1965	2825	46.0000	53.0000
1966	2818	64.0250	61.8750
1967	2825	45.4000	53.0000
1968	2818	64.0250	63.8250
1969	2825	44.7500	53.0000
1970	2818	63.9750	65.7750
1971	2825	44.1500	53.0000
1972	2818	63.9750	67.7250
1973	2819	55.5250	29.5750
1973	2825	43.5000	53.0000
1974	2818	63.9750	69.7000
1975	2819	55.5250	31.4500
1975	2825	42.9000	53.0000
1976	2818	63.9250	71.5500
1977	2819	55.6000	33.3000
1977	2825	42.2500	53.0000
1978	2818	63.9250	73.5000
1979	2819	53.4250	42.2500
1979	2825	41.6250	53.0000
1980	2818	63.9250	75.4500
1981	2827	64.2500	51.5250
1982	2819	50.3250	46.9000
1982	2825	41.0000	53.0000
1983	2818	63.8750	77.4250
1984	2827	63.5250	51.3250
1985	2819	50.5750	46.8000
1985	2825	40.3500	53.0000
1986	2818	63.8750	79.3000
1987	2827	62.8000	51.3250
1988	2819	50.6750	46.8000
1988	2825	39.7500	53.0000
1989	2818	63.8750	81.1500
1990	2827	62.0750	51.1250
1991	2819	50.6750	46.8000
1991	2825	39.1250	53.0000
1992	2818	63.8250	83.1000
1993	2827	61.3250	51.1250
1994	2819	50.6750	46.8000
1994	2825	38.5000	53.0000
1995	2818	63.8250	85.0500
1996	2827	60.6250	51.1250
1997	2819	50.6750	46.8000
1997	2825	37.8500	53.0000
1998	2818	63.8250	87.0250
1999	2827	59.8750	50.9250
2000	2819	50.6750	46.8000
2000	2825	37.2000	52.9000
2001	2818	63.7750	88.9750
2002	2827	59.1500	50.9250
2003	2819	50.6750	46.8000
2003	2825	36.6250	52.9000
2004	2818	63.7750	90.8250
2005	2827	58.4250	50.7250
2006	2819	50.6750	46.8000
2006	2825	35.9750	52.9000
2007	2818	63.7500	92.7750
2008	2827	57.7000	50.7250
2009	2819	50.6750	46.8000
2009	2825	35.4000	52.9000
2010	2818	63.7500	94.7500
2011	2827	56.9750	50.7250
2012	2819	50.6750	46.8000
2012	2825	34.7500	52.9000
2013	2818	63.7500	96.7250
2014	2827	56.2250	50.5250
2015	2819	50.6750	46.8000
2015	2825	34.1000	52.9000
2016	2827	55.5250	50.5250
2017	2819	50.6750	46.8000
2017	2825	33.5250	52.9000
2018	2827	54.7750	50.3000
2019	2819	50.6750	46.8000
2019	2825	32.8750	52.7750
2020	2827	54.0500	50.3000
2021	2819	50.6750	46.8000
2021	2825	32.2500	52.7750
2022	2827	53.3250	50.3000
2023	2819	50.6750	46.8000
2023	2825	31.6000	52.7750
2024	2827	52.6000	50.1000
2025	2819	50.6750	46.8000
2025	2825	31.0250	52.7750
2026	2827	51.8750	50.1000
2027	2819	50.6750	46.8000
2027	2825	30.3750	52.7750
2028	2827	51.1250	49.8750
2029	2819	50.6750	46.8000
2029	2825	29.7500	52.7750
2030	2827	50.4250	49.8750
2031	2819	50.6750	46.8000
2031	2825	29.1000	52.7750
2032	2827	49.6750	49.8750
2033	2819	50.6750	46.8000
2033	2825	28.4750	52.6750
2034	2827	48.9500	49.6750
2035	2819	50.6750	46.8000
2035	2825	27.8750	52.6750
2036	2827	48.2250	49.6750
2037	2819	50.6750	46.8000
2037	2825	27.2250	52.6750
2038	2827	47.5000	49.6750
2039	2819	50.6750	46.8000
2039	2825	26.6250	52.6750
2040	2827	46.7750	49.4750
2041	2819	50.6750	46.8000
2041	2825	26.0250	52.6750
2042	2827	46.0500	49.4750
2043	2819	50.6750	46.8000
2043	2825	25.3750	52.6750
2044	2827	45.3250	49.2750
2045	2819	50.6750	46.8000
2045	2825	24.7750	52.6750
2046	2827	44.5750	49.2750
2047	2819	50.6750	46.8000
2047	2825	24.1500	52.6750
2048	2827	43.8500	49.2750
2049	2819	50.6750	46.8000
2049	2825	23.5250	52.6750
2050	2827	43.1250	49.0750
2051	2819	50.6750	46.8000
2051	2825	22.8750	52.6750
2052	2827	42.4000	49.0750
2053	2819	50.6750	46.8000
2053	2825	22.2250	52.6750
2054	2827	41.6750	48.8750
2055	2819	50.6750	46.8000
2055	2825	21.6250	52.6750
2056	2827	40.9500	48.8750
2057	2819	50.6750	46.8000
2057	2825	21.0250	52.6750
2058	2827	40.2250	48.8750
2059	2819	50.6750	46.8000
2059	2825	20.3750	52.6750
2060	2827	39.6750	48.6750
2061	2819	50.6750	46.8000
2061	2825	19.8250	52.5750
2062	2827	39.1250	48.5500
2063	2819	50.6750	46.8000
2063	2825	19.1750	52.4750
2064	2827	38.5250	48.3500
2065	2825	18.6250	52.5750
2066	2827	37.9750	48.2500
2067	2825	18.0500	52.4750
2068	2827	37.4000	48.0500
2069	2825	17.4250	52.3750
2070	2827	36.8500	47.9500
2071	2825	16.8750	52.4750
2072	2827	36.1000	47.9500
2073	2825	16.3250	52.4750
2074	2827	35.3500	47.9500
2075	2825	15.7750	52.4750
2076	2826	1.1750	54.0250
2077	2827	34.6000	48.0500
2078	2825	15.1250	52.6750
2079	2826	0.8500	55.4750
2080	2827	33.8500	48.1500
2081	2825	14.5750	52.6750
2082	2826	0.8000	54.8250
2083	2827	33.0500	48.1500
2084	2825	14.0250	52.6750
2085	2826	1.3500	54.8250
2086	2827	32.3500	48.3500
2087	2825	13.4750	52.6750
2088	2826	1.9000	55.0250
2089	2827	31.7000	48.3500
2090	2825	12.9500	52.6750
2091	2826	2.5000	55.2750
2092	2827	31.1500	48.3500
2093	2825	12.3250	52.6750
2094	2826	3.0250	55.2750
2095	2827	30.5000	48.3500
2096	2825	11.7750	52.6750
2097	2826	3.6250	55.4750
2098	2827	29.9000	48.3500
2099	2825	11.2250	52.6750
2100	2826	4.1250	55.6750
2101	2827	29.0500	48.4500
2102	2825	10.5750	52.6750
2103	2826	4.5750	55.8750
2104	2827	28.1500	48.6500
2105	2825	9.9250	52.6750
2106	2826	5.0250	56.0750
2107	2827	27.3500	48.8500
2108	2825	9.3250	52.6750
2109	2826	5.4750	56.0750
2110	2827	26.4000	49.0500
2111	2825	8.6750	52.6750
2112	2826	5.9250	56.2750
2113	2827	25.5000	49.2750
2114	2825	8.0250	52.6750
2115	2826	6.4750	56.2750
2116	2827	24.8750	49.2750
2117	2825	7.2250	52.6750
2118	2826	7.1250	56.0750
2119	2827	24.3500	49.2750
2120	2825	6.3750	52.6750
2121	2826	7.7250	55.8750
2122	2827	23.7000	49.0500
2123	2825	5.5750	52.6750
2124	2826	8.3500	55.6750
2125	2827	23.0500	49.0500
2126	2825	4.7750	52.4750
2127	2826	8.9750	55.4750
2128	2827	22.4000	48.8500
2129	2825	3.9250	52.4750
2130	2826	9.6250	55.2750
2131	2827	21.8500	48.8500
2132	2825	3.1250	52.4750
2133	2826	10.2250	55.0250
2134	2827	21.2500	48.6500
2135	2825	2.5250	52.4750
2136	2826	10.9500	55.0250
2137	2827	20.6000	48.6500
2138	2825	2.3000	52.4750
2139	2826	11.5750	55.0250
2140	2827	19.9500	48.6500
2141	2825	2.0750	52.6750
2142	2826	12.2250	55.0250
2143	2827	19.3000	48.6500
2144	2825	1.8500	52.6750
2145	2826	12.8500	55.0250
2146	2827	18.7000	48.4500
2147	2825	1.1250	52.2750
2148	2826	13.5000	55.0250
2149	2827	17.9500	48.4500
2150	2825	1.1250	52.2750
2151	2826	14.0500	55.0250
2152	2827	17.1500	48.4500
2153	2825	1.1250	52.2750
2154	2826	14.6000	55.0250
2155	2827	16.4000	48.2500
2156	2826	15.1250	55.2750
2157	2827	15.7000	48.2500
2158	2826	15.6750	55.2750
2159	2827	14.9500	48.0500
2160	2826	16.2250	55.2750
2161	2827	14.1500	48.0500
2162	2826	16.7750	55.4750
2163	2827	13.5000	47.8250
2164	2826	17.3250	55.4750
2165	2827	12.7500	47.4000
2166	2826	17.8750	55.4750
2167	2827	12.1500	47.2000
2168	2826	18.4000	55.4750
2169	2827	11.5000	46.9000
2170	2826	19.0500	55.5750
2171	2827	10.7500	47.0000
2172	2826	19.6000	55.5750
2173	2827	10.0750	47.0000
2174	2826	20.1500	55.4750
2175	2827	9.4000	47.0000
2176	2826	20.7000	55.4750
2177	2827	8.6750	47.1000
2178	2826	21.2250	55.3500
2179	2827	7.9750	47.1000
2180	2828	64.4250	61.0250
2181	2826	21.7750	55.3500
2182	2827	7.3000	47.2250
2183	2828	64.4250	61.4500
2184	2826	22.3250	55.2500
2185	2827	6.5750	47.3250
2186	2828	64.4750	61.8500
2187	2826	22.9250	55.3500
2188	2827	5.9000	47.3250
2189	2828	64.5250	62.2750
2190	2826	23.4750	55.2500
2191	2827	5.2000	47.4250
2192	2828	64.5250	62.6750
2193	2826	24.0250	55.2500
2194	2827	4.4750	47.4250
2195	2828	64.6250	63.3000
2196	2826	24.5500	55.2500
2197	2827	3.8000	47.5250
2198	2828	64.6750	63.7000
2199	2826	25.1000	55.1500
2200	2827	3.1250	47.6250
2201	2828	64.7000	64.1250
2202	2826	25.6500	55.1500
2203	2827	2.3750	47.6000
2204	2828	64.7000	64.5250
2205	2826	26.2000	55.0500
2206	2827	1.7000	47.7250
2207	2828	64.7500	64.9500
2208	2826	26.7250	55.0500
2209	2828	64.8500	65.5750
2210	2826	27.3750	55.1500
2211	2828	64.8500	66.1750
2212	2826	28.0250	55.1500
2213	2828	64.8500	66.6000
2214	2826	28.5750	55.1500
2215	2828	64.8500	67.2250
2216	2826	29.2000	55.1500
2217	2828	64.8500	67.8250
2218	2826	29.7500	55.1500
2219	2828	64.8500	68.2500
2220	2826	30.3750	55.1500
2221	2828	64.8500	68.8750
2222	2826	31.0250	55.1500
2223	2828	64.8500	69.4750
2224	2826	31.5750	55.1500
2225	2828	64.8500	69.9000
2226	2826	32.1250	55.1500
2227	2828	64.8500	70.5250
2228	2826	32.6750	55.1500
2229	2828	64.8500	71.1250
2230	2826	33.2000	55.1500
2231	2828	64.8500	71.5500
2232	2826	33.7500	55.1500
2233	2828	64.8500	72.1750
2234	2826	34.3000	55.1500
2235	2828	64.8500	72.7750
2236	2826	34.8500	55.1500
2237	2828	64.8500	73.4000
2238	2826	35.3750	55.1500
2239	2828	64.8500	74.0250
2240	2826	35.9250	55.1500
2241	2828	64.8500	74.6500
2242	2826	36.5750	55.1500
2243	2828	64.8500	75.2500
2244	2826	37.1250	55.1500
2245	2828	64.8500	75.8750
2246	2826	37.6750	55.1500
2247	2828	64.8500	76.5000
2248	2826	38.2250	55.1500
2249	2828	64.8500	77.1250
2250	2826	38.7750	55.1500
2251	2828	64.8500	77.7250
2252	2826	39.3000	55.1500
2253	2828	64.8500	78.3500
2254	2826	39.8500	55.1500
2255	2828	64.8500	78.9750
2256	2826	40.4000	55.1500
