0	3014	20.1250	51.3000
0	3019	11.7250	47.1750
0	3026	43.4750	44.7750
0	3027	43.5500	46.4250
0	3030	45.6750	47.9000
0	3031	45.5250	49.3500
0	3036	1.0000	4.9000
0	3037	30.2250	45.6000
0	3038	30.3500	47.9000
0	3039	36.5750	44.1250
1	3024	30.8250	43.4750
2	3014	21.1250	51.4500
2	3019	12.5750	46.9750
2	3026	44.7500	44.5000
2	3027	44.8750	46.4250
2	3030	46.9500	48.1500
2	3031	46.6750	49.5500
2	3036	1.1000	5.6500
2	3037	30.7000	45.6000
2	3038	30.7750	47.7000
2	3039	37.2250	44.1250
3	3024	31.0750	43.1250
4	3014	22.0750	51.6500
4	3019	13.4750	46.9750
4	3026	46.0750	44.3000
4	3027	46.2000	46.6250
4	3030	48.3250	48.4500
4	3031	47.9250	49.9000
4	3036	1.2500	6.4000
4	3037	31.2250	45.7000
4	3038	31.2750	47.7000
4	3039	37.9750	44.3250
5	3024	31.3000	42.9250
5	3033	2.4500	74.8250
6	3014	23.1750	51.8500
6	3019	14.2750	46.9750
6	3026	47.3750	44.1250
6	3027	47.5750	46.7750
6	3030	49.7000	48.7250
6	3031	49.1250	50.2750
6	3036	1.3500	7.1000
6	3037	31.7250	45.8000
6	3038	31.7500	47.5250
6	3039	38.6250	44.5000
7	3024	31.7250	42.5750
7	3033	2.7000	75.3750
8	3014	24.1250	52.0000
8	3019	15.0250	46.7750
8	3026	48.7000	43.9500
8	3027	48.9000	46.9750
8	3030	51.0250	49.0750
8	3031	50.3750	50.6500
8	3036	1.5000	7.8500
8	3037	32.2500	45.8750
8	3038	32.2500	47.5250
8	3039	39.3750	44.5000
9	3024	32.2250	42.0250
9	3033	3.0250	76.1250
10	3021	55.5750	50.3750
10	3041	48.7000	45.7750
11	3014	24.8750	52.2000
11	3019	15.5750	46.7750
11	3026	49.6000	44.2250
11	3027	49.7250	46.9750
11	3030	51.4000	49.2750
11	3031	50.7500	50.8250
11	3036	1.6000	8.6000
11	3037	32.4500	45.7750
11	3038	32.4250	47.5250
11	3039	39.4250	44.6750
12	3024	32.2750	41.4750
12	3033	3.2500	76.6750
13	3021	57.6750	50.1750
13	3041	49.6750	45.7750
14	3014	25.3750	52.2000
14	3019	16.1750	46.7750
14	3026	50.3500	44.6000
14	3027	50.3750	46.9750
14	3030	51.2500	49.2750
14	3031	50.7500	50.8250
14	3036	1.6000	9.5000
14	3037	32.3750	45.7750
14	3038	32.4250	47.5250
14	3039	39.1750	44.6750
15	3024	32.1250	41.1250
15	3033	3.8500	77.2250
16	3021	57.6750	50.0000
16	3041	50.3250	45.7750
17	3034	14.3750	45.4250
18	3014	25.9750	52.4000
18	3019	16.6750	46.7750
18	3026	50.1000	44.4000
18	3027	50.1250	46.9750
18	3030	51.1500	49.2750
18	3031	50.7500	50.8250
18	3036	1.6500	10.2500
18	3037	31.9500	45.7750
18	3038	32.0000	47.5250
18	3039	38.9500	44.6750
19	3024	31.9750	40.7250
19	3033	4.5750	77.7750
20	3021	57.6750	49.6250
20	3041	50.0750	45.7750
21	3034	13.7250	45.0500
22	3014	26.4750	52.5500
22	3019	17.2250	46.6250
22	3026	49.9250	44.4000
22	3027	49.9500	46.9750
22	3030	51.0750	49.2750
22	3031	50.7500	50.9000
22	3036	1.6500	10.9500
22	3037	31.5500	45.7750
22	3038	31.5750	47.5250
22	3039	38.7000	44.6750
23	3024	31.5750	40.2750
23	3033	5.0000	77.7750
24	3021	57.6750	49.2750
24	3041	49.9250	45.7750
25	3034	13.1250	45.0500
26	3014	27.0250	52.5500
26	3019	17.8250	46.6250
26	3026	49.7500	44.4000
26	3027	49.8000	46.9750
26	3030	50.9250	49.2750
26	3031	50.7500	50.9000
26	3036	1.7500	11.9000
26	3037	31.1500	45.7750
26	3038	31.1750	47.3500
26	3039	38.4750	44.6750
27	3024	31.2750	39.8250
27	3033	5.4000	77.9250
28	3021	57.6750	48.9000
28	3041	49.7750	45.7750
29	3034	12.6250	45.0500
30	3014	27.5250	52.7500
30	3019	18.3750	46.6250
30	3026	49.6000	44.4000
30	3027	49.5500	46.9750
30	3030	50.8250	49.2750
30	3031	50.7500	50.9000
30	3036	1.7500	12.6000
30	3037	30.7250	45.7750
30	3038	30.7750	47.3500
30	3039	38.2750	44.6750
31	3024	30.7750	39.4500
31	3033	5.8000	78.1250
32	3021	57.6750	48.7250
32	3041	49.5250	45.8750
33	3034	12.1250	45.0500
34	3014	28.0750	52.7500
34	3019	18.9750	46.6250
34	3026	49.4500	44.2250
34	3027	49.4000	46.9750
34	3030	50.3250	49.0750
34	3031	50.1250	50.8250
34	3036	1.7500	13.3500
34	3037	30.2500	45.6000
34	3038	30.3500	47.3500
34	3039	37.2250	44.1250
35	3024	30.2750	38.9000
35	3033	6.2250	78.4750
36	3018	1.1250	49.8250
36	3020	3.1500	49.6250
36	3028	1.3250	50.3750
36	3029	2.9000	51.2000
36	3032	12.9250	60.3500
37	3021	57.4250	48.1750
37	3041	49.3500	45.8000
38	3034	11.6500	45.2250
39	3014	28.6750	52.5500
39	3019	19.4750	46.6250
39	3026	49.2500	44.2250
39	3027	49.2250	46.9750
39	3030	49.6000	48.9000
39	3031	49.2250	50.7500
39	3036	1.8250	14.1000
39	3037	29.8250	45.4250
39	3038	30.0250	47.3500
39	3039	36.6250	44.3250
40	3024	29.8750	38.5500
40	3033	6.6500	78.8750
41	3018	1.6250	49.6250
41	3020	3.6500	49.4500
41	3028	1.8250	50.1750
41	3029	3.4000	51.0000
41	3032	13.2500	60.5250
42	3021	57.0250	47.8000
42	3041	49.1250	45.8000
43	3023	25.8250	85.3750
44	3034	11.0750	45.2250
45	3014	29.3250	52.2000
45	3019	19.9750	46.6250
45	3026	49.1000	44.2250
45	3027	48.9750	46.9750
45	3030	49.1750	48.9000
45	3031	48.7750	50.5500
45	3036	1.8250	14.6500
45	3037	29.4000	45.4250
45	3038	29.7000	47.3500
45	3039	36.0750	44.3250
46	3024	29.3750	38.0000
46	3033	7.0500	79.2250
47	3018	2.2000	49.6250
47	3020	4.2000	49.4500
47	3028	2.4000	50.1750
47	3029	3.9500	51.0000
47	3032	13.6750	60.7000
48	3021	56.2750	47.4250
48	3041	48.9750	45.8750
49	3023	25.5000	85.3750
50	3034	10.5750	45.2250
51	3014	29.8250	52.0000
51	3019	20.4250	46.7750
51	3026	48.9500	44.2250
51	3027	48.8000	46.9750
51	3030	48.7000	48.9000
51	3031	48.2750	50.5500
51	3036	1.8250	15.2000
51	3037	28.9250	45.4250
51	3038	29.2750	47.1500
51	3039	35.5750	44.3250
52	3024	28.8750	37.6250
52	3033	7.4500	79.7750
53	3018	2.7000	49.6250
53	3020	4.7000	49.4500
53	3028	2.9000	50.1750
53	3029	4.4500	51.0000
53	3032	14.0000	60.9000
54	3021	55.8750	47.4250
54	3041	48.7750	45.8750
55	3023	25.1750	85.3750
56	3034	10.0750	45.2250
57	3014	30.3250	52.0000
57	3019	20.9250	46.7750
57	3026	48.7750	44.2250
57	3027	48.6500	46.9750
57	3030	48.2750	48.9000
57	3031	47.8750	50.5500
57	3036	1.8250	15.7500
57	3037	28.3500	45.4250
57	3038	28.8750	46.9750
57	3039	35.1750	44.3250
58	3024	28.4750	37.2500
58	3033	7.9500	80.3250
59	3018	3.2500	49.4500
59	3020	5.2750	49.4500
59	3028	3.4750	50.1750
59	3029	5.0500	51.0000
59	3032	14.4000	61.0750
60	3021	55.5750	47.4250
60	3041	48.5750	45.8750
61	3023	24.8500	85.3750
62	3034	9.5250	45.2250
63	3014	30.8250	51.8500
63	3019	21.5250	46.9750
63	3026	48.6000	44.0500
63	3027	48.4000	46.9750
63	3030	47.8750	48.9000
63	3031	47.4750	50.5500
63	3036	1.8250	16.3000
63	3037	27.8500	45.4250
63	3038	28.3750	46.8000
63	3039	34.6750	44.3250
64	3024	27.9750	36.5250
64	3033	8.2750	80.6750
65	3018	3.8500	49.4500
65	3020	5.7750	49.4500
65	3028	4.0500	50.0000
65	3029	5.6000	51.0000
65	3032	14.7250	61.2500
66	3021	55.1250	47.4250
66	3041	48.4250	45.7750
67	3023	24.5250	85.3750
68	3034	9.0250	45.2250
69	3014	31.3750	51.6500
69	3019	22.0250	46.9750
69	3026	48.4500	44.0500
69	3027	48.2500	46.9750
69	3030	47.4500	49.0750
69	3031	47.0500	50.5500
69	3036	1.9000	16.8500
69	3037	27.2750	45.4250
69	3038	27.8750	46.6000
69	3039	34.1750	44.1250
70	3024	27.4750	36.1500
70	3033	8.6000	80.8750
71	3018	4.3500	49.4500
71	3020	6.3500	49.4500
71	3028	4.5500	50.0000
71	3029	6.1000	51.0000
71	3032	15.1500	61.4500
72	3021	54.7250	47.4250
72	3041	48.1750	45.8750
73	3023	24.2000	85.5500
74	3034	8.4250	45.0500
75	3014	31.8750	51.6500
75	3019	22.5250	47.1750
75	3026	48.3000	44.0500
75	3027	48.0750	46.9750
75	3030	46.9750	49.0750
75	3031	46.5500	50.5500
75	3036	1.9000	17.4000
75	3037	26.7750	45.4250
75	3038	27.4000	46.4250
75	3039	33.6750	44.1250
76	3024	26.9750	35.9750
76	3033	8.8500	81.2250
77	3018	4.9000	49.2750
77	3020	6.8500	49.4500
77	3028	5.1250	50.0000
77	3029	6.6750	51.0000
77	3032	15.4750	61.6250
78	3021	54.4250	47.4250
78	3041	47.9750	45.8750
79	3023	23.9500	85.6250
80	3034	7.9500	45.0500
81	3014	32.3750	51.4500
81	3019	22.9750	47.1750
81	3026	48.1000	44.0500
81	3027	47.8250	46.9750
81	3030	46.5500	49.0750
81	3031	46.1500	50.5500
81	3036	1.9000	17.9500
81	3037	26.3750	44.8750
81	3038	26.9750	46.4250
81	3039	33.2750	44.1250
82	3024	26.4750	35.4250
82	3033	9.3500	81.6250
83	3018	5.5000	49.2750
83	3020	7.4000	49.4500
83	3028	5.6000	50.0000
83	3029	7.1500	51.0000
83	3032	15.8750	61.8000
84	3021	53.9750	47.4250
84	3041	47.8250	45.8750
85	3023	23.7000	85.9250
86	3034	7.3750	44.8750
87	3014	32.8750	51.4500
87	3019	23.4750	47.1750
87	3026	47.9500	44.0500
87	3027	47.6500	46.9750
87	3030	46.1500	49.0750
87	3031	45.7250	50.5500
87	3036	1.9000	18.5000
87	3037	26.2000	44.1250
87	3038	26.5000	46.2500
87	3039	32.7750	44.1250
88	3024	26.0750	35.0500
88	3033	9.8500	81.7750
89	3018	5.9750	49.2750
89	3020	8.0000	49.2750
89	3028	6.1750	50.0000
89	3029	7.7500	51.0000
89	3032	15.9750	62.0000
90	3021	53.5750	47.4250
90	3041	47.5750	45.7750
91	3023	23.5250	86.2000
92	3034	6.8750	44.8750
93	3014	33.1750	51.4500
93	3019	23.9750	47.3250
93	3026	47.6000	43.8500
93	3027	47.3500	46.9750
93	3030	45.6500	49.0750
93	3031	45.1500	50.3500
93	3036	1.9000	19.0500
93	3037	25.8000	44.6750
93	3038	25.9250	46.0500
93	3039	32.2250	43.9500
94	3024	25.6750	34.5000
94	3033	10.3500	82.1750
95	3018	6.5500	49.0750
95	3020	8.5000	49.2750
95	3028	6.7500	49.8250
95	3029	8.3250	51.0000
95	3032	15.9750	62.0000
96	3021	52.9250	47.4250
96	3041	47.2750	45.7750
97	3023	23.2750	86.3750
98	3034	6.3250	44.6750
99	3014	33.5250	51.4500
99	3019	24.3750	47.3250
99	3026	47.2000	43.8500
99	3027	46.9250	46.9750
99	3030	45.2500	48.9750
99	3031	44.5000	50.3500
99	3036	1.9000	19.6000
99	3037	25.1500	44.6750
99	3038	25.3250	46.0500
99	3039	31.6250	43.9500
100	3024	25.2750	34.1500
100	3033	10.6500	82.7250
101	3018	7.1250	49.0750
101	3020	9.0500	49.2750
101	3028	7.2500	49.8250
101	3029	8.8000	51.0000
101	3032	15.9750	62.0000
102	3021	52.2750	47.4250
102	3041	46.9250	45.6000
103	3023	22.8750	86.3000
104	3034	5.8250	44.6750
105	3014	33.8750	51.4500
105	3019	24.8750	47.3250
105	3026	46.8000	43.8500
105	3027	46.6000	46.7750
105	3030	44.7750	48.8250
105	3031	43.9250	50.3500
105	3036	2.0000	20.1500
105	3037	24.5500	44.6750
105	3038	24.7750	45.8750
105	3039	31.0750	43.9500
106	3024	24.6000	33.6000
106	3033	11.0750	83.0750
107	3018	7.6250	49.0750
107	3020	9.5500	49.2750
107	3028	7.8250	49.8250
107	3029	9.4000	51.0000
107	3032	15.9750	62.0000
108	3021	51.6250	47.4250
108	3041	46.5750	45.6000
109	3023	22.3750	86.1000
110	3034	5.2250	44.5000
111	3014	34.1750	51.6500
111	3019	25.3000	47.3250
111	3026	46.4000	43.8500
111	3027	46.2000	46.7750
111	3030	44.2750	48.7250
111	3031	43.2750	50.3500
111	3036	2.0000	20.8500
111	3037	24.0000	44.6750
111	3038	24.1750	45.7000
111	3039	30.4000	43.9500
112	3024	23.9250	33.2250
112	3033	11.5000	83.4250
113	3018	8.2000	48.9000
113	3020	10.1500	49.2750
113	3028	8.3250	49.8250
113	3029	9.9000	51.0000
113	3032	15.9750	62.0000
114	3021	50.8750	47.4250
114	3041	46.2750	45.4250
115	3023	21.8750	85.9250
116	3034	4.5750	44.5000
117	3014	34.5250	51.6500
117	3019	25.7750	47.3250
117	3026	46.0000	43.8500
117	3027	45.7750	46.7750
117	3030	43.4750	48.7250
117	3031	42.6000	50.3500
117	3036	2.0000	21.4000
117	3037	23.4000	44.6750
117	3038	23.6250	45.7000
117	3039	29.8250	43.9500
118	3024	23.2750	32.8500
118	3033	12.0500	83.8250
119	3018	8.7750	48.9000
119	3020	10.6250	49.2750
119	3028	8.9000	49.8250
119	3029	10.4500	51.0000
119	3032	15.9750	62.0000
120	3021	50.2250	47.4250
120	3041	45.9250	45.4250
121	3023	21.4000	85.7250
122	3034	3.9250	44.5000
123	3014	34.8250	51.6500
123	3019	26.2750	47.3250
123	3026	45.6500	43.8500
123	3027	45.3500	46.6250
123	3030	42.4000	48.9000
123	3031	41.9500	50.7500
123	3036	2.0000	21.9500
123	3037	22.8500	44.6750
123	3038	23.1250	45.5000
123	3039	29.2250	43.9500
124	3024	22.6250	32.5000
125	3018	9.2500	48.9000
125	3020	11.2000	49.2750
125	3028	9.4750	49.6250
125	3029	11.0500	51.0000
125	3032	15.9750	62.0000
126	3021	49.5750	47.4250
126	3041	45.6250	45.2250
127	3023	21.1250	85.8250
128	3034	3.2750	44.3250
129	3014	35.1750	51.6500
129	3019	26.6750	47.3250
129	3026	45.2500	43.8500
129	3027	45.0500	46.6250
129	3030	41.9750	48.8000
129	3031	41.3750	50.3500
129	3036	2.0000	22.5000
129	3037	22.1750	44.3250
129	3038	22.5500	45.5000
129	3039	28.6750	43.9500
130	3024	21.9750	32.1250
131	3018	9.8500	48.7250
131	3020	11.7750	49.2750
131	3028	9.9750	49.6250
131	3029	11.5250	51.0000
131	3032	15.9750	62.0000
132	3021	48.8750	47.4250
132	3041	45.2750	45.2250
133	3023	21.0250	86.2000
134	3034	2.6250	44.3250
135	3014	36.1250	51.4500
135	3019	27.4250	46.8750
135	3026	45.3000	43.6750
135	3027	45.2000	46.3250
135	3030	41.9750	48.6250
135	3031	41.3750	50.0000
135	3036	2.0000	23.0500
135	3037	21.9250	43.5750
135	3038	22.0500	45.3250
135	3039	28.1750	43.7750
136	3024	21.4750	31.7500
137	3018	10.4250	48.7250
137	3020	12.2500	49.0750
137	3028	10.5500	49.6250
137	3029	12.1000	51.0000
137	3032	15.9750	62.0000
138	3021	49.5750	47.2500
138	3041	45.9250	45.0500
139	3035	1.0000	73.7250
140	3034	1.9500	44.1250
141	3014	37.8750	50.9000
141	3019	28.5500	45.9750
141	3026	46.4500	43.6750
141	3027	46.5500	46.0500
141	3030	42.9750	48.0750
141	3031	42.6000	49.6500
141	3036	2.0000	23.6000
141	3037	21.9250	43.9500
141	3038	21.8000	45.3250
141	3039	27.9250	43.7750
142	3024	20.9750	31.2000
143	3018	10.9000	48.7250
143	3020	12.8500	49.0750
143	3028	11.0250	49.6250
143	3029	12.6000	51.0000
143	3032	15.9750	62.0000
144	3021	50.9750	47.2500
144	3041	47.0750	44.8750
145	3035	1.4000	74.4500
146	3034	1.3750	44.1250
147	3014	38.8250	51.2000
147	3019	29.2250	45.7750
147	3026	46.6500	43.6750
147	3027	46.8000	45.9750
147	3030	42.8250	48.0750
147	3031	42.5250	49.6500
147	3036	2.0000	24.1500
147	3037	21.6750	43.9500
147	3038	21.4750	45.3250
147	3039	27.6000	43.5750
148	3024	20.4750	30.8500
149	3018	11.5000	48.5250
149	3020	13.3500	49.0750
149	3028	11.6000	49.6250
149	3029	13.1750	51.0000
149	3032	15.9750	62.0000
150	3021	50.2750	47.2500
150	3041	46.7750	44.8750
151	3035	1.8250	75.2000
152	3034	0.8000	44.1250
153	3014	39.2750	51.3000
153	3019	29.7250	45.7750
153	3026	46.4000	43.6750
153	3027	46.5500	46.0500
153	3030	42.1750	48.0750
153	3031	41.9500	49.6500
153	3036	2.0000	24.7000
153	3037	21.3500	43.7750
153	3038	21.2250	45.3250
153	3039	27.3750	43.5750
154	3024	20.0000	30.4750
155	3018	11.9750	48.5250
155	3020	13.9000	49.0750
155	3028	12.1750	49.4500
155	3029	13.7500	51.0000
155	3032	15.9750	62.0000
156	3021	49.7250	47.4250
156	3041	46.5250	45.0500
157	3035	2.2500	75.9250
158	3040	30.6750	44.6000
159	3014	39.6750	51.3000
159	3019	30.2250	45.8750
159	3026	46.1500	43.6750
159	3027	46.3000	46.2500
159	3030	41.5750	48.0750
159	3031	41.3000	49.8000
159	3036	2.0000	25.2500
159	3037	20.8500	43.5750
159	3038	20.9000	45.3250
159	3039	27.0250	43.5750
160	3024	19.5000	29.9250
161	3018	12.5500	48.5250
161	3020	14.4000	49.0750
161	3028	12.6750	49.4500
161	3029	14.2500	51.0000
161	3032	15.9750	62.0000
162	3021	49.1250	47.4250
162	3041	46.1750	45.2250
163	3035	2.6500	76.4750
164	3040	31.1750	44.4000
165	3014	40.1750	51.3000
165	3019	30.8250	45.8750
165	3026	45.8000	43.6750
165	3027	46.0250	46.3500
165	3030	41.0750	48.0750
165	3031	40.7250	49.8000
165	3036	2.0000	25.8000
165	3037	19.8750	44.1250
165	3038	20.2500	45.3250
165	3039	26.3750	43.5750
166	3024	18.9250	29.7500
167	3018	13.1250	48.3500
167	3020	15.0000	49.0750
167	3028	13.2500	49.4500
167	3029	14.8000	51.0000
167	3032	15.9750	62.0000
168	3021	48.5750	47.6250
168	3041	45.9250	45.4250
169	3035	2.9750	76.8500
170	3040	31.6750	44.4000
171	3014	40.5750	51.3000
171	3019	31.3250	45.8750
171	3026	45.5500	43.6750
171	3027	45.7750	46.5000
171	3030	40.5750	48.0750
171	3031	40.0750	49.8000
171	3036	2.0000	26.3500
171	3037	19.3000	44.1250
171	3038	19.5750	45.3250
171	3039	25.7250	43.5750
172	3024	18.3500	29.3750
173	3018	13.6250	48.3500
173	3020	15.5500	49.0750
173	3028	13.7500	49.4500
173	3029	15.3000	51.0000
173	3032	15.9750	62.0000
174	3021	47.9750	47.8000
174	3041	45.6250	45.6000
175	3035	3.3000	77.4000
176	3040	32.1750	44.4000
177	3014	41.0250	51.3000
177	3019	31.8750	45.8750
177	3026	45.3000	43.6750
177	3027	45.4750	46.7000
177	3030	40.1000	48.0750
177	3031	39.4000	49.8000
177	3036	2.0000	26.9000
177	3037	18.7250	43.9500
177	3038	18.9250	45.3250
177	3039	25.1250	43.5750
178	3024	17.8750	29.0250
179	3018	14.2000	48.3500
179	3020	16.0500	49.0750
179	3028	14.3250	49.4500
179	3029	15.9000	51.0000
179	3032	15.9750	62.0000
180	3021	47.4250	47.8000
180	3041	45.3750	45.7750
181	3035	3.6500	77.7500
182	3040	32.6750	44.4000
183	3014	41.4250	51.1000
183	3019	32.3750	45.6750
183	3026	45.0000	43.6750
183	3027	45.2000	46.8000
183	3030	39.6250	47.9000
183	3031	38.8250	49.6500
183	3036	1.9000	27.4500
183	3037	18.1500	43.7750
183	3038	18.2750	45.3250
183	3039	24.4750	43.5750
184	3024	17.2750	28.7250
185	3018	14.7750	48.2500
185	3020	16.6250	49.0750
185	3028	14.9000	49.4500
185	3029	16.4500	50.8250
185	3032	15.9750	62.0000
186	3021	46.8250	47.8000
186	3041	45.0250	45.7750
187	3035	4.0000	78.1250
188	3040	33.1500	44.2250
189	3014	41.9250	51.1000
189	3019	32.8250	45.6750
189	3026	44.8000	43.6750
189	3027	44.9500	46.8000
189	3030	39.0250	47.9000
189	3031	38.3250	49.6500
189	3036	1.8250	28.0000
189	3037	17.6250	43.7750
189	3038	17.7000	45.3250
189	3039	23.8750	43.5750
190	3024	16.8250	28.5500
191	3018	15.3250	48.2500
191	3020	17.1500	49.0750
191	3028	15.4250	49.4500
191	3029	17.0750	50.8250
191	3032	15.9750	62.0000
192	3021	46.2250	47.8000
192	3041	44.8250	45.7750
193	3035	4.3000	78.4000
194	3040	33.6500	44.1250
195	3014	42.4250	51.1000
195	3019	33.2750	45.6000
195	3026	44.6000	43.6750
195	3027	44.6500	46.8000
195	3030	38.4750	47.7000
195	3031	37.8250	49.6500
195	3036	1.7000	28.5500
195	3037	17.1250	43.5750
195	3038	17.2000	45.1500
195	3039	23.2750	43.6750
196	3024	16.2500	28.3000
197	3018	15.8750	48.2500
197	3020	17.7750	49.1750
197	3028	15.9750	49.4500
197	3029	17.7000	50.8250
197	3032	15.9750	62.0000
198	3021	45.6500	47.8000
198	3041	44.6250	45.7750
199	3035	4.5750	78.5750
200	3040	34.1250	43.9500
201	3014	42.9250	51.1000
201	3019	33.8000	45.4250
201	3026	44.3500	43.7750
201	3027	44.3750	46.8000
201	3030	37.8750	47.7000
201	3031	37.2750	49.6500
201	3036	1.5750	29.0000
201	3037	16.5500	43.4750
201	3038	16.6250	44.9500
201	3039	22.6750	43.7500
202	3024	15.6750	27.9000
203	3018	16.4750	48.2500
203	3020	18.3500	49.1750
203	3028	16.5500	49.5500
203	3029	18.3250	50.6500
204	3021	45.0750	47.8000
204	3041	44.3750	45.7750
205	3035	5.0250	79.1250
206	3040	34.6250	43.8750
207	3014	43.4250	51.1000
207	3019	34.2500	45.3250
207	3026	44.1000	43.7750
207	3027	44.1000	46.8000
207	3030	37.2750	47.5250
207	3031	36.7750	49.6500
207	3036	1.5000	29.5500
207	3037	16.0500	43.3250
207	3038	16.0750	44.7750
207	3039	22.1000	43.8500
208	3024	15.0250	27.5500
209	3018	16.9750	48.2500
209	3020	18.8750	49.2500
209	3028	17.0750	49.5500
209	3029	18.9250	50.6500
210	3021	44.5500	47.7000
210	3041	44.1750	45.6000
211	3035	5.5250	79.6750
212	3040	35.1250	43.7750
213	3014	43.9250	51.1000
213	3019	34.7250	45.1500
213	3026	43.8750	43.7750
213	3027	43.8500	46.9000
213	3030	36.6750	47.4250
213	3031	36.2750	49.5500
213	3036	1.3750	30.1000
213	3037	15.5250	43.1250
213	3038	15.5250	44.6000
213	3039	21.5250	43.8500
214	3024	14.4500	27.0000
215	3018	17.5750	48.2500
215	3020	19.5000	49.2500
215	3028	17.6250	49.6500
215	3029	19.6000	50.6500
216	3021	43.9500	47.6250
216	3041	43.9250	45.6000
217	3035	6.0250	80.2250
218	3040	35.6500	43.6750
219	3014	44.4250	51.1000
219	3019	35.3250	44.8500
219	3026	43.6500	43.8750
219	3027	43.5500	46.9000
219	3030	36.1250	47.3500
219	3031	35.7750	49.5500
219	3036	1.2750	30.6500
219	3037	15.0250	43.0250
219	3038	15.0250	44.4000
219	3039	20.9000	43.9500
220	3024	13.8750	26.6500
221	3018	18.1750	48.2500
221	3020	20.0750	49.3500
221	3028	18.1750	49.6500
221	3029	20.2000	50.4500
222	3021	43.4000	47.6250
222	3041	43.6750	45.6000
223	3035	6.6000	80.7750
224	3040	36.1500	43.4750
225	3014	44.9250	51.1000
225	3019	35.9750	44.6000
225	3026	43.4000	43.9500
225	3027	43.2500	46.9000
225	3030	35.5250	47.2500
225	3031	35.2750	49.5500
225	3036	1.1250	31.2000
225	3037	14.4750	42.8500
225	3038	14.4250	44.2250
225	3039	20.3250	44.0250
226	3024	13.2000	26.2750
227	3018	18.7750	48.2500
227	3020	20.6500	49.3500
227	3028	18.7250	49.7250
227	3029	20.8250	50.4500
228	3021	42.8500	47.5250
228	3041	43.4750	45.4250
229	3035	7.0750	81.3250
230	3040	36.6500	43.4000
231	3014	45.4000	51.1000
231	3019	36.5250	44.4000
231	3026	43.1500	43.9500
231	3027	43.0000	46.9000
231	3030	34.9500	47.0750
231	3031	34.8000	49.5500
231	3037	14.0000	42.8500
231	3038	13.9750	44.2250
231	3039	19.7250	44.1250
232	3024	12.7250	25.9000
233	3018	19.3000	48.2500
233	3020	21.2500	49.4500
233	3028	19.3000	49.7250
233	3029	21.4250	50.4500
234	3021	42.3000	47.5250
234	3041	43.2250	45.4250
235	3035	7.5750	81.8750
236	3040	37.1500	43.3000
237	3014	45.9500	51.1000
237	3019	37.0250	44.3000
237	3026	42.9250	44.0250
237	3027	42.7000	46.9000
237	3030	34.3750	47.0750
237	3031	34.2250	49.5500
237	3037	13.5000	42.8500
237	3038	13.4750	44.2250
237	3039	19.1000	44.1250
238	3024	12.4000	25.9000
239	3018	19.8750	48.2500
239	3020	21.8000	49.4500
239	3028	19.8500	49.7250
239	3029	22.0500	50.4500
240	3021	41.7000	47.5250
240	3041	42.9750	45.4250
241	3023	15.4000	83.9000
241	3035	8.0750	82.4250
242	3040	37.6750	43.2250
243	3014	46.4250	51.1000
243	3019	37.5250	44.2250
243	3026	42.7250	44.0250
243	3027	42.4500	46.9750
243	3030	33.7750	46.8750
243	3031	33.7250	49.4500
243	3037	13.0000	42.8500
243	3038	13.0250	44.4000
243	3039	18.4250	44.0500
244	3024	11.9000	25.7250
245	3018	20.4750	48.0000
245	3020	22.4500	49.2750
245	3028	20.5000	49.5500
245	3029	22.6250	50.4500
246	3021	41.1500	47.4250
246	3041	42.8000	45.4250
247	3023	15.0500	83.9000
247	3035	8.4750	82.9750
248	3040	38.1750	43.1250
249	3014	46.9250	51.1000
249	3019	37.9250	44.0500
249	3026	42.4750	44.0250
249	3027	42.1500	46.9750
249	3030	33.1750	46.7750
249	3031	33.2250	49.4500
249	3037	12.5250	42.8500
249	3038	12.6250	44.6000
249	3039	17.7000	44.0500
250	3024	11.3250	25.1750
251	3018	21.1000	47.7000
251	3020	23.0500	49.0750
251	3028	21.2500	49.3500
251	3029	23.2750	50.4500
252	3021	40.6000	47.3500
252	3041	42.5500	45.2250
253	3023	14.7500	83.7250
253	3035	8.9750	83.5250
254	3040	38.7000	42.9500
255	3014	47.4250	51.1000
255	3019	38.5000	43.8500
255	3026	42.2750	44.1250
255	3027	41.9000	46.9750
255	3030	32.6250	46.7000
255	3031	32.7250	49.4500
255	3037	12.0250	42.8500
255	3038	12.2250	44.7750
255	3039	16.9500	43.8500
256	3024	10.7500	24.8000
257	3018	21.7250	47.4250
257	3020	23.7000	48.7250
257	3028	21.9000	49.0000
257	3029	23.8750	50.6500
258	3021	39.9750	47.3500
258	3041	42.3250	45.2250
259	3023	14.4000	83.7250
259	3035	9.3750	84.0750
260	3040	39.2000	42.8500
261	3014	47.9000	51.1000
261	3019	39.0750	43.8500
261	3026	42.0250	44.1250
261	3027	41.5750	46.9750
261	3030	32.0000	46.6250
261	3031	32.2500	49.4500
261	3037	11.5250	42.8500
261	3038	11.7250	44.7750
261	3039	16.2250	43.8500
262	3024	10.1750	24.4500
263	3018	22.3750	47.1750
263	3020	24.3500	48.5250
263	3028	22.6500	48.8000
263	3029	24.5250	50.6500
264	3021	39.4000	47.3500
264	3041	42.1000	45.2250
265	3023	14.0750	83.5250
265	3035	9.8000	84.6250
266	3040	39.6000	42.8500
267	3014	48.3000	50.9000
267	3019	39.9000	44.2250
267	3026	41.5250	44.3250
267	3027	41.1750	46.8750
267	3030	31.3500	46.6250
267	3031	31.5750	49.2750
267	3037	10.7750	42.8500
267	3038	11.0750	44.9500
267	3039	15.4000	43.8500
268	3015	58.6500	47.0750
268	3016	58.6500	50.4750
268	3017	57.7750	44.9500
268	3024	9.6000	24.0750
268	3025	50.0500	47.0750
268	3042	54.2000	40.9250
269	3018	22.4750	47.3250
269	3020	24.2500	48.5250
269	3028	22.6500	49.0000
269	3029	24.3500	50.8250
270	3021	38.6750	47.1500
270	3041	41.2000	45.2250
271	3023	13.6000	83.1750
271	3035	10.1250	85.0000
272	3040	39.1000	42.8500
273	3014	48.1000	50.2000
273	3019	39.4000	44.2250
273	3026	39.9750	44.3250
273	3027	39.7750	46.8750
273	3030	29.8750	46.6250
273	3031	30.2000	49.2750
273	3037	10.0500	43.0250
273	3038	10.3250	45.1500
273	3039	14.5750	43.8500
274	3015	56.9000	46.5250
274	3016	56.8250	48.9000
274	3017	55.4750	44.4000
274	3024	8.9500	23.5250
274	3025	48.3250	47.0750
274	3042	52.4750	40.9250
275	3018	22.4750	47.5250
275	3020	24.1000	48.7250
275	3028	22.6500	49.1750
275	3029	24.1750	50.8250
276	3021	36.8500	47.1500
276	3041	39.6500	45.2250
277	3023	12.6000	82.0750
277	3035	10.1250	84.2750
278	3040	38.5500	42.8500
279	3014	46.1500	50.2000
279	3019	38.9250	44.0500
279	3026	38.3250	44.5000
279	3027	38.3750	46.8750
279	3030	28.4750	46.6250
279	3031	28.8750	49.2750
279	3037	9.2250	43.0250
279	3038	9.5750	45.1500
279	3039	13.7500	43.8500
280	3015	53.2000	46.5250
280	3016	53.2250	48.3500
280	3017	51.9500	44.7750
280	3024	8.2750	22.9750
280	3025	45.7000	46.8750
280	3042	50.8250	40.9250
281	3018	22.4750	47.8750
281	3020	24.0250	48.9000
281	3028	22.5500	49.5500
281	3029	24.0250	50.8250
282	3021	35.0250	46.9750
282	3041	38.0000	45.2250
283	3023	11.7000	80.9750
283	3035	10.0500	83.5250
284	3040	38.0500	42.8500
285	3014	44.1500	50.2000
285	3019	38.4250	44.0500
285	3026	36.7750	44.6750
285	3027	36.9750	46.8750
285	3030	27.0750	46.6250
285	3031	27.4750	49.2750
285	3037	8.4750	43.2250
285	3038	8.8750	45.3250
285	3039	12.9250	43.8500
286	3015	51.2500	46.5250
286	3016	51.3500	48.7250
286	3017	49.5500	44.7750
286	3024	7.6250	22.4250
286	3025	43.0500	46.7000
286	3042	49.1000	40.9250
287	3018	22.4750	48.0750
287	3020	23.8500	48.9000
287	3028	22.5500	49.7250
287	3029	23.7750	50.8250
288	3021	33.2250	46.9750
288	3041	36.4500	45.2250
289	3023	10.8000	79.8750
289	3035	10.0500	82.9750
290	3040	37.5500	42.8500
291	3014	42.8500	50.3500
291	3019	37.8250	44.0500
291	3026	35.2250	44.8750
291	3027	35.5000	46.8750
291	3030	25.7500	46.6250
291	3031	26.2500	49.0750
291	3037	7.7500	43.4000
291	3038	8.1250	45.5000
291	3039	12.1000	43.8500
292	3015	48.5500	46.7000
292	3016	48.6500	48.8000
292	3017	47.2500	44.6000
292	3024	7.0500	22.0500
292	3025	40.8500	46.7000
292	3042	47.4750	40.9250
293	3018	22.1250	48.2750
293	3020	23.4500	49.0750
293	3028	22.2000	49.9000
293	3029	23.4500	50.6500
294	3021	31.5750	46.9750
294	3041	35.0500	45.4250
295	3023	9.7000	78.7750
295	3035	9.6250	82.2500
296	3040	36.9000	42.8500
297	3014	42.0500	50.3500
297	3019	37.0250	44.0500
297	3026	34.1250	45.0500
297	3027	34.0250	47.4250
297	3030	24.5250	46.6250
297	3031	25.1000	49.0750
297	3037	7.0000	43.5750
297	3038	7.2750	45.7000
297	3039	11.2000	44.0500
298	3015	46.8000	46.5250
298	3016	46.9750	48.5500
298	3017	45.4500	44.7750
298	3024	6.6500	22.0500
298	3025	38.6250	46.5250
298	3042	45.8250	40.9250
299	3018	21.7250	48.2750
299	3020	22.8750	49.0750
299	3028	21.8000	49.9000
299	3029	22.9500	50.6500
300	3021	30.2750	46.9750
300	3041	33.9000	45.9750
301	3023	8.6500	77.6750
301	3035	9.2250	81.5250
302	3040	36.2500	42.8500
303	3014	41.1500	50.2000
303	3019	36.2000	44.0500
303	3026	33.0750	45.0500
303	3027	32.5500	47.8000
303	3030	23.3750	46.6250
303	3031	23.9500	49.0750
303	3037	6.3500	43.7750
303	3038	6.4750	45.8750
303	3039	10.3000	44.2250
304	3015	45.1500	46.5250
304	3016	45.2000	48.5500
304	3017	43.8000	44.9500
304	3024	6.1500	21.8750
304	3025	36.9000	46.3250
304	3042	44.4250	40.9250
305	3018	21.3250	48.2750
305	3020	22.3000	49.0750
305	3028	21.4000	49.9000
305	3029	22.4750	50.4500
306	3021	29.0250	46.8000
306	3041	32.8000	46.1500
307	3023	7.6500	76.5750
307	3035	8.8250	80.7750
308	3040	36.0000	42.8500
309	3014	40.0000	50.2000
309	3019	36.0250	44.0500
309	3026	32.0750	45.0500
309	3027	31.5500	47.6250
309	3030	21.8000	47.1750
309	3031	21.9750	49.0750
309	3037	5.6000	43.9500
309	3038	5.7250	46.0500
309	3039	9.4750	44.2250
310	3015	43.1500	46.7000
310	3016	43.0750	48.8250
310	3017	41.8250	45.1500
310	3024	5.4750	21.3250
310	3025	35.3250	46.8750
310	3042	44.0750	40.9250
311	3018	20.9000	48.4250
311	3020	21.7000	49.0750
311	3028	21.0500	50.1000
311	3029	22.0000	50.4500
312	3021	27.8750	46.6000
312	3041	31.8500	46.1500
313	3023	7.1000	76.0250
313	3035	8.7250	80.6000
314	3040	35.7500	42.8500
315	3014	38.8250	50.2000
315	3019	35.7750	44.0500
315	3026	31.1000	45.0500
315	3027	30.5500	47.4250
315	3030	20.7250	47.3250
315	3031	20.5750	48.7250
315	3037	5.0250	44.1250
315	3038	4.9750	46.2500
315	3039	8.6500	44.2250
316	3015	41.1750	46.7000
316	3016	41.5000	48.3500
316	3017	39.8500	45.1500
316	3024	4.8250	20.7750
316	3025	34.1000	46.7000
316	3042	43.7750	40.9250
317	3018	21.0750	48.4250
317	3020	22.0500	49.0750
317	3028	21.2500	50.2750
317	3029	22.1750	50.4500
318	3021	26.8250	46.4250
318	3041	30.8500	45.9750
319	3013	47.3750	46.8000
319	3023	6.8500	75.8250
319	3035	8.7250	80.6000
320	3040	35.5250	42.8500
321	3014	38.6500	50.2000
321	3019	35.5250	44.0500
321	3026	30.1750	45.0500
321	3027	29.5750	47.4250
321	3030	20.3250	47.3250
321	3031	19.9500	48.5250
321	3037	4.4500	44.3250
321	3038	4.2750	46.4250
321	3039	7.7500	44.2250
322	3015	40.7000	46.7000
322	3016	40.9500	48.2500
322	3017	39.2000	45.1500
322	3024	4.1750	20.2250
322	3025	33.7750	47.0750
322	3042	43.3500	40.9250
323	3018	21.3250	48.6250
323	3020	22.4000	49.0750
323	3028	21.4000	50.4500
323	3029	22.4250	50.6500
324	3021	25.9250	46.4250
324	3041	30.0500	45.7750
325	3013	47.0500	46.9750
325	3023	6.6000	75.8250
325	3035	8.8250	80.6000
326	3022	1.2500	33.7750
327	3040	35.3750	42.8500
328	3014	39.2500	50.3500
328	3019	35.2750	44.0500
328	3026	29.7750	44.8750
328	3027	29.1500	47.2500
328	3030	19.8250	47.3250
328	3031	19.5500	49.1750
328	3037	3.9750	44.3250
328	3038	3.6750	46.6000
328	3039	7.0000	44.0500
329	3015	40.7000	46.8000
329	3016	40.8000	48.2500
329	3017	38.8500	45.1500
329	3024	3.7000	19.6750
329	3025	33.2000	46.7000
329	3042	43.0250	40.9250
330	3018	21.5500	48.6250
330	3020	22.8000	49.0750
330	3028	21.5500	50.6500
330	3029	22.6250	50.6500
331	3021	25.6750	46.8000
331	3041	29.6000	45.7750
332	3013	46.7250	47.3500
332	3023	5.9500	74.7250
332	3035	8.8250	80.6000
333	3022	1.3250	33.0250
334	3040	35.5250	42.8500
335	3014	39.8000	50.7500
335	3019	35.0250	43.8500
335	3026	29.4500	44.6750
335	3027	28.7500	47.0750
335	3030	19.3500	47.3250
335	3031	19.1250	49.0750
335	3037	3.5500	44.3250
335	3038	3.2750	46.6000
335	3039	6.5250	44.0500
336	3015	40.7000	46.8750
336	3016	40.6000	48.2500
336	3017	38.5500	45.1500
336	3024	3.5500	19.1250
336	3025	32.7750	48.1750
336	3042	42.6750	40.7250
337	3018	22.3000	49.5250
337	3020	23.1000	49.0750
337	3028	22.2000	50.6500
337	3029	22.9500	50.6500
338	3021	25.3250	46.9750
338	3041	29.3000	45.6000
339	3013	46.4750	47.7000
339	3023	5.6000	74.0000
339	3035	9.0750	80.7750
340	3022	1.4250	32.4750
341	3040	35.7000	42.8500
342	3014	40.1500	50.7500
342	3019	34.7250	43.6750
342	3026	29.1250	44.6750
342	3027	28.4250	47.0750
342	3030	18.8500	47.1750
342	3031	18.7250	49.0750
342	3037	3.1500	44.3250
342	3038	2.9250	46.6000
342	3039	6.0250	44.0500
343	3015	40.4000	46.8750
343	3016	40.2250	48.1750
343	3017	38.0500	45.1500
343	3024	3.3000	18.5750
343	3025	32.3000	47.9750
343	3042	42.2750	40.7250
344	3018	22.8000	49.7250
344	3020	23.3500	49.0750
344	3028	22.8000	50.4500
344	3029	23.2750	50.4500
345	3021	24.8500	46.9750
345	3041	28.9000	45.4250
346	3013	45.4250	47.9000
346	3023	5.6000	73.8250
346	3035	9.4750	81.1500
347	3022	1.4750	31.7750
348	3040	35.7750	42.8500
349	3014	40.0500	50.5500
349	3019	34.3750	43.3000
349	3026	28.8000	44.5000
349	3027	28.0000	46.8750
349	3030	18.1000	47.1750
349	3031	18.0500	48.9000
349	3037	2.7250	44.1250
349	3038	2.5250	46.6000
349	3039	5.5250	44.0500
350	3015	39.8000	46.7000
350	3016	39.6500	48.1750
350	3017	37.2250	45.1500
350	3024	3.1500	17.8500
350	3025	31.4500	47.6250
350	3042	41.9500	40.7250
351	3018	22.9500	49.1750
351	3020	23.7000	48.9000
351	3028	23.0750	50.2750
351	3029	23.6250	50.4500
352	3021	24.1750	46.9750
352	3041	28.4500	45.4250
353	3013	43.2750	47.5250
353	3023	5.7000	73.6250
353	3035	9.8750	81.3250
354	3022	1.5750	31.2250
355	3040	35.9500	42.8500
356	3014	40.0000	50.3500
356	3019	34.1250	43.1250
356	3026	28.3750	44.5000
356	3027	27.6750	46.7000
356	3030	17.5250	47.1750
356	3031	17.5000	48.9000
356	3037	2.3250	44.1250
356	3038	2.1750	46.6000
356	3039	5.0250	44.0500
357	3015	39.1500	46.5250
357	3016	38.9750	48.1750
357	3017	36.5000	45.1500
357	3024	2.9000	17.3000
357	3025	30.6500	47.4250
357	3042	41.6250	40.7250
358	3018	23.0250	48.6250
358	3020	23.9500	48.9000
358	3028	23.4250	50.1000
358	3029	23.9500	50.2750
359	3021	23.6250	46.8000
359	3041	28.1500	45.2250
360	3013	42.9250	47.9000
360	3023	5.7000	73.4500
360	3035	10.3750	81.7000
361	3022	1.6750	30.4750
362	3040	36.1250	42.8500
363	3014	39.9000	50.2000
363	3019	33.8250	42.9500
363	3026	28.0500	44.3250
363	3027	27.2750	46.7000
363	3030	17.0250	47.1750
363	3031	17.2000	49.0750
363	3037	1.9000	44.1250
363	3038	1.7750	46.6000
363	3039	4.5250	44.0500
364	3015	38.6000	46.3250
364	3016	38.4250	47.9750
364	3017	35.7500	45.1500
364	3024	2.7500	16.7500
364	3025	29.9000	47.2500
364	3042	41.2250	40.5750
365	3018	23.1250	48.0750
365	3020	24.2500	48.7250
365	3028	23.7250	49.9000
365	3029	24.2750	50.1000
366	3021	23.0250	46.8000
366	3041	27.7250	45.2250
367	3013	43.1750	48.2500
367	3023	5.7750	73.2750
367	3035	10.7750	81.8750
368	3022	1.7250	29.9250
369	3040	36.2750	42.8500
370	3014	39.9000	49.8000
370	3019	33.4750	42.5750
370	3026	27.7250	44.3250
370	3027	26.9500	46.5250
370	3030	16.6250	46.7750
370	3031	16.4500	49.0750
370	3037	1.5000	43.9500
370	3038	1.4750	46.6000
370	3039	4.0500	44.0500
371	3015	38.0000	46.1500
371	3016	37.8250	47.9750
371	3017	35.0000	45.1500
371	3024	2.5500	16.2000
371	3025	29.3250	47.4250
371	3042	40.8750	40.5750
372	3018	23.2000	47.5250
372	3020	24.5000	48.7250
372	3028	24.0250	49.8000
372	3029	24.6000	49.9000
373	3021	22.4750	46.8000
373	3041	27.3000	45.0500
374	3013	43.4250	48.8000
374	3023	5.8500	73.0750
374	3035	11.2000	82.2500
375	3022	1.8250	29.2000
376	3040	36.3750	42.8500
377	3014	40.0250	49.5500
377	3019	32.7250	42.2000
377	3026	27.4000	44.1250
377	3027	26.5250	46.5250
377	3030	16.0500	46.7000
377	3031	16.2250	48.6250
377	3037	1.0750	43.9500
377	3038	1.0250	46.6000
377	3039	3.5500	44.0500
378	3015	37.3500	45.7750
378	3016	37.1750	47.9750
378	3017	34.4250	44.9500
378	3024	2.3000	15.6500
378	3025	28.7500	47.8000
378	3042	40.4750	40.5750
379	3018	23.8750	47.3250
379	3020	24.8500	48.5250
379	3028	23.7500	49.7250
379	3029	24.9250	49.9000
380	3021	21.8000	46.6000
380	3041	27.0000	44.8750
381	3013	43.1000	49.1750
381	3023	5.8500	72.9000
381	3035	11.6250	82.4250
382	3022	1.9250	28.6500
383	3040	36.5250	42.8500
384	3014	40.1750	49.2750
384	3019	32.2500	42.5750
384	3026	26.9750	44.1250
384	3027	26.2000	46.3250
384	3030	15.6750	46.3250
384	3031	15.5500	48.0750
384	3039	3.0500	44.0500
385	3015	36.7500	45.6000
385	3016	36.6250	47.8000
385	3017	33.8500	44.9500
385	3024	2.1500	15.1000
385	3025	28.1750	48.1750
385	3042	40.1250	40.5750
386	3018	24.1000	47.5250
386	3020	25.2000	48.5250
386	3028	24.3500	49.3500
386	3029	25.3500	50.4500
387	3021	21.2250	46.6000
387	3041	26.5750	44.8750
388	3013	42.6250	49.3500
388	3023	5.8500	72.7250
389	3022	1.9250	28.1000
390	3040	36.6750	42.8500
391	3014	40.3500	49.0750
391	3019	31.6750	42.4000
391	3026	26.7250	44.1250
391	3027	25.8750	46.3250
391	3030	15.3000	47.5250
391	3031	15.1500	48.0750
392	3015	36.2000	45.4250
392	3016	36.0250	47.8000
392	3017	33.3500	44.7750
392	3024	2.1500	14.3500
392	3025	27.7000	48.1750
392	3042	39.9000	40.5750
393	3018	24.3500	48.2750
393	3020	25.5000	48.1750
393	3028	24.2500	49.9000
393	3029	25.6750	50.1000
394	3021	20.9000	46.4250
394	3041	26.4000	44.8750
395	3013	42.3750	49.5500
395	3023	5.6000	72.3500
396	3022	1.8250	27.5500
397	3040	37.0250	42.8500
398	3014	40.4250	48.7000
398	3019	30.9250	42.2000
398	3026	26.5750	44.1250
398	3027	25.8000	46.3250
398	3030	14.9750	47.5250
398	3031	14.7250	48.4500
399	3015	35.5500	45.2250
399	3016	35.3750	47.8000
399	3017	32.8000	44.6000
399	3024	2.1500	13.6250
399	3025	27.2750	48.0750
399	3042	39.9000	40.5750
400	3018	24.7750	48.0750
400	3020	25.9000	47.9750
400	3028	24.7000	49.5500
400	3029	26.0750	49.9000
401	3021	20.6500	46.4250
401	3041	26.2500	44.8750
402	3013	42.3750	49.5500
402	3023	5.2750	71.9750
403	3022	1.8250	27.0250
404	3040	37.3500	42.8500
405	3014	40.6000	48.4500
405	3019	30.2750	42.2000
405	3026	26.4750	44.1250
405	3027	25.8000	46.3250
405	3030	14.5750	47.5250
405	3031	14.4000	48.8000
406	3015	35.1500	45.0500
406	3016	35.0000	47.7000
406	3017	32.3000	44.6000
406	3024	2.1500	12.9000
406	3025	26.8500	48.0750
406	3042	39.9000	40.5750
407	3018	25.1000	47.7250
407	3020	26.2500	47.8000
407	3028	25.1000	49.3500
407	3029	26.5000	49.7250
408	3021	20.4250	46.2500
408	3041	26.1500	44.8750
409	3013	42.2750	49.5500
409	3023	5.0500	71.6250
410	3022	1.8250	26.0750
411	3040	37.6750	42.6500
412	3014	40.7250	48.1750
412	3019	30.1750	42.2000
412	3026	26.3250	44.1250
412	3027	25.7000	46.3250
412	3030	14.2500	47.3250
412	3031	14.0000	48.8000
413	3015	35.0000	45.0500
413	3016	34.9000	47.7000
413	3017	31.9500	44.6000
413	3024	2.1500	12.1500
413	3025	26.5000	47.9000
413	3042	39.9000	40.5750
414	3018	25.5000	47.5250
414	3020	26.6500	47.6250
414	3028	25.4250	49.0000
414	3029	26.8250	49.5500
415	3021	20.1750	46.2500
415	3041	26.0000	44.8750
416	3013	42.1250	50.2750
416	3023	4.7000	71.2500
417	3022	1.8250	25.1750
418	3040	37.8250	42.6500
419	3014	40.9750	48.0750
419	3019	30.1250	42.4000
419	3026	26.2500	44.1250
419	3027	25.6250	46.3250
419	3030	13.9250	47.3250
419	3031	13.5750	48.8000
420	3015	34.8000	44.8750
420	3016	34.7250	47.6000
420	3017	31.6250	44.6000
420	3024	2.1500	11.2500
420	3025	26.0750	47.8000
420	3042	39.9000	40.5750
421	3018	25.8250	47.3250
421	3020	27.0000	47.4250
421	3028	25.8500	48.8000
421	3029	27.2250	49.3500
422	3021	19.9250	46.2500
422	3041	25.9000	44.8750
423	3013	41.8750	50.8250
423	3023	4.4500	70.8750
424	3022	1.8250	24.4250
425	3040	38.0000	42.6500
426	3014	41.1750	48.0750
426	3019	30.1250	42.5750
426	3026	26.0750	44.1250
426	3027	25.5500	46.3250
426	3030	13.5000	47.3250
426	3031	13.4250	48.9000
427	3015	34.5750	44.7750
427	3016	34.5750	47.6000
427	3017	31.3000	44.6000
427	3024	2.1500	10.5000
427	3025	25.6750	47.7000
427	3042	39.9000	40.5750
428	3018	26.2500	46.9750
428	3020	27.4000	47.2500
428	3028	26.2500	48.6250
428	3029	27.6500	49.0000
429	3021	19.5750	46.0500
429	3041	25.8500	44.8750
430	3013	41.7250	51.5500
430	3023	4.1250	70.5250
431	3022	1.9250	23.5250
432	3040	38.1750	42.6500
433	3014	41.4000	48.0750
433	3019	30.0250	42.7500
433	3026	26.0000	44.1250
433	3027	25.5500	46.3250
433	3030	12.9250	47.3250
433	3031	13.0000	49.0750
434	3015	34.4250	44.6750
434	3016	34.4250	47.5250
434	3017	30.9750	44.6000
434	3024	2.1500	9.7750
434	3025	25.2750	47.5250
434	3042	39.9000	40.5750
435	3018	26.5750	46.7750
435	3020	27.7250	47.0750
435	3028	26.6500	48.4500
435	3029	27.9750	48.8000
436	3021	19.3250	46.0500
436	3041	25.6500	44.8750
437	3013	41.0250	51.9250
437	3023	3.9000	70.1500
438	3022	1.9250	22.6250
439	3040	38.9000	42.5750
440	3014	41.6500	48.1750
440	3019	29.9500	42.7500
440	3026	25.8250	44.1250
440	3027	25.4500	46.3250
440	3030	12.3500	47.3250
440	3031	12.4250	49.0750
441	3015	34.2250	44.6000
441	3016	34.2500	47.5250
441	3017	30.6000	44.6000
441	3024	2.1500	9.0500
441	3025	24.8500	47.5250
441	3042	39.9000	40.5750
442	3018	26.8250	46.6250
442	3020	27.9000	46.8750
442	3028	27.0250	48.5500
442	3029	28.2250	48.4500
443	3021	19.0250	45.8750
443	3041	25.6000	44.8750
444	3013	40.8750	52.3000
444	3023	3.6500	69.7750
445	3022	1.9250	21.8750
446	3040	39.7750	42.5750
447	3014	42.4000	48.2750
447	3019	29.8750	42.9500
447	3026	25.6750	44.1250
447	3027	25.3750	46.3250
447	3030	11.9500	46.9750
447	3031	11.9250	48.9000
448	3015	34.1250	44.6000
448	3016	34.2000	47.3500
448	3017	30.2750	44.6000
448	3024	2.1500	8.3000
448	3025	24.5250	47.4250
448	3042	39.9000	40.5750
449	3018	27.4750	46.6250
449	3020	28.4500	46.8750
449	3028	27.6000	48.4500
449	3029	28.8000	48.4500
450	3021	18.6750	45.8750
450	3041	25.4000	44.8750
451	3013	41.5250	52.6500
451	3023	3.3000	69.4250
452	3022	1.9500	20.9750
453	3040	40.6250	42.4750
454	3014	43.2750	48.3500
454	3019	30.1000	43.1250
454	3026	25.6750	44.1250
454	3027	25.4250	46.1500
454	3030	11.5500	46.7000
454	3031	11.5750	48.7250
455	3015	34.6750	45.2250
455	3016	34.6000	47.1750
455	3017	30.5500	44.7750
455	3024	2.0250	7.2250
455	3025	24.5500	47.6000
455	3042	39.9000	40.5750
456	3018	28.3500	47.2500
456	3020	29.8500	47.9750
456	3028	28.3250	48.5500
456	3029	29.9000	48.8250
457	3021	18.2500	45.8750
457	3041	25.3500	44.8750
458	3013	42.5250	53.6750
458	3023	3.1500	69.5000
459	3022	1.8750	20.1250
460	3040	41.4750	42.4750
461	3014	45.2250	48.6250
461	3019	30.7750	43.4000
461	3026	25.7000	44.3250
461	3027	25.6750	45.8750
461	3030	11.2750	46.7000
461	3031	11.3250	48.8250
462	3015	35.5250	45.8750
462	3016	35.2500	47.0750
462	3017	31.2500	44.9500
462	3024	1.9500	5.8500
462	3025	25.0250	48.0750
462	3042	39.9000	40.5750
463	3018	29.9000	47.9750
463	3020	31.6750	48.5250
463	3028	29.4750	48.7000
463	3029	31.3000	49.1750
464	3021	17.7500	45.9750
464	3041	25.2500	44.8750
465	3013	42.8750	54.6000
465	3023	2.9750	69.6000
466	3022	1.9000	19.3000
467	3040	42.3750	42.4750
468	3014	45.6500	49.1000
468	3019	30.1750	43.4000
468	3026	25.2750	44.5000
468	3027	25.1000	45.8750
468	3030	11.0250	46.7000
468	3031	11.0750	48.9750
469	3015	34.8750	45.7000
469	3016	34.5000	47.0750
469	3017	30.4500	45.9750
469	3024	2.0750	4.9000
469	3025	24.2750	48.1500
469	3042	39.9000	40.5750
470	3018	30.2250	48.1750
470	3020	32.0000	48.7250
470	3028	30.7250	48.9000
470	3029	32.5500	49.5250
471	3021	17.4000	45.9500
472	3013	41.9500	54.7750
472	3023	2.8250	69.8750
473	3022	2.0000	18.5750
474	3014	48.2000	49.2500
474	3019	30.1750	43.4000
474	3026	25.5250	44.6750
474	3027	25.8250	46.0500
474	3030	10.7500	46.6000
474	3031	10.8250	49.2750
475	3015	36.0250	45.7000
475	3016	36.0750	47.4250
475	3017	31.4250	45.8750
475	3024	2.1750	4.2000
475	3025	24.8500	48.1500
476	3018	31.4250	48.1750
476	3020	33.4750	48.7250
476	3028	31.8750	48.9000
476	3029	33.5250	49.5250
477	3021	17.7000	45.9500
478	3013	44.1750	55.1250
478	3023	2.7000	70.0500
479	3022	2.0500	17.8500
480	3014	49.4000	49.4500
480	3019	31.0750	43.4000
480	3026	26.2250	44.5000
480	3027	26.2500	46.0500
480	3030	10.5000	46.6000
480	3031	10.5750	49.3500
481	3015	36.4000	45.8750
481	3016	36.3250	47.2500
481	3017	31.5500	46.2500
481	3024	2.1750	3.8000
481	3025	24.7750	48.3500
482	3018	32.8250	47.9750
482	3020	34.3750	48.7250
482	3028	32.9250	49.1000
482	3029	34.3500	49.5250
483	3021	17.4500	45.8000
484	3013	44.7250	55.8750
484	3023	2.6500	70.2500
485	3022	2.1500	17.1000
