0	2873	14.3750	50.5250
1	2873	14.8250	50.3250
2	2873	15.3750	50.3250
3	2873	15.9250	50.1250
4	2873	16.4000	50.1250
5	2873	16.9500	49.9250
6	2873	17.5000	49.9250
7	2872	2.0750	54.7500
8	2873	17.9500	49.9250
9	2872	2.6250	54.4500
10	2873	18.5000	50.1250
11	2872	3.1750	54.2500
12	2873	19.0500	50.3250
13	2872	3.8750	54.4500
14	2873	19.6000	50.1250
15	2872	4.8000	54.8500
16	2873	20.0500	49.7250
17	2872	5.4250	54.8500
18	2873	20.5000	49.7250
19	2872	6.0250	54.8500
20	2873	20.9750	49.7250
21	2872	6.5750	54.8500
22	2873	21.4250	49.7250
23	2872	7.2500	54.8500
24	2873	22.4250	49.7250
25	2872	8.0750	54.8500
26	2873	23.3250	49.5000
27	2872	8.9000	54.6500
28	2873	23.7000	49.5000
29	2872	9.6250	54.6500
30	2873	23.9750	49.2750
31	2872	10.4500	54.6500
32	2873	24.3250	49.2750
33	2872	11.1750	54.6500
34	2873	24.7000	49.0750
35	2872	12.0000	54.6500
36	2873	24.9750	49.0750
37	2872	12.8250	54.6500
38	2873	25.4250	48.8750
39	2872	13.4500	54.6500
40	2873	26.1500	48.6750
41	2872	14.1250	54.6500
42	2873	26.8750	48.4750
43	2872	14.7750	54.6500
44	2873	27.7000	48.4750
45	2872	15.3250	54.8500
46	2873	28.1500	48.0750
47	2872	15.7750	54.8500
48	2873	28.6000	47.8500
49	2872	16.2250	54.8500
50	2873	29.1500	47.6250
51	2872	16.7750	54.6500
52	2873	29.7000	47.6250
53	2872	17.4000	54.6500
54	2873	30.3250	47.6250
55	2872	17.9500	54.6500
56	2873	30.9750	47.6250
57	2872	18.6750	54.6500
58	2873	31.5250	47.6250
59	2872	19.3250	54.6500
60	2873	32.0750	47.6250
61	2872	20.0500	54.6500
62	2873	32.6250	47.6250
63	2872	20.7000	54.6500
64	2873	33.3500	47.8500
65	2872	21.3250	54.6500
66	2873	33.9750	47.8500
67	2872	21.9500	54.8500
68	2873	34.6250	48.0750
69	2872	22.6000	54.8500
70	2873	35.3500	48.0750
71	2872	23.2250	54.8500
72	2873	35.9750	48.0750
73	2872	23.8750	55.0500
74	2873	36.5250	48.2750
75	2872	24.4250	55.0500
76	2873	36.9000	48.2750
77	2872	24.9750	55.0500
78	2873	37.4250	48.1750
79	2872	25.6000	55.0500
80	2873	37.9750	48.1750
81	2872	26.2500	55.0500
82	2873	38.5750	48.1750
83	2872	26.9250	55.0500
84	2873	39.1750	48.2750
85	2872	27.5750	55.0500
86	2873	39.7750	48.1750
87	2872	28.2500	55.0500
88	2873	40.3250	48.1750
89	2872	28.9250	55.0500
90	2873	40.9250	48.1750
91	2872	29.5750	55.0500
92	2873	41.5250	48.2750
93	2872	30.2000	55.1750
94	2873	42.1250	48.2750
95	2872	30.8750	55.1750
96	2873	42.6750	48.1500
97	2872	31.5750	55.1750
98	2873	43.2500	48.2500
99	2872	32.2000	55.1750
100	2873	43.9000	48.2500
101	2872	32.8750	55.1750
102	2873	44.4500	48.2500
103	2872	33.5250	55.1750
104	2873	45.0500	48.2500
105	2872	34.1750	55.1750
106	2873	45.6500	48.2500
107	2872	34.8000	55.4000
108	2873	46.2250	48.2500
109	2872	35.4250	55.4000
110	2873	46.7750	48.2500
111	2872	35.9750	55.4000
112	2873	47.3000	48.3500
113	2872	36.6250	55.4000
114	2873	47.8500	48.3500
115	2872	37.2750	55.4000
116	2873	48.4000	48.3500
117	2872	37.8750	55.4000
118	2873	48.9500	48.3500
119	2872	38.4250	55.4000
120	2873	49.5000	48.3500
121	2872	39.0750	55.4000
122	2873	50.0500	48.3500
123	2872	39.7250	55.4000
124	2873	50.6000	48.3500
125	2872	40.2750	55.4000
126	2873	51.1500	48.3500
127	2872	40.9000	55.4000
128	2873	51.7000	48.3500
129	2872	41.5250	55.4000
130	2873	52.2500	48.3500
131	2872	42.0750	55.4000
132	2873	52.7750	48.3500
133	2872	42.7250	55.4000
134	2873	53.3250	48.1500
135	2872	43.3750	55.4000
136	2873	53.8750	48.1500
137	2872	43.9000	55.4000
138	2873	54.5000	48.1500
139	2876	64.2250	49.7000
140	2872	44.5250	55.4000
141	2873	55.0500	47.9500
142	2876	63.5750	49.7000
143	2872	45.1750	55.4000
144	2873	55.7000	47.9500
145	2876	62.9250	49.9000
146	2872	45.8250	55.4000
147	2873	56.2500	47.9500
148	2876	62.2750	50.1000
149	2872	46.3750	55.4000
150	2873	56.8750	47.7500
151	2876	61.6750	50.3250
152	2872	47.0000	55.4000
153	2873	57.4250	47.7500
154	2876	61.0250	50.5500
155	2872	47.6250	55.4000
156	2873	58.0500	47.7500
157	2876	60.3750	50.7500
158	2872	48.1750	55.4000
159	2873	58.6000	47.5500
160	2876	59.7250	50.7500
161	2872	48.8250	55.4000
162	2873	59.2500	47.5500
163	2876	59.1250	50.9500
164	2872	49.4750	55.4000
165	2873	59.8000	47.5500
166	2876	58.5750	51.1500
167	2872	50.0000	55.4000
168	2873	60.3500	47.5500
169	2876	57.9250	51.3500
170	2872	50.6250	55.4000
171	2873	60.8000	47.5500
172	2876	57.2750	51.4500
173	2872	51.2750	55.3000
174	2873	61.3500	47.4500
175	2876	56.5750	51.5500
176	2872	51.9250	55.4000
177	2873	61.9250	47.3250
178	2876	55.8750	51.5500
179	2872	52.5750	55.3750
180	2873	62.5250	47.3250
181	2876	55.1750	51.5750
182	2872	53.2250	55.5750
183	2873	63.1000	47.2250
184	2876	54.5000	51.6750
185	2872	53.9250	55.5750
186	2873	63.6500	47.2250
187	2876	53.7750	51.7750
188	2872	54.4750	55.4750
189	2873	63.9750	47.1250
190	2876	53.0500	52.5750
191	2872	54.9250	55.4750
192	2873	64.0250	47.1250
193	2876	52.2250	53.4250
194	2872	55.4750	55.4750
195	2876	51.5500	53.6250
196	2872	56.0250	55.4750
197	2876	50.9500	53.8250
198	2872	56.6500	55.4750
199	2876	50.3750	53.9250
200	2872	57.2750	55.4750
201	2876	49.7250	54.1250
202	2872	57.9250	55.4750
203	2876	49.1750	54.3500
204	2872	58.5750	55.2750
205	2876	48.5500	54.3500
206	2872	59.2750	55.2750
207	2876	48.0000	54.5750
208	2872	59.9250	55.2750
209	2876	47.3750	54.7750
210	2872	60.5750	55.2750
211	2876	46.8250	54.7750
212	2872	61.2000	55.2750
213	2876	45.8250	55.1750
214	2872	61.8250	55.2750
215	2876	45.0000	55.5750
216	2872	62.5750	55.4750
217	2876	44.5250	55.3750
218	2872	63.2000	55.6750
219	2876	44.2750	55.3750
220	2872	63.6250	55.6750
221	2876	43.9000	55.1750
222	2872	64.0250	55.6750
223	2876	43.4500	55.1750
224	2876	42.8250	55.1750
225	2876	42.1750	55.1750
226	2876	41.5250	55.1750
227	2876	40.7250	55.1750
228	2876	39.4250	55.1750
229	2876	39.5250	55.5750
230	2876	38.9750	55.5750
231	2876	38.0750	55.5750
232	2876	37.2750	55.5750
233	2876	35.5250	54.7750
234	2876	34.7250	54.5750
235	2876	34.3250	54.9750
236	2876	33.8750	54.9750
237	2876	33.2500	54.9750
238	2876	32.5250	54.9750
239	2876	31.8750	54.9750
240	2876	31.1750	55.1750
241	2876	30.4250	55.5750
242	2876	29.6750	55.7750
243	2876	28.8250	55.5750
244	2876	28.1250	55.4750
245	2841	1.3500	55.0750
246	2876	27.3750	55.2750
247	2841	1.9750	54.8500
248	2876	26.6500	55.1750
249	2841	2.6000	54.8500
250	2876	25.9750	54.9750
251	2841	3.2500	54.8500
252	2876	25.2250	54.8750
253	2841	3.9750	54.8500
254	2876	24.5250	54.6750
255	2841	4.7000	54.8500
256	2876	23.7750	54.5500
257	2841	5.4500	54.8500
258	2876	23.0750	54.3500
259	2841	6.0750	55.0750
260	2876	22.3250	54.2500
261	2841	6.5250	55.0750
262	2876	21.6000	54.0500
263	2841	7.0750	55.0750
264	2876	20.9250	53.9500
265	2841	7.5250	55.2750
266	2876	20.1750	53.7250
267	2841	8.0000	55.2750
268	2876	19.4500	53.6250
269	2841	8.5500	55.2750
270	2876	18.7250	53.4250
271	2841	9.2500	55.0750
272	2876	18.0000	53.3000
273	2841	10.0000	54.8500
274	2876	17.2750	53.1000
275	2841	10.7250	54.8500
276	2876	16.5500	53.0000
277	2841	11.1750	54.6500
278	2876	15.8500	52.8000
279	2841	11.6250	54.6500
280	2876	15.1250	52.7000
281	2841	12.1000	54.6500
282	2876	14.4000	52.7000
283	2841	12.6250	54.6500
284	2876	13.7750	52.7000
285	2841	13.1000	54.6500
286	2876	13.2250	52.7000
287	2841	13.6250	54.6500
288	2876	12.5750	52.9000
289	2841	14.2750	54.6500
290	2876	11.9500	52.9000
291	2840	0.8000	47.4500
292	2841	14.9000	54.6500
293	2876	11.3000	53.1000
294	2840	1.4250	47.2500
295	2841	15.5500	54.6500
296	2876	10.7750	53.1000
297	2840	2.0750	47.2500
298	2841	16.1750	54.8500
299	2876	10.1250	53.3000
300	2840	2.7250	47.2500
301	2841	16.8250	54.8500
302	2876	9.5000	53.3000
303	2840	3.4250	47.2500
304	2841	17.3500	54.8500
305	2876	8.9500	53.5250
306	2840	4.0750	47.2500
307	2841	18.0000	54.8500
308	2876	8.3000	53.7500
309	2840	4.7250	47.0000
310	2841	18.5500	54.8500
311	2876	7.6750	53.9500
312	2840	5.4250	47.0000
313	2841	19.2000	54.8500
314	2876	7.0250	54.1500
315	2840	6.0750	47.0000
316	2841	19.8250	54.8500
317	2876	6.4000	54.5500
318	2840	6.7250	47.0000
319	2841	20.4500	54.8500
320	2876	5.7500	54.7500
321	2840	7.3500	47.0000
322	2841	21.1000	54.8500
323	2876	5.1250	54.9500
324	2840	8.0750	47.0000
325	2841	21.6500	54.8500
326	2876	4.4500	55.1750
327	2840	8.7250	46.8000
328	2841	22.2750	54.8500
329	2876	3.8000	55.1750
330	2840	9.3500	46.8000
331	2841	22.8250	54.8500
332	2876	3.1500	55.4000
333	2840	10.0750	46.8000
334	2841	23.3750	54.8500
335	2876	2.5250	55.4000
336	2840	10.7250	46.8000
337	2841	23.9250	54.8500
338	2876	1.8250	55.6000
339	2840	11.3500	46.8000
340	2841	24.4500	54.8500
341	2876	1.2000	55.6000
342	2840	11.9750	46.8000
343	2841	25.1000	55.0750
344	2876	0.5500	55.6000
345	2840	12.5750	46.9000
346	2841	25.6500	55.0750
347	2840	13.2750	47.0250
348	2841	26.2500	55.1750
349	2840	13.8500	47.2250
350	2841	26.8250	55.1750
351	2840	14.4500	47.4250
352	2841	27.3750	55.2750
353	2840	15.1000	47.4250
354	2841	27.9750	55.3750
355	2840	15.8000	47.4250
356	2841	28.5500	55.4750
357	2840	16.4500	47.4250
358	2841	29.1500	55.4750
359	2840	17.2000	47.4250
360	2841	29.7000	55.5750
361	2840	17.9000	47.4250
362	2841	30.2500	55.5750
363	2840	18.5500	47.4250
364	2841	30.8750	55.8000
365	2840	19.2750	47.4250
366	2841	31.5250	55.8000
367	2840	20.0000	47.4250
368	2841	32.0750	55.8000
369	2840	20.7500	47.4250
370	2841	32.7000	55.8000
371	2840	21.4500	47.4250
372	2841	33.3500	55.8000
373	2840	22.2000	47.4250
374	2841	33.9000	55.8000
375	2844	63.9250	49.7000
375	2877	63.5250	50.7500
376	2840	22.9000	47.4250
377	2841	34.5250	55.8000
378	2844	63.2750	49.7000
378	2877	62.8750	50.7500
379	2840	23.7500	47.6500
380	2841	35.1500	55.8000
381	2844	62.6750	49.7000
381	2877	62.2500	50.7500
382	2840	24.4500	47.6500
383	2841	35.7000	55.8000
384	2844	62.0250	49.7000
384	2877	61.6000	50.7500
385	2840	25.2000	47.6500
386	2841	36.3500	55.5750
387	2844	61.4750	49.7000
387	2877	61.0750	50.7500
388	2840	25.9000	47.6500
389	2841	36.9000	55.3750
390	2844	60.8250	49.7000
390	2877	60.4250	50.7500
391	2840	26.6500	47.8500
392	2841	37.4500	55.3750
393	2844	60.2000	49.7000
393	2877	59.8000	50.7500
394	2840	27.3000	47.8500
395	2841	37.9750	55.1750
396	2844	59.5750	49.7000
396	2877	59.2500	50.7500
397	2840	27.9250	47.8500
398	2841	38.5250	54.9750
399	2844	59.0250	49.7000
399	2877	58.6000	50.7500
400	2840	28.5500	47.8500
401	2841	39.0750	54.9750
402	2844	58.3750	49.7000
402	2877	57.9750	50.7500
403	2840	29.2000	47.8500
404	2841	39.6250	54.9750
405	2844	57.7250	49.7000
405	2877	57.3250	50.7500
406	2840	29.8500	47.8500
407	2841	40.1750	54.9750
408	2844	57.1250	49.7000
408	2877	56.7750	50.7500
409	2840	30.4750	47.8500
410	2841	40.7250	54.9750
411	2844	56.5750	49.7000
411	2877	56.1500	50.7500
412	2840	31.2000	47.8500
413	2841	41.2500	54.9750
414	2844	55.9250	49.7000
414	2877	55.5000	50.9500
415	2840	31.9500	47.8500
416	2841	41.8000	55.1750
417	2844	55.2750	49.7000
417	2877	54.9750	50.9500
418	2840	32.6500	48.0500
419	2841	42.3500	55.1750
420	2844	54.6250	49.7000
420	2877	54.3250	50.9500
421	2840	33.4000	48.0500
422	2841	42.9000	55.1750
423	2844	54.1000	49.7000
423	2877	53.7000	50.9500
424	2840	34.2000	48.2750
425	2841	43.4500	55.3750
426	2844	53.4750	49.7000
426	2877	53.1500	50.9500
427	2840	34.9500	48.2750
428	2841	44.0500	55.1750
429	2844	52.8250	49.7000
429	2877	52.5000	50.9500
430	2840	35.6500	48.4750
431	2841	44.7250	55.0750
432	2844	52.1750	49.7000
432	2877	51.8750	50.9500
433	2840	36.4000	48.4750
434	2841	45.3500	54.9750
435	2844	51.6250	49.7000
435	2877	51.2250	50.9500
436	2840	37.1000	48.4750
437	2841	46.0000	54.8750
438	2844	51.0250	49.7000
438	2877	50.6750	50.9500
439	2840	37.7500	48.4750
440	2841	46.6750	54.6500
441	2844	50.3750	49.7000
441	2877	50.0500	50.9500
442	2840	38.4000	48.4750
443	2841	47.3250	54.6500
444	2844	49.7250	49.7000
444	2877	49.4000	50.9500
445	2840	39.0500	48.4750
446	2841	47.9500	54.6500
447	2844	49.1750	49.7000
447	2877	48.8750	50.9500
448	2840	39.6500	48.2750
449	2841	48.5000	54.6500
450	2844	48.5250	49.7000
450	2877	48.2250	50.9500
451	2840	40.3000	47.8500
452	2845	47.8500	48.8000
453	2841	49.1000	54.6500
454	2844	47.8750	49.5000
454	2877	47.6000	50.9500
455	2840	40.8500	47.2250
456	2845	47.2250	48.5500
457	2841	49.6500	54.9750
458	2844	47.1750	49.5000
458	2877	46.9500	50.7500
459	2840	41.6000	46.9250
460	2845	46.6000	48.3500
461	2841	50.2500	55.1750
462	2844	46.4500	49.5000
462	2877	46.3250	50.7500
463	2840	42.2500	46.6000
464	2845	45.9500	48.3500
465	2841	50.7750	55.5000
466	2844	45.7750	49.5000
467	2840	43.0000	46.5000
468	2845	45.4000	48.3500
469	2841	51.2750	55.5000
470	2844	45.3000	49.5000
471	2840	43.9000	46.9250
472	2845	44.8500	48.3500
473	2841	51.8250	55.5000
474	2844	44.8500	49.5000
475	2840	44.7250	47.1250
476	2845	44.3000	48.3500
477	2841	52.2750	55.2750
478	2844	44.1750	49.7000
479	2840	45.4500	47.3250
480	2845	43.6000	48.3500
481	2841	52.8250	55.0750
482	2844	43.2750	50.0000
483	2840	46.1750	47.3250
484	2845	42.7500	48.5500
485	2841	53.3750	55.0750
486	2844	42.4000	50.2250
487	2840	47.0000	47.9500
488	2845	42.2000	48.8000
489	2841	53.7250	54.8500
490	2844	41.9750	50.5500
491	2840	47.9000	47.7500
492	2845	41.6500	49.0000
493	2841	54.1000	54.8500
494	2844	41.5250	50.7500
495	2840	49.0000	47.5500
496	2845	41.1250	49.2000
497	2841	54.6500	54.8500
498	2844	40.9750	50.7500
499	2840	49.4500	47.5500
500	2845	40.6000	49.4000
501	2841	55.2750	54.8500
502	2844	40.5250	50.7500
503	2840	49.9000	47.5500
504	2845	40.0500	49.6000
505	2841	55.9250	54.8500
506	2844	39.9750	50.7500
507	2840	50.4500	47.5500
508	2845	39.4000	49.6000
509	2841	56.5500	54.8500
510	2844	39.3500	50.7500
511	2840	50.9000	47.5500
512	2845	38.7500	49.6000
513	2841	57.0000	54.8500
514	2844	38.7250	50.7500
515	2840	51.5500	47.5500
516	2842	32.4250	12.9750
517	2845	38.1000	49.6000
518	2841	57.5500	55.0750
519	2844	38.0750	50.7500
520	2840	52.2000	47.5500
521	2842	32.7500	12.9750
522	2845	37.5750	49.6000
523	2841	58.1000	55.0750
524	2844	37.4250	50.7500
525	2840	52.8250	47.5500
526	2842	33.1000	13.0750
527	2845	36.9500	49.6000
528	2841	58.6500	55.2750
529	2844	36.8250	50.7500
530	2840	53.3750	47.5500
531	2842	33.4500	13.2750
532	2845	36.2000	49.6000
533	2841	59.3750	55.2750
534	2844	36.0750	50.9500
535	2840	53.8250	47.5500
536	2842	33.8000	13.2750
537	2845	35.5500	49.6000
538	2841	60.0250	55.2750
539	2844	35.4250	50.9500
540	2840	54.3750	47.5500
541	2842	34.1500	13.7000
542	2845	34.8500	49.6000
543	2841	60.7500	55.2750
544	2844	34.7250	50.9500
545	2840	54.9000	47.5500
546	2842	34.5250	13.9000
547	2845	34.1000	49.6000
548	2841	61.3000	55.2750
549	2844	33.9750	50.9500
550	2840	55.4500	47.5500
551	2842	34.8000	14.1250
552	2845	33.4000	49.6000
553	2841	61.8500	55.2750
554	2844	33.2500	50.9500
555	2840	56.0000	47.5500
556	2842	35.1500	14.3250
557	2845	32.8500	49.8000
558	2841	62.3000	55.0750
559	2844	32.7500	51.0500
560	2840	56.5500	47.5500
561	2842	35.5250	14.5250
562	2845	32.3000	49.8000
563	2841	62.8500	55.0750
564	2844	32.2000	51.0500
565	2840	57.1000	47.5500
566	2842	35.8000	14.7250
567	2845	31.7500	49.8000
568	2841	63.3000	55.0750
569	2844	31.7500	51.0500
570	2840	57.9250	47.5500
571	2842	36.0750	14.7250
572	2845	31.2000	49.8000
573	2841	63.7500	55.0750
574	2844	31.2000	51.0500
575	2840	58.6500	47.7500
576	2842	36.3500	14.9250
577	2845	30.6500	49.8000
578	2841	64.2000	55.0750
579	2844	30.7000	51.0500
580	2840	59.3000	47.9500
581	2842	36.7000	15.1500
582	2845	30.1000	49.8000
583	2841	64.6750	55.2750
584	2844	30.0750	51.0500
585	2840	59.6500	47.9500
586	2842	37.0750	15.3500
587	2845	29.4500	49.8000
588	2841	64.8500	55.2750
589	2844	29.3250	51.0500
590	2840	59.9250	47.9500
591	2842	37.4500	15.5500
592	2845	28.7500	49.6000
593	2844	28.6000	51.0500
594	2840	60.7500	47.7500
595	2842	37.8000	15.7750
596	2845	28.1000	49.4000
597	2844	27.9750	51.0500
598	2840	61.4750	47.7500
599	2842	38.0750	15.9750
600	2845	27.4500	49.4000
601	2844	27.2500	51.0500
602	2840	62.2000	47.7500
603	2842	38.2500	16.1750
604	2845	26.8500	49.4000
605	2844	26.7000	50.8500
606	2840	62.9250	47.7500
607	2842	38.9000	16.3750
608	2845	26.3000	49.4000
609	2844	26.1500	50.8500
610	2840	63.5500	47.7500
611	2845	25.6500	49.4000
612	2844	25.5250	50.8500
613	2840	64.1250	47.9500
614	2845	25.1000	49.4000
615	2844	24.9750	50.8500
616	2840	64.6250	48.1500
617	2845	24.5500	49.2000
618	2844	24.4750	50.7500
619	2845	24.0000	49.0000
620	2844	23.9250	50.7500
621	2845	23.4500	49.0000
622	2844	23.3500	50.7500
623	2845	22.9000	48.8000
624	2844	22.8750	50.7500
625	2845	22.3000	48.8000
626	2844	22.2500	50.7500
627	2845	21.6000	48.9000
628	2844	21.6000	50.7500
629	2845	21.0000	49.1000
630	2844	20.9000	50.9500
631	2845	20.3250	49.2000
632	2844	20.3000	50.9500
633	2845	19.6250	49.4000
634	2844	19.6000	51.1500
635	2845	18.9750	49.5000
636	2844	18.9500	51.3500
637	2845	18.4250	49.7000
638	2844	18.3250	51.1500
639	2845	17.9750	49.7000
640	2844	17.7750	51.1500
641	2845	17.4250	49.7000
642	2844	17.2250	51.1500
643	2845	16.9750	49.7000
644	2844	16.7000	51.1500
645	2845	16.4250	49.7000
646	2844	16.1500	51.1500
647	2845	15.9750	49.7000
648	2844	15.6000	51.1500
649	2845	15.4250	49.7000
650	2844	15.0500	51.1500
651	2845	14.9750	49.7000
652	2844	14.5000	51.1500
653	2845	14.4250	49.7000
654	2844	13.8500	51.1500
655	2845	13.7750	49.7000
656	2844	13.3000	51.1500
657	2845	13.1250	49.7000
658	2844	12.6750	51.1500
659	2845	12.4750	49.7000
660	2844	12.0500	51.1500
661	2845	11.8750	49.7000
662	2844	11.5000	51.1500
663	2845	11.2250	49.7000
664	2844	10.8500	51.1500
665	2845	10.6750	49.7000
666	2844	10.2000	51.1500
667	2845	10.0250	49.7000
668	2844	9.6750	51.1500
669	2845	9.3750	49.7000
670	2844	9.0500	51.1500
671	2845	8.7750	49.7000
672	2844	8.4000	51.1500
673	2845	8.2250	49.7000
674	2844	7.8500	51.1500
675	2845	7.6750	49.7000
676	2844	7.2000	51.1500
677	2845	7.1250	49.7000
678	2844	6.6500	51.3500
679	2845	6.5750	49.7000
680	2844	6.0250	51.3500
681	2845	6.0250	49.7000
682	2844	5.4000	51.3500
683	2845	5.4750	49.7000
684	2844	4.8500	51.3500
685	2845	4.9250	49.7000
686	2844	4.2000	51.5500
687	2845	4.3750	49.7000
688	2844	3.5750	51.5500
689	2845	3.8250	49.7000
690	2844	2.9500	51.5500
691	2845	3.3750	49.7000
692	2844	2.4000	51.5500
693	2845	2.8250	49.7000
694	2844	1.7500	51.5500
695	2847	1.0250	55.0750
696	2847	1.7500	55.2750
697	2847	2.4750	55.5000
698	2852	63.9750	54.9750
699	2847	3.2000	55.7000
700	2852	63.1500	54.7500
701	2847	3.9500	55.9000
702	2852	62.4250	54.7500
703	2847	4.7500	56.1000
704	2852	61.7000	54.5500
705	2847	5.5000	56.1000
706	2852	60.8750	54.5500
707	2847	6.2000	56.0000
708	2852	60.2000	54.5500
709	2847	7.0250	56.0000
710	2852	59.5250	54.5500
711	2847	7.8500	56.0000
712	2852	58.8250	54.5500
713	2847	8.6750	56.0000
714	2852	58.1500	54.5500
715	2847	9.5000	56.0000
716	2852	57.4250	54.5500
717	2847	10.2000	56.0000
718	2852	56.7250	54.5500
719	2847	11.0500	56.0000
720	2852	56.0500	54.5500
721	2847	11.8500	56.0000
722	2852	55.3750	54.5500
723	2847	12.6750	56.0000
724	2852	54.6500	54.5500
725	2847	13.5000	56.0000
726	2852	54.0250	54.5500
727	2847	14.3000	56.0000
728	2852	53.2750	54.5500
729	2847	15.1000	56.0000
730	2852	52.6000	54.5500
731	2847	15.8500	56.0000
732	2852	51.9250	54.5500
733	2847	16.7000	56.0000
734	2852	51.2250	54.6500
735	2847	17.5000	56.0000
736	2852	50.5000	54.6500
737	2847	18.3250	56.0000
738	2852	49.8750	54.6500
739	2847	19.1000	56.0000
740	2852	49.1250	54.6500
741	2847	19.9000	56.0000
742	2852	48.4250	54.6500
743	2847	20.7500	56.0000
744	2852	47.7750	54.6500
745	2847	21.5000	56.0000
746	2852	47.0250	54.6500
747	2847	22.3250	56.0000
748	2852	46.3750	54.7500
749	2847	23.1500	55.9000
750	2852	45.6750	54.7500
751	2847	23.9000	55.9000
752	2852	44.9750	54.7500
753	2847	24.7500	55.9000
754	2852	44.2750	54.7500
755	2847	25.5500	55.9000
756	2852	43.6250	54.7500
757	2847	26.4000	55.9000
758	2852	42.9250	54.7500
759	2847	27.1500	55.9000
760	2852	42.2250	54.7500
761	2847	27.9750	55.9000
762	2852	41.5250	54.8500
763	2847	28.7500	55.9000
764	2852	40.8500	54.8500
765	2847	29.5500	55.9000
766	2852	40.1250	54.8500
767	2847	30.4000	55.9000
768	2852	39.4750	54.8500
769	2847	31.2000	55.9000
770	2852	38.7750	54.8500
771	2847	32.0000	55.9000
772	2852	38.0250	54.8500
773	2847	32.8000	55.9000
774	2852	37.3750	54.8500
775	2847	33.5500	55.9000
776	2852	36.6750	54.8500
777	2847	34.4000	55.9000
778	2852	36.0250	54.8500
779	2847	35.2000	55.9000
780	2852	35.3000	54.8500
781	2847	36.0500	55.9000
782	2852	34.6250	54.8500
783	2847	36.8500	55.9000
784	2852	33.9250	54.8500
785	2847	37.6500	55.9000
786	2852	33.2500	54.8500
787	2847	38.4000	55.9000
788	2852	32.5250	54.8500
789	2847	39.2000	55.9000
790	2848	50.7750	29.1750
791	2852	31.8500	54.9500
792	2847	40.0500	55.7000
793	2848	50.8750	29.1750
794	2852	31.2500	54.7500
795	2847	40.8250	55.5750
796	2848	50.9500	29.1750
797	2852	30.6250	54.5750
798	2847	41.5250	55.4750
799	2848	51.0500	29.1750
800	2852	29.9750	54.3500
801	2847	42.5000	55.2750
802	2848	51.1500	29.1750
803	2852	29.1500	54.3500
804	2847	43.6000	55.2750
805	2848	51.2250	29.1750
806	2852	28.3500	54.3500
807	2847	44.6750	55.2750
808	2848	51.3250	29.1750
809	2852	27.5000	54.3500
810	2847	45.5000	55.0750
811	2848	51.4000	29.1750
812	2852	26.8000	54.4750
813	2847	46.1500	55.0750
814	2848	51.5000	29.1750
815	2852	26.0500	54.8750
816	2847	46.8500	54.8750
817	2848	51.6500	29.1750
818	2852	25.2500	55.0750
819	2847	47.6000	54.8750
820	2848	51.7500	29.1750
821	2852	24.5000	55.4750
822	2847	48.3000	54.8750
823	2848	51.8250	29.1750
824	2852	23.8750	55.4750
825	2847	48.8500	54.8750
826	2848	51.9000	29.1750
827	2852	23.4250	55.4750
828	2847	49.3250	54.8750
829	2848	52.1000	29.1750
830	2852	22.9500	55.4750
831	2847	49.8500	54.8750
832	2848	52.3750	29.1750
833	2852	22.5000	55.4750
834	2847	50.3250	54.8750
835	2848	52.5500	29.1750
836	2852	21.9500	55.2750
837	2847	51.4000	54.8750
838	2848	52.7500	29.2750
839	2852	21.2500	55.0750
840	2847	52.7750	54.8750
841	2848	52.9000	29.2750
842	2852	20.4000	54.6750
843	2847	53.8750	55.0750
844	2848	53.2000	29.3750
845	2852	19.7000	54.4750
846	2847	54.6000	55.0750
847	2848	53.3750	29.4750
848	2852	18.9500	54.4750
849	2847	55.2500	55.0750
850	2848	53.5500	29.4750
851	2852	18.3250	54.2250
852	2847	55.8750	55.0750
853	2848	53.7500	29.4750
854	2852	17.7000	54.2250
855	2847	56.5000	55.2750
856	2848	53.9000	29.4750
857	2852	16.8500	54.4750
858	2847	56.9500	55.2750
859	2848	54.2750	29.6750
860	2852	15.9500	54.6750
861	2847	57.4500	55.4750
862	2848	54.7500	29.8750
863	2852	15.0500	55.0750
864	2847	57.9000	55.4750
865	2848	55.3000	30.3250
866	2852	14.2250	55.2750
867	2847	58.6000	55.6750
868	2848	55.7500	30.5250
869	2852	13.6000	55.2750
870	2847	59.4750	55.6750
871	2852	12.8500	55.0750
872	2847	60.3000	55.6750
873	2852	12.2250	55.0750
874	2847	61.2000	55.6750
875	2852	11.8500	55.0750
876	2847	62.2000	55.6750
877	2852	11.6000	55.2750
878	2847	63.1750	55.6750
879	2852	11.2250	55.4750
880	2847	64.1750	55.6750
881	2852	10.5000	55.6750
882	2847	64.1750	56.1250
883	2852	9.4000	55.6750
884	2847	64.2500	55.2750
885	2852	8.3000	55.6750
886	2847	63.9750	55.4750
887	2852	7.5000	55.6750
888	2847	64.0750	55.0750
889	2852	6.7500	55.6750
890	2847	64.1750	54.4750
891	2852	5.9500	55.6750
892	2847	63.9750	55.4750
893	2852	5.0250	55.6750
894	2847	64.1750	55.0750
895	2852	3.9500	55.6750
896	2847	63.9500	55.6750
897	2852	2.9500	55.4750
898	2847	64.0750	55.6750
899	2852	2.4750	55.2750
900	2847	64.1750	55.6750
901	2852	1.9250	55.1750
902	2847	64.1250	54.8750
903	2852	1.4250	55.1750
904	2852	0.8750	55.1750
905	2858	64.7000	47.5500
906	2858	64.0750	47.5500
907	2858	63.4250	47.7500
908	2858	62.8750	47.9500
909	2858	62.2500	48.1500
910	2858	61.6000	48.3500
911	2869	56.1500	42.7750
911	2870	57.9500	42.8000
912	2858	61.0750	48.3500
913	2869	56.0500	43.0000
913	2870	57.8000	43.2000
914	2858	60.4250	48.5500
915	2869	56.0500	43.4250
915	2870	57.7000	43.6250
916	2858	59.8000	48.8000
917	2869	55.9750	43.8250
917	2870	57.6000	44.0250
918	2858	59.1500	48.8000
919	2869	55.9750	44.2250
919	2870	57.5000	44.6500
920	2858	58.5250	48.8000
921	2869	55.9750	44.6500
921	2870	57.4000	45.0750
922	2858	57.8750	48.8000
923	2869	55.8750	44.8750
923	2870	57.3500	45.4750
924	2858	57.2500	48.8000
925	2869	55.8750	45.2750
925	2870	57.2500	46.1000
926	2858	56.7000	48.8000
927	2869	55.8750	45.6750
927	2870	57.1500	46.5000
928	2858	56.1500	49.0000
929	2869	55.7750	46.0750
929	2870	56.9500	46.9250
930	2858	55.6000	49.0000
931	2869	55.7750	46.5250
931	2870	56.8750	47.5250
932	2858	54.9750	49.0000
933	2867	57.7250	43.8250
934	2869	55.7750	46.7250
934	2870	56.8000	47.9500
935	2858	54.3250	48.8000
936	2867	57.5750	44.2250
937	2869	55.6000	47.1250
937	2870	56.6000	48.3750
938	2858	53.7000	48.3500
939	2867	57.4750	44.6500
940	2869	55.1500	47.3250
940	2870	56.1500	48.5750
941	2858	53.0500	48.1500
942	2867	57.3750	45.2750
943	2869	54.7000	47.5250
943	2870	55.7000	48.7750
944	2858	52.4250	47.9500
945	2867	57.2750	45.6750
946	2869	54.3250	47.9500
946	2870	55.3500	48.9750
947	2858	51.7750	47.9500
948	2867	57.1750	46.3000
949	2869	53.8750	48.1750
949	2870	54.8500	49.2000
950	2858	51.2250	48.1500
951	2867	57.1250	46.7250
952	2869	53.4250	48.3750
952	2870	54.4000	49.4000
953	2858	50.5000	48.1500
954	2867	56.6250	46.9250
955	2869	52.9500	48.3750
955	2870	53.8500	49.6000
956	2858	49.7750	47.9500
957	2867	56.1750	47.1250
958	2869	52.5000	48.3750
958	2870	53.3250	49.8000
959	2858	49.0500	47.7500
960	2867	55.7250	47.3250
961	2869	52.1500	48.3750
961	2870	52.8000	50.0250
962	2858	48.4000	47.5500
963	2856	57.5250	43.2250
963	2867	55.3750	47.7500
964	2869	51.6000	48.3750
964	2870	52.1500	50.0250
965	2858	47.8750	47.5500
966	2856	57.6500	43.5250
966	2867	54.9250	47.7500
967	2869	51.1500	48.5750
967	2870	51.6000	50.0250
968	2858	47.3250	47.5500
969	2856	57.8250	43.9250
969	2867	54.3750	47.7500
970	2869	50.6750	48.5750
970	2870	51.0500	50.0250
971	2858	46.7750	47.5500
972	2856	58.0250	44.3250
972	2867	53.8250	47.7500
973	2869	50.2250	48.7750
973	2870	50.5000	50.0250
974	2858	46.1250	47.3500
975	2856	58.2000	44.7500
975	2867	53.3750	47.7500
976	2869	49.7750	48.9750
976	2870	49.9500	50.2250
977	2858	45.5000	47.3500
978	2868	52.7750	47.1250
979	2856	58.3750	45.2750
979	2867	52.8250	47.7500
980	2869	49.1250	49.1750
980	2870	49.4000	50.3250
981	2858	44.9000	47.3500
982	2868	52.2250	47.1250
983	2856	58.5750	46.0000
983	2867	52.3750	47.7500
984	2869	48.7250	49.1750
984	2870	49.0000	50.3250
985	2858	44.3250	47.3500
986	2868	51.7000	47.1250
987	2856	58.8000	46.8000
987	2867	51.8750	47.7500
988	2869	48.2250	49.1750
988	2870	48.5500	50.4250
989	2858	43.7750	47.3500
990	2868	51.2250	47.1250
991	2856	59.1000	47.4500
991	2867	51.4250	47.9500
992	2869	47.7250	49.1750
992	2870	48.1000	50.5250
993	2858	43.2250	47.3500
994	2868	50.6750	47.1250
995	2856	59.4750	47.8500
995	2867	50.9750	47.9500
996	2869	47.2750	49.3000
996	2870	47.6750	50.6500
997	2858	42.6000	47.3500
998	2868	50.1500	47.1250
999	2856	59.9250	48.2500
999	2867	50.4500	48.1500
1000	2869	46.8250	49.3000
1000	2870	47.2500	50.7500
1001	2858	42.0500	47.4500
1002	2868	49.6750	47.1250
1003	2856	60.4750	48.2500
1003	2867	50.0000	48.1500
1004	2869	46.3750	49.3000
1004	2870	46.8000	50.8500
1005	2858	41.4500	47.4500
1006	2868	49.1500	47.1250
1007	2856	61.1000	48.4750
1007	2867	49.5500	48.3750
1008	2869	45.8500	49.4000
1008	2870	46.4000	50.9500
1009	2858	40.9000	47.4500
1010	2868	48.6000	47.1250
1011	2856	61.6500	48.4750
1011	2867	49.0500	48.3750
1012	2869	45.3500	49.4000
1012	2870	45.9500	50.9500
1013	2858	40.3500	47.4500
1014	2868	48.1500	47.1250
1015	2856	62.1000	48.6750
1015	2867	48.5500	48.5750
1016	2869	44.9500	49.4000
1016	2870	45.5000	51.1500
1017	2858	39.7250	47.4500
1018	2868	47.6000	47.1250
1019	2856	62.5500	48.6750
1019	2867	48.1000	48.5750
1020	2869	44.4500	49.4000
1020	2870	45.0750	51.2500
1021	2858	39.1250	47.4500
1022	2868	47.0500	47.1250
1023	2856	63.0250	48.6750
1023	2867	47.6000	48.7750
1024	2869	44.0000	49.5000
1024	2870	44.6250	51.2500
1025	2858	38.5000	47.4500
1026	2868	46.6000	47.1250
1027	2856	63.4750	48.6750
1027	2867	47.1250	48.7750
1028	2869	43.5000	49.5000
1028	2870	44.2250	51.4500
1029	2858	37.9500	47.4500
1030	2868	46.0500	47.1250
1031	2856	63.9500	48.6750
1031	2867	46.6750	48.9750
1032	2869	43.0250	49.5000
1032	2870	43.7750	51.4500
1033	2858	37.3000	47.4500
1034	2868	45.5000	47.1250
1035	2856	64.4000	48.6750
1035	2867	46.1750	48.9750
1036	2869	42.5750	49.6000
1036	2870	43.3250	51.5500
1037	2858	36.6500	47.4500
1038	2868	45.0500	47.1250
1039	2867	45.7250	48.9750
1040	2869	42.0750	49.6000
1040	2870	42.9000	51.7500
1041	2858	36.0250	47.4500
1042	2868	44.5000	47.1250
1043	2867	45.1750	48.9750
1044	2869	41.6250	49.6000
1044	2870	42.4500	51.7500
1045	2858	35.4000	47.4500
1046	2868	44.0500	47.1250
1047	2867	44.6500	48.9750
1048	2869	41.1750	49.6000
1048	2870	41.9750	52.0000
1049	2858	34.8500	47.4500
1050	2868	43.5750	47.1250
1051	2867	44.1000	48.9750
1052	2869	40.6250	49.8000
1052	2870	41.5750	52.0000
1053	2858	34.2000	47.4500
1054	2868	43.1250	47.1250
1055	2867	43.6250	48.9750
1056	2869	40.1750	49.8000
1056	2870	41.1250	52.1000
1057	2858	33.5750	47.2500
1058	2868	42.5750	47.1250
1059	2867	43.1000	48.9750
1060	2869	39.7250	49.8000
1060	2870	40.6750	52.3000
1061	2858	32.9500	47.2500
1062	2866	0.8750	40.1000
1063	2868	42.1250	47.1250
1064	2867	42.5500	48.9750
1065	2869	39.1750	50.0000
1065	2870	40.2250	52.3000
1066	2858	32.3000	47.2500
1067	2866	1.3250	40.1000
1068	2868	41.6750	47.1250
1069	2867	42.0000	48.9750
1070	2869	38.7250	50.0000
1070	2870	39.6750	52.3000
1071	2858	31.6500	47.2500
1072	2866	1.8000	40.1000
1073	2868	41.2250	47.3250
1074	2867	41.4500	48.9750
1075	2869	38.2750	50.0000
1075	2870	39.2250	52.5000
1076	2858	31.1000	47.2500
1077	2866	2.2500	40.1000
1078	2868	40.6750	47.3250
1079	2867	40.9000	48.9750
1080	2869	37.7250	50.0000
1080	2870	38.6750	52.5000
1081	2858	30.4750	47.2500
1082	2866	2.8000	40.1000
1083	2868	40.2250	47.3250
1084	2867	40.3500	48.9750
1085	2869	37.2750	50.2250
1085	2870	38.2250	52.7000
1086	2858	29.8500	47.2500
1087	2866	3.2500	40.1000
1088	2868	39.7500	47.3250
1089	2867	39.9000	48.9750
1090	2869	36.8000	50.2250
1090	2870	37.6750	52.7000
1091	2858	29.2000	47.2500
1092	2866	3.8000	40.1000
1093	2868	39.3000	47.3250
1094	2867	39.3500	48.9750
1095	2869	36.2750	50.2250
1095	2870	37.1250	52.7000
1096	2858	28.5500	47.2500
1097	2866	4.5250	40.1000
1098	2868	38.8500	47.3250
1099	2867	38.8000	48.9750
1100	2869	35.8000	50.4250
1100	2870	36.6750	52.9000
1101	2858	28.0000	47.2500
1102	2866	5.3500	40.1000
1103	2868	38.3000	47.3250
1104	2867	38.2500	48.9750
1105	2869	35.2500	50.4250
1105	2870	36.1250	52.9000
1106	2858	27.3750	47.2500
1107	2866	6.0750	40.1000
1108	2868	37.8500	47.5500
1109	2867	37.7000	48.9750
1110	2869	34.8000	50.4250
1110	2870	35.6750	53.1000
1111	2858	26.8500	47.2500
1112	2866	6.8000	40.1000
1113	2868	37.3000	47.5500
1114	2867	37.2500	48.9750
1115	2869	34.3250	50.4250
1115	2870	35.1250	53.1000
1116	2858	26.3000	47.2500
1117	2866	7.5250	40.1000
1118	2868	36.7500	47.5500
1119	2867	36.7000	48.9750
1120	2869	33.8000	50.6500
1120	2870	34.6750	53.1000
1121	2858	25.7500	47.2500
1122	2866	8.3500	40.1000
1123	2868	36.2000	47.5500
1124	2867	36.2500	48.9750
1125	2869	33.3250	50.6500
1125	2870	34.1250	53.3000
1126	2858	25.2000	47.2500
1127	2866	9.0750	40.1000
1128	2868	35.7500	47.5500
1129	2867	35.7000	48.9750
1130	2869	32.8750	50.6500
1130	2870	33.6750	53.3000
1131	2858	24.6500	47.2500
1132	2866	9.8250	40.1000
1133	2868	35.2000	47.5500
1134	2867	35.2500	48.9750
1135	2869	32.4250	50.8500
1135	2870	33.1250	53.3000
1136	2858	24.1000	47.2500
1137	2866	10.6250	40.1000
1138	2868	34.6500	47.5500
1139	2867	34.7000	48.9750
1140	2869	31.9750	50.8500
1140	2870	32.6750	53.3000
1141	2858	23.5500	47.2500
1142	2866	11.3500	40.1000
1143	2868	34.1250	47.5500
1144	2867	34.2500	48.9750
1145	2869	31.4250	50.8500
1145	2870	32.1250	53.5250
1146	2858	23.0000	47.2500
1147	2866	12.0750	40.3000
1148	2868	33.6500	47.5500
1149	2867	33.7000	48.9750
1150	2869	30.9750	50.8500
1150	2870	31.6750	53.5250
1151	2858	22.4500	47.2500
1152	2866	12.8250	40.3000
1153	2868	33.1000	47.5500
1154	2867	33.2500	48.9750
1155	2869	30.5250	51.0500
1155	2870	31.1250	53.5250
1156	2858	21.9000	47.2500
1157	2866	13.5250	40.3000
1158	2868	32.5750	47.5500
1159	2867	32.7000	48.9750
1160	2869	30.0750	51.0500
1160	2870	30.5750	53.5250
1161	2858	21.2750	47.2500
1162	2866	14.2750	40.3000
1163	2868	32.0250	47.5500
1164	2867	32.2500	48.9750
1165	2869	29.6250	51.0500
1165	2870	30.1250	53.5250
1166	2858	20.7500	47.2500
1167	2866	15.0500	40.2000
1168	2868	31.5250	47.3250
1169	2867	31.7000	48.8750
1170	2869	29.0250	51.2500
1170	2870	29.5250	53.6500
1171	2858	20.0500	47.1250
1172	2866	15.7500	40.2000
1173	2868	30.9750	47.3250
1174	2867	31.1000	48.8750
1175	2869	28.4250	51.4500
1175	2870	28.8750	53.5250
1176	2858	19.3250	47.1250
1177	2866	16.4250	40.1000
1178	2868	30.4250	47.3250
1179	2867	30.5750	48.8750
1180	2869	27.9000	51.6750
1180	2870	28.2500	53.5250
1181	2858	18.6250	47.1250
1182	2866	17.1500	40.1000
1183	2868	29.9000	47.3250
1184	2867	29.9750	48.8750
1185	2869	27.2500	51.7750
1185	2870	27.6000	53.4250
1186	2858	17.9250	47.1250
1187	2866	17.9500	40.1000
1188	2868	29.3500	47.2250
1189	2867	29.4250	48.8750
1190	2869	26.7000	51.9750
1190	2870	26.9750	53.3250
1191	2858	17.2250	47.1250
1192	2866	18.7750	40.1000
1193	2868	28.8000	47.2250
1194	2867	28.8250	48.8750
1195	2869	26.1000	51.9750
1195	2870	26.3750	53.4250
1196	2858	16.5250	47.1250
1197	2866	19.6000	40.1000
1198	2868	28.2500	47.2250
1199	2867	28.2750	48.8750
1200	2869	25.6500	51.9750
1200	2870	25.9250	53.4250
1201	2858	15.9250	47.2250
1202	2866	20.4750	40.3000
1203	2868	27.7000	47.2250
1204	2867	27.6750	48.8750
1205	2869	25.1750	51.9750
1205	2870	25.4750	53.4250
1206	2858	15.2750	47.2250
1207	2866	21.2750	40.3000
1208	2868	27.2000	47.2250
1209	2867	27.2250	48.8750
1210	2869	24.6500	51.9750
1210	2870	25.0250	53.4250
1211	2858	14.7250	47.2250
1212	2866	22.1000	40.3000
1213	2868	26.7250	47.2250
1214	2867	26.6750	48.8750
1215	2869	24.1750	51.9750
1215	2870	24.4750	53.4250
1216	2858	14.0750	47.2250
1217	2866	22.9250	40.3000
1218	2868	26.2500	47.2250
1219	2867	26.2250	49.1000
1220	2869	23.7250	51.7750
1220	2870	24.0250	53.4250
1221	2858	13.5250	47.2250
1222	2866	23.8250	40.5250
1223	2868	25.7750	47.4250
1224	2867	25.7750	49.1000
1225	2869	23.1750	51.7750
1225	2870	23.5500	53.4250
1226	2858	12.9250	47.2250
1227	2866	24.6500	40.5250
1228	2868	25.2750	47.4250
1229	2867	25.2250	49.1000
1230	2869	22.7250	51.7750
1230	2870	23.1000	53.4250
1231	2858	12.2750	47.2250
1232	2866	25.3750	40.5250
1233	2868	24.8250	47.4250
1234	2867	24.7750	49.3000
1235	2869	22.2750	51.7750
1235	2870	22.5500	53.4250
1236	2858	11.7250	47.2250
1237	2866	26.1000	40.5250
1238	2868	24.3250	47.6500
1239	2867	24.3250	49.3000
1240	2869	21.7250	51.7750
1240	2870	22.1000	53.4250
1241	2858	11.1750	47.2250
1242	2866	26.8250	40.3000
1243	2868	23.8750	47.6500
1244	2867	23.8750	49.5000
1245	2869	21.2750	51.7750
1245	2870	21.6250	53.4250
1246	2858	10.6250	47.2250
1247	2866	27.4750	40.3000
1248	2868	23.4250	47.6500
1249	2867	23.3250	49.5000
1250	2869	20.7250	51.7750
1250	2870	21.1250	53.6250
1251	2858	10.0750	47.2250
1252	2866	28.2750	40.1000
1253	2868	22.8750	47.6500
1254	2867	22.8750	49.5000
1255	2869	20.2750	51.7750
1255	2870	20.6250	53.7250
1256	2858	9.5250	47.2250
1257	2866	29.1000	40.1000
1258	2868	22.3250	47.8500
1259	2867	22.4250	49.7000
1260	2869	19.8250	51.7750
1260	2870	20.1250	53.7250
1261	2858	8.9750	47.2250
1262	2866	29.9250	40.1000
1263	2868	21.7750	47.8500
1264	2867	21.8750	49.7000
1265	2869	19.2750	51.9750
1265	2870	19.6750	53.8250
1266	2858	8.4250	47.0250
1267	2866	30.7500	40.1000
1268	2868	21.2250	47.8500
1269	2867	21.4250	49.7000
1270	2869	18.8250	51.9750
1270	2870	19.1250	53.8250
1271	2858	7.8750	47.0250
1272	2866	31.5750	40.1000
1273	2868	20.7000	47.8500
1274	2867	20.9750	49.7000
1275	2869	18.2750	51.9750
1275	2870	18.6750	53.9500
1276	2858	7.3250	47.0250
1277	2866	32.4750	40.1000
1278	2868	20.1500	47.8500
1279	2867	20.4250	49.7000
1280	2869	17.8250	52.1750
1280	2870	18.1750	54.0500
1281	2858	6.8250	47.0250
1282	2866	33.3000	40.1000
1283	2868	19.6000	47.8500
1284	2867	19.9750	49.7000
1285	2869	17.3750	52.1750
1285	2870	17.6750	54.0500
1286	2858	6.1750	47.0250
1287	2866	33.9250	40.1000
1288	2868	19.0500	47.8500
1289	2867	19.4250	49.7000
1290	2869	16.8250	52.1750
1290	2870	17.1750	54.1500
1291	2858	5.6250	47.0250
1292	2866	34.5750	40.1000
1293	2868	18.5000	47.8500
1294	2867	18.9750	49.7000
1295	2869	16.3750	52.1750
1295	2870	16.7250	54.1500
1296	2858	4.9750	47.0250
1297	2866	35.2000	40.1000
1298	2868	17.9500	47.8500
1299	2867	18.5250	49.7000
1300	2869	15.9250	52.4000
1300	2870	16.2750	54.2500
1301	2858	4.3250	47.0250
1302	2866	35.8500	40.1000
1303	2868	17.4000	47.8500
1304	2867	17.9750	49.7000
1305	2869	15.4500	52.4000
1305	2870	15.7250	54.2500
1306	2858	3.7750	47.0250
1307	2866	36.4000	40.1000
1308	2868	16.8750	48.0500
1309	2867	17.5000	49.7000
1310	2869	15.0000	52.6000
1310	2870	15.2750	54.2500
1311	2858	3.1750	47.0250
1312	2866	36.9250	39.9000
1313	2868	16.3250	47.8500
1314	2867	16.9750	49.7000
1315	2869	14.5250	52.6000
1315	2870	14.8250	54.2500
1316	2858	2.5750	47.0250
1317	2866	37.5750	39.9000
1318	2868	15.8500	47.8500
1319	2867	16.4250	49.7000
1320	2869	14.0750	52.8000
1320	2870	14.3750	54.2500
1321	2858	2.0750	46.8000
1322	2866	38.3000	39.5000
1323	2868	15.3250	47.8500
1324	2867	15.8750	49.7000
1325	2869	13.6250	52.8000
1325	2870	13.8250	54.2500
1326	2858	1.5500	46.8000
1327	2866	39.0250	39.5000
1328	2868	14.8500	47.8500
1329	2867	15.4250	49.7000
1330	2869	13.1750	52.8000
1330	2870	13.3750	54.2500
1331	2858	1.0250	46.6000
1332	2866	39.4000	39.3000
1333	2868	14.3250	47.8500
1334	2867	14.8750	49.7000
1335	2869	12.7250	53.0000
1335	2870	12.9000	54.2500
1336	2866	40.6750	39.9000
1337	2868	13.8500	47.8500
1338	2867	14.3250	49.7000
1339	2869	12.2750	53.0000
1339	2870	12.4500	54.2500
1340	2866	41.8500	39.7000
1341	2868	13.3000	47.8500
1342	2867	13.7750	49.7000
1343	2869	11.7250	53.0000
1343	2870	11.9000	54.4500
1344	2866	42.5750	39.7000
1345	2868	12.8500	47.8500
1346	2867	13.2250	49.7000
1347	2869	11.1750	53.0000
1347	2870	11.3750	54.4500
1348	2866	43.3250	39.5000
1349	2868	12.3000	47.8500
1350	2867	12.6750	49.7000
1351	2869	10.6250	53.0000
1351	2870	10.9000	54.4500
1352	2866	44.0250	39.5000
1353	2868	11.8500	47.8500
1354	2867	12.2250	49.7000
1355	2869	10.1750	53.0000
1355	2870	10.3750	54.4500
1356	2866	44.7750	39.5000
1357	2868	11.3000	47.8500
1358	2867	11.6750	49.7000
1359	2869	9.6250	53.0000
1359	2870	9.8250	54.4500
1360	2866	45.5750	39.5000
1361	2868	10.8500	47.8500
1362	2867	11.1250	49.7000
1363	2869	9.0750	53.0000
1363	2870	9.3500	54.4500
1364	2866	46.3250	39.5000
1365	2868	10.3000	47.8500
1366	2867	10.5750	49.7000
1367	2869	8.5250	53.0000
1367	2870	8.8250	54.4500
1368	2866	47.0500	39.7000
1369	2868	9.8500	47.8500
1370	2867	10.0250	49.7000
1371	2869	8.1750	52.8000
1371	2870	8.2750	54.3500
1372	2866	47.8250	39.9000
1373	2868	9.4000	47.8500
1374	2867	9.5750	49.7000
1375	2869	7.6250	52.8000
1375	2870	7.9000	54.3500
1376	2866	48.5000	40.0000
1377	2868	8.9000	47.9500
1378	2867	9.0250	49.7000
1379	2869	7.0250	52.8000
1379	2870	7.4250	54.3500
1380	2866	49.2750	40.2250
1381	2868	8.4000	47.9500
1382	2867	8.5750	49.7000
1383	2869	6.4750	52.8000
1383	2870	6.9750	54.3500
1384	2866	50.0000	40.3250
1385	2868	7.9500	48.1500
1386	2867	8.0250	49.8000
1387	2869	6.0250	52.9000
1387	2870	6.6250	54.3500
1388	2866	50.7000	40.5250
1389	2868	7.4000	48.1500
1390	2867	7.5750	49.8000
1391	2869	5.5750	52.9000
1391	2870	6.0750	54.3500
1392	2866	51.4500	40.6250
1393	2868	6.9500	48.1500
1394	2867	7.1250	49.8000
1395	2869	5.1250	52.9000
1395	2870	5.5750	54.3500
1396	2866	52.3750	40.7250
1397	2868	6.4000	48.1500
1398	2867	6.5750	50.0000
1399	2869	4.6750	52.9000
1399	2870	5.0750	54.4500
1400	2866	53.2750	40.7250
1401	2868	5.9500	48.1500
1402	2867	6.1250	50.0000
1403	2869	4.1250	52.9000
1403	2870	4.5750	54.4500
1404	2866	54.2750	40.7250
1405	2868	5.4000	48.1500
1406	2867	5.6750	50.0000
1407	2869	3.5750	52.9000
1407	2870	4.0250	54.4500
1408	2866	55.2000	40.7250
1409	2868	4.9500	48.3500
1410	2867	5.1250	50.0000
1411	2869	3.1250	52.9000
1411	2870	3.5750	54.3500
1412	2868	4.5000	48.3500
1413	2867	4.6750	50.0000
1414	2869	2.5750	52.9000
1414	2870	3.1250	54.3500
1415	2868	3.9500	48.5750
1416	2867	4.1250	50.0000
1417	2869	2.1250	52.9000
1417	2870	2.6750	54.3500
1418	2868	3.4750	48.5750
1419	2867	3.6750	50.0000
1420	2869	1.5750	52.9000
1420	2870	2.1250	54.3500
1421	2866	56.7500	43.3250
1422	2868	2.9500	48.5750
1423	2867	3.1250	50.0000
1424	2869	0.9250	52.9000
1424	2870	1.5750	54.3500
1425	2866	57.1000	43.6250
1426	2868	2.4750	48.7750
1427	2867	2.5750	50.0000
1428	2869	0.7250	52.7000
1428	2870	1.0250	54.3500
1429	2866	57.4500	43.9250
1430	2868	1.9750	48.7750
1431	2867	2.0250	50.2250
1432	2869	0.5750	52.7000
1432	2870	0.7500	54.3500
1433	2866	57.9250	44.1250
1434	2868	1.5250	48.7750
1435	2867	1.4750	50.2250
1436	2866	58.3000	44.5250
1437	2868	1.0250	48.7750
1438	2867	0.9250	50.4250
1439	2866	58.7500	45.1750
1440	2868	0.7500	49.0000
1441	2867	0.6250	50.6500
1442	2866	59.2000	45.5750
1443	2868	0.5750	49.0000
1444	2867	0.5000	50.6500
1445	2866	59.3750	45.9750
1446	2866	59.6500	46.6250
1447	2866	59.9250	47.0250
1448	2866	60.1000	47.4250
1449	2866	60.6500	47.8500
1450	2866	61.1000	48.2750
1451	2866	61.6500	48.6750
1452	2866	62.4000	48.8750
1453	2866	63.3000	49.2750
1454	2871	63.9500	54.8750
1455	2871	63.9500	54.8750
1456	2871	63.9500	54.8750
1457	2871	63.9500	54.8750
1458	2871	63.7500	54.2500
1459	2871	63.6250	53.6250
1460	2871	63.4250	53.0250
1461	2871	63.3000	52.4000
1462	2871	62.9750	51.8750
1463	2871	62.5250	51.4500
1464	2871	62.1000	50.9500
1465	2871	61.7000	50.6250
1466	2871	61.2500	50.1250
1467	2871	60.8500	49.7000
1468	2871	60.4000	49.3000
1469	2871	59.9750	48.7750
1470	2871	59.5750	48.3750
1471	2871	59.1000	47.8500
1472	2871	58.7750	47.2250
1473	2871	58.5250	46.4000
1474	2871	58.3250	45.5750
1475	2871	58.0750	44.7500
1476	2871	57.7750	44.3250
1477	2871	57.5250	43.9250
1478	2871	57.3250	43.5250
1479	2871	57.4250	42.2750
1480	2875	48.0000	29.5000
1481	2875	47.4750	29.5000
1482	2875	46.9250	29.5000
1483	2875	46.3750	29.5000
1484	2875	45.9250	29.3750
1485	2875	45.6250	29.0750
1486	2875	45.3750	28.7500
1487	2875	45.2750	28.3500
1488	2875	45.5250	27.9500
1489	2875	45.4500	27.5250
1490	2875	45.2750	27.1000
1491	2875	45.0750	26.9000
1492	2875	44.9250	26.5000
1493	2875	44.7250	26.0750
1494	2875	44.4500	25.6500
1495	2875	44.2750	25.2500
1496	2875	44.0750	24.8500
1497	2875	43.9250	24.6500
1498	2875	43.7250	24.2250
1499	2875	43.5250	23.8000
1500	2875	43.1750	23.4000
1501	2875	42.7250	22.7750
1502	2875	42.5000	22.2500
1503	2875	42.2500	21.8500
1504	2875	42.0000	21.2250
1505	2875	41.7250	20.8250
1506	2875	41.4500	20.6000
1507	2875	41.1750	20.2000
1508	2875	40.9000	19.7750
1509	2875	40.6250	19.3750
1510	2875	40.2500	19.1750
1511	2875	40.0000	18.7500
1512	2875	39.7250	18.3500
1513	2875	39.4500	17.9250
1514	2875	39.1750	17.7250
1515	2875	38.9000	17.3000
1516	2875	38.6250	16.9000
1517	2875	38.3500	16.4750
1518	2875	38.0750	16.2750
1519	2875	37.6250	15.8750
1520	2850	1.4250	53.1250
1521	2864	1.0750	54.1250
1522	2875	37.1750	15.6500
1523	2850	1.8750	52.9000
1524	2864	1.4750	54.0250
1525	2875	36.7000	15.2500
1526	2850	2.3500	52.7000
1527	2864	1.9000	53.9250
1528	2875	36.3500	15.0500
1529	2850	2.8000	52.7000
1530	2864	2.3000	53.9250
1531	2875	35.8000	14.6250
1532	2850	3.2500	52.7000
1533	2864	2.8500	54.0500
1534	2875	35.2500	14.2250
1535	2850	3.7000	52.7000
1536	2864	3.4000	54.0500
1537	2875	34.9750	13.8000
1538	2850	4.1750	52.7000
1539	2864	3.9500	54.0500
1540	2875	34.7000	13.6000
1541	2850	4.7000	52.7000
1542	2864	4.5000	54.0500
1543	2850	5.3500	52.7000
1544	2864	5.0250	54.2500
1545	2850	5.9000	52.7000
1546	2864	5.5750	54.2500
1547	2850	6.5250	52.7000
1548	2864	6.1250	54.2500
1549	2850	7.0750	52.7000
1550	2864	6.5750	54.2500
1551	2850	7.6250	52.7000
1552	2864	7.1250	54.2500
1553	2850	8.0750	52.7000
1554	2864	7.5750	54.2500
1555	2863	1.4250	55.1750
1556	2850	8.6250	52.7000
1557	2864	8.1250	54.2500
1558	2863	1.9750	55.1750
1559	2850	9.0750	52.7000
1560	2864	8.6750	54.2500
1561	2863	2.5250	55.1750
1562	2850	9.6250	52.7000
1563	2864	9.2000	54.2500
1564	2863	2.8750	55.1750
1565	2850	10.0750	52.7000
1566	2864	9.7500	54.2500
1567	2863	3.2500	55.1750
1568	2850	10.6250	52.7000
1569	2864	10.3000	54.2500
1570	2863	3.6250	55.1750
1571	2850	11.1750	52.7000
1572	2864	10.8500	54.2500
1573	2863	3.9750	55.1750
1574	2850	11.8250	52.7000
1575	2864	11.4000	54.2500
1576	2863	4.3500	55.1750
1577	2850	12.4500	52.7000
1578	2864	11.9500	54.2500
1579	2863	4.7000	55.1750
1580	2850	13.0750	52.7000
1581	2864	12.5000	54.2500
1582	2863	5.0750	55.1750
1583	2850	13.7250	52.7000
1584	2864	13.0500	54.2500
1585	2863	5.6250	55.1750
1586	2850	14.3750	52.9000
1587	2864	13.6000	54.2500
1588	2863	5.8500	55.1750
1589	2850	14.9000	52.9000
1590	2864	14.1750	54.2500
1591	2863	6.1250	55.2750
1592	2850	15.4500	52.9000
1593	2864	14.7250	54.2500
1594	2863	6.4250	55.3750
1595	2850	16.0000	52.9000
1596	2864	15.3000	54.3500
1597	2863	6.8750	55.2750
1598	2850	16.5750	53.0000
1599	2864	15.9000	54.3500
1600	2863	7.5250	54.8750
1601	2850	17.1250	53.0000
1602	2864	16.4500	54.5500
1603	2863	8.0750	54.6750
1604	2850	17.6750	53.0000
1605	2864	17.0500	54.5500
1606	2863	8.6250	54.6750
1607	2850	18.2250	53.1000
1608	2864	17.6000	54.5500
1609	2863	9.1750	54.6750
1610	2850	18.8250	53.1000
1611	2864	18.1250	54.6500
1612	2863	9.6250	54.8750
1613	2850	19.3750	53.1000
1614	2864	18.7750	54.6500
1615	2863	10.1750	55.0750
1616	2850	19.9250	53.1000
1617	2864	19.3250	54.7500
1618	2863	10.6250	55.0750
1619	2850	20.4750	53.2000
1620	2864	19.9250	54.8500
1621	2863	11.0750	55.0750
1622	2850	21.0250	53.2000
1623	2864	20.4750	54.8500
1624	2863	11.4250	55.0750
1625	2850	21.6000	53.2000
1626	2864	21.0250	54.8500
1627	2863	11.9250	55.0750
1628	2850	22.1250	53.2000
1629	2864	21.5750	54.9500
1630	2863	12.3750	54.8750
1631	2850	22.6750	53.3000
1632	2864	22.1250	55.0750
1633	2863	12.5250	54.8750
1634	2850	23.2250	53.3000
1635	2864	22.7250	55.0750
1636	2863	12.9250	54.8750
1637	2850	23.8250	53.3000
1638	2864	23.3250	55.1750
1639	2863	13.3750	54.8750
1640	2850	24.3750	53.4000
1641	2864	23.8750	55.1750
1642	2863	13.8250	54.8750
1643	2850	24.9250	53.4000
1644	2864	24.4750	55.1750
1645	2863	14.3750	55.0750
1646	2850	25.4750	53.4000
1647	2864	25.0250	55.4000
1648	2863	14.8250	55.0750
1649	2850	26.0500	53.4000
1650	2864	25.5750	55.4000
1651	2863	15.3750	55.0750
1652	2850	26.6000	53.5250
1653	2864	26.1750	55.4000
1654	2863	15.8250	54.8750
1655	2850	27.1500	53.5250
1656	2864	26.7250	55.5000
1657	2863	16.2750	54.8750
1658	2850	27.7000	53.5250
1659	2864	27.3250	55.5000
1660	2863	16.7250	54.8750
1661	2850	28.2500	53.5250
1662	2864	27.8750	55.5000
1663	2865	1.3250	54.1500
1664	2863	17.1750	54.8750
1665	2850	28.8000	53.6250
1666	2864	27.7000	55.5000
1667	2865	1.8750	54.1500
1668	2863	17.5250	54.6750
1669	2850	29.3250	53.6250
1670	2864	28.2500	55.5000
1671	2865	2.5250	54.1500
1672	2863	17.9250	54.6750
1673	2850	29.8000	53.6250
1674	2864	28.7000	55.5000
1675	2865	3.0750	54.1500
1676	2863	18.3750	54.6750
1677	2850	30.3500	53.6250
1678	2864	29.2500	55.5000
1679	2865	3.7250	54.1500
1680	2863	18.7250	54.4500
1681	2850	30.8750	53.6250
1682	2864	29.7500	55.4000
1683	2865	4.2500	54.1500
1684	2863	19.0750	54.4500
1685	2850	31.3500	53.6250
1686	2864	30.2500	55.3000
1687	2865	4.8750	54.1500
1688	2863	19.4750	54.4500
1689	2850	31.8750	53.6250
1690	2864	30.8000	55.3000
1691	2865	5.4250	54.1500
1692	2863	19.9250	54.4500
1693	2850	32.4250	53.6250
1694	2864	31.3000	55.3000
1695	2865	6.0750	54.1500
1696	2863	20.3750	54.4500
1697	2850	32.8750	53.6250
1698	2864	31.8000	55.1750
1699	2865	6.6250	54.1500
1700	2863	20.8250	54.4500
1701	2850	33.4250	53.6250
1702	2864	32.3000	55.1750
1703	2865	7.2750	54.1500
1704	2863	21.3750	54.4500
1705	2850	33.9000	53.6250
1706	2864	32.8500	55.0500
1707	2865	7.8000	54.1500
1708	2863	21.7250	54.4500
1709	2850	34.4250	53.6250
1710	2864	33.3250	55.0500
1711	2865	8.4250	54.1500
1712	2863	22.0750	54.4500
1713	2850	34.9750	53.6250
1714	2864	33.8500	54.9500
1715	2865	9.0750	54.1500
1716	2863	22.4750	54.4500
1717	2850	35.4250	53.6250
1718	2864	34.4000	54.9500
1719	2865	9.6250	54.1500
1720	2863	22.8250	54.4500
1721	2850	35.9750	53.6250
1722	2864	34.8500	54.9500
1723	2865	10.2750	54.1500
1724	2863	23.1750	54.4500
1725	2850	36.5250	53.6250
1726	2864	35.4000	54.9500
1727	2865	10.8250	54.0500
1728	2863	23.6250	54.2500
1729	2850	36.9000	53.3000
1730	2864	36.0250	54.9500
1731	2865	11.4000	53.9500
1732	2863	24.0750	54.1500
1733	2850	37.3750	53.2000
1734	2864	36.6250	54.9500
1735	2865	11.9000	54.0500
1736	2863	24.5500	53.9250
1737	2850	37.9250	53.2000
1738	2864	37.2000	55.0500
1739	2865	12.4500	54.0250
1740	2863	25.0500	53.8250
1741	2850	38.4750	53.2000
1742	2864	37.8000	55.0500
1743	2865	12.9750	53.9250
1744	2863	25.5000	53.6250
1745	2850	39.0250	53.2000
1746	2864	38.4000	55.1750
1747	2865	13.5750	53.8250
1748	2863	25.9250	53.6250
1749	2850	39.4750	53.2000
1750	2864	38.9500	55.1750
1751	2865	14.2250	53.8250
1752	2863	26.3000	53.6250
1753	2850	39.9250	53.2000
1754	2864	39.5000	55.4000
1755	2865	14.8750	53.6250
1756	2863	26.6500	53.8250
1757	2850	40.4000	53.2000
1758	2864	40.0500	55.4000
1759	2865	15.5750	53.6250
1760	2863	27.0000	54.0500
1761	2850	40.9250	53.2000
1762	2864	40.6000	55.4000
1763	2865	16.1250	53.6250
1764	2863	27.4750	54.0500
1765	2850	41.5750	53.0000
1766	2864	41.1250	55.6000
1767	2865	16.6750	53.6250
1768	2863	27.9250	54.0500
1769	2850	42.1250	53.0000
1770	2864	41.6500	55.6000
1771	2865	17.2250	53.6250
1772	2863	28.3750	54.2500
1773	2850	42.6750	53.0000
1774	2864	42.2000	55.6000
1775	2865	17.7750	53.8250
1776	2863	28.9250	54.2500
1777	2850	43.1250	53.0000
1778	2864	42.7500	55.6000
1779	2865	18.3250	54.0250
1780	2863	29.3750	54.2500
1781	2850	43.6750	53.2000
1782	2864	43.3000	55.6000
1783	2865	18.7750	54.2250
1784	2863	29.7500	54.2500
1785	2850	44.3250	53.4250
1786	2864	43.8500	55.5000
1787	2865	19.3250	54.4750
1788	2863	30.1000	54.2500
1789	2850	44.9500	53.4250
1790	2864	44.5000	55.5000
1791	2865	19.8750	54.4750
1792	2863	30.5500	54.2500
1793	2850	45.6750	53.2000
1794	2864	45.0500	55.5000
1795	2865	20.4250	54.4750
1796	2863	30.9250	54.2500
1797	2850	46.0250	53.2000
1798	2864	45.5000	55.5000
1799	2865	21.0000	54.4750
1800	2863	31.3000	54.2500
1801	2850	46.5000	53.0000
1802	2864	45.9500	55.5000
1803	2865	21.5500	54.4750
1804	2863	31.7500	54.2500
1805	2850	46.9500	53.0000
1806	2864	46.5000	55.5000
1807	2865	22.1000	54.2250
1808	2863	32.2000	54.0500
1809	2850	47.4250	53.0000
1810	2864	47.0500	55.5000
1811	2865	22.6500	53.8250
1812	2863	32.6500	54.0500
1813	2850	47.9500	53.2000
1814	2864	47.6000	55.5000
1815	2865	23.2000	53.6250
1816	2863	33.2000	54.0500
1817	2850	48.4250	53.2000
1818	2864	48.1500	55.5000
1819	2865	23.7250	53.2250
1820	2863	33.6500	54.0500
1821	2850	48.9500	53.4250
1822	2864	48.7500	55.5000
1823	2865	24.4750	53.0250
1824	2863	34.1000	54.0500
1825	2850	49.5750	53.4250
1826	2864	49.3000	55.5000
1827	2865	25.2750	52.8250
1828	2863	34.4750	54.0500
1829	2850	50.1250	53.6250
1830	2864	49.9500	55.5000
1831	2865	26.1000	52.8250
1832	2863	34.8500	54.0500
1833	2850	50.5750	53.6250
1834	2864	50.6000	55.5000
1835	2865	26.6500	52.8250
1836	2863	35.3000	54.0500
1837	2850	51.1250	53.6250
1838	2864	51.1500	55.5000
1839	2865	27.2750	53.0250
1840	2863	35.6500	54.0500
1841	2850	51.6750	53.4250
1842	2864	51.6000	55.7000
1843	2865	27.9250	53.0250
1844	2863	36.0250	54.2500
1845	2850	52.3250	53.4250
1846	2864	52.0500	55.7000
1847	2865	28.4750	53.0250
1848	2863	36.5000	54.2500
1849	2850	52.8750	53.4250
1850	2864	52.6000	55.9000
1851	2865	28.9250	53.0250
1852	2863	36.8500	54.2500
1853	2850	53.3250	53.4250
1854	2864	53.1500	55.9000
1855	2865	29.4750	53.0250
1856	2863	37.3000	54.2500
1857	2850	53.6750	53.4250
1858	2864	53.7000	55.9000
1859	2865	30.0250	53.0250
1860	2863	37.6500	54.2500
1861	2850	54.3250	53.4250
1862	2864	54.2500	55.9000
1863	2865	30.5750	53.0250
1864	2863	38.1250	54.2500
1865	2850	54.8750	53.4250
1866	2864	54.8000	55.7000
1867	2865	31.1250	53.2250
1868	2863	38.5000	54.2500
1869	2850	55.5250	53.2000
1870	2864	55.3500	55.7000
1871	2865	31.6500	53.2250
1872	2863	38.8500	54.2500
1873	2850	56.1500	53.2000
1874	2864	55.8750	55.5000
1875	2865	32.2000	53.4250
1876	2863	39.1250	54.0500
1877	2850	56.6750	53.2000
1878	2864	56.3500	55.5000
1879	2865	32.7500	53.6250
1880	2863	39.5000	54.0500
1881	2850	57.2250	53.2000
1882	2864	56.8750	55.5000
1883	2865	33.2000	53.6250
1884	2863	39.8500	53.8250
1885	2850	57.7750	53.2000
1886	2864	57.4000	55.5000
1887	2865	33.7500	53.6250
1888	2863	40.2000	53.8250
1889	2849	63.9250	48.8750
1890	2850	58.3250	53.2000
1891	2864	57.9500	55.5000
1892	2865	34.2000	53.6250
1893	2863	40.5750	53.8250
1894	2849	63.3000	48.4750
1895	2850	58.8250	53.1000
1896	2864	58.5000	55.2750
1897	2851	41.9250	56.0000
1898	2865	34.8500	53.5250
1899	2863	41.0750	53.7250
1900	2849	62.6750	48.3750
1901	2850	59.3500	53.1000
1902	2864	59.1000	54.9500
1903	2851	42.0250	56.0000
1904	2865	35.6750	53.5250
1905	2863	41.5250	53.6250
1906	2849	62.0250	48.1750
1907	2850	59.8750	53.1000
1908	2864	59.7500	54.7500
1909	2851	42.2250	56.0000
1910	2865	36.4000	53.4250
1911	2863	42.0250	53.6500
1912	2849	61.3750	47.9750
1913	2850	60.5250	53.1000
1914	2864	60.3000	54.7500
1915	2851	42.3250	56.0000
1916	2865	37.1750	53.4250
1917	2863	42.5000	53.5250
1918	2849	60.7500	47.7250
1919	2850	61.2250	53.1000
1920	2864	60.9250	54.7500
1921	2851	42.4750	55.8000
1922	2865	37.9000	53.3000
1923	2863	42.9500	53.6250
1924	2849	60.1000	47.5250
1925	2850	61.8750	53.1000
1926	2864	61.4750	54.7500
1927	2851	43.0250	55.6000
1928	2865	38.4500	53.3000
1929	2863	43.4000	53.6250
1930	2849	59.4750	47.3250
1931	2850	62.2250	53.1000
1932	2864	61.8500	54.7500
1933	2851	43.4750	55.3750
1934	2865	39.0750	53.1000
1935	2863	43.8500	53.6250
1936	2849	58.7750	47.3250
1937	2850	62.4250	53.3000
1938	2864	62.3000	54.7500
1939	2851	44.0250	55.3750
1940	2865	39.6250	53.1000
1941	2863	44.3250	53.6250
1942	2849	58.0750	47.3250
1943	2850	62.9750	53.3000
1944	2864	62.6500	54.7500
1945	2851	44.4750	55.3750
1946	2865	40.1750	53.1000
1947	2863	44.7750	53.6250
1948	2849	57.3250	47.3250
1949	2850	63.4250	53.3000
1950	2864	63.0000	54.7500
1951	2851	44.9500	55.3750
1952	2865	40.8000	53.1000
1953	2863	45.3250	53.6250
1954	2849	56.6000	47.3250
1955	2850	63.6250	53.3000
1956	2864	63.4750	54.7500
1957	2851	45.4750	55.3750
1958	2865	41.4000	53.2000
1959	2863	45.7750	53.6250
1960	2849	55.8750	47.3250
1961	2850	63.8750	52.9000
1962	2864	64.0250	54.7500
1963	2851	46.0250	55.3750
1964	2865	42.0250	53.2000
1965	2863	46.3250	53.6250
1966	2849	55.0500	47.3250
1967	2864	64.3500	54.7500
1968	2851	46.5750	55.3750
1969	2865	42.6750	53.3250
1970	2863	46.7750	53.6250
1971	2849	54.3250	47.1250
1972	2864	64.5250	54.5500
1973	2851	47.1250	55.3750
1974	2865	43.2250	53.3250
1975	2863	47.3250	53.6250
1976	2849	53.5250	47.1250
1977	2864	64.5750	54.1500
1978	2851	47.5750	55.3750
1979	2865	43.8500	53.3250
1980	2863	47.7750	53.6250
1981	2849	52.6000	46.9250
1982	2851	47.9750	55.3750
1983	2865	44.4000	53.1000
1984	2863	48.1250	53.6250
1985	2849	51.7750	46.9250
1986	2851	48.3250	55.3750
1987	2865	45.0500	53.1000
1988	2863	48.5000	53.6250
1989	2849	50.9750	46.9250
1990	2851	48.6750	55.3750
1991	2865	45.6750	52.9000
1992	2863	48.8750	53.6250
1993	2849	50.1250	47.1250
1994	2851	49.0250	55.3750
1995	2865	46.2250	52.7000
1996	2863	49.2250	53.6250
1997	2849	49.3250	47.3250
1998	2851	49.5250	55.1750
1999	2865	46.8750	52.7000
2000	2863	49.6750	53.6250
2001	2849	48.5750	47.5250
2002	2851	50.0250	54.9750
2003	2865	47.4000	52.5000
2004	2863	50.1250	53.6250
2005	2849	47.7750	47.7500
2006	2851	50.5250	54.9750
2007	2865	48.0500	52.5000
2008	2863	50.6750	53.6250
2009	2849	46.9500	47.9500
2010	2851	50.9750	54.9750
2011	2865	48.6750	52.5000
2012	2863	50.8750	53.6250
2013	2849	46.1250	47.9500
2014	2851	51.3250	54.9750
2015	2865	49.2250	52.5000
2016	2863	51.0500	53.6250
2017	2849	45.3250	47.9500
2018	2851	51.6750	54.9750
2019	2865	49.8750	52.5000
2020	2862	64.2500	47.3250
2021	2863	51.2250	53.6250
2022	2849	44.5000	47.9500
2023	2851	52.0750	54.9750
2024	2865	50.5000	52.5000
2025	2862	63.8000	47.1250
2026	2863	51.5000	53.6250
2027	2849	43.7750	47.9500
2028	2851	52.5250	54.9750
2029	2859	1.5250	49.2000
2029	2865	51.1250	52.7000
2030	2862	63.3250	46.9250
2031	2863	52.2250	53.6250
2032	2849	43.0250	47.7500
2033	2851	53.0750	54.9750
2034	2859	1.9000	49.2000
2034	2865	51.6750	52.7000
2035	2862	62.8750	46.7000
2036	2863	53.0500	53.6250
2037	2849	42.3250	47.5250
2038	2851	53.5250	54.9750
2039	2859	2.3500	49.2000
2039	2865	52.3250	52.7000
2040	2862	62.5250	46.7000
2041	2863	53.6750	53.8500
2042	2849	41.5750	47.5250
2043	2851	53.9750	54.9750
2044	2859	2.8000	49.2000
2044	2865	52.8750	52.7000
2045	2862	62.0750	46.7000
2046	2863	53.9750	53.8500
2047	2849	40.5750	47.5250
2048	2851	54.4250	54.9750
2049	2859	3.2500	49.2000
2049	2865	53.5000	52.7000
2050	2862	61.6250	46.7000
2051	2863	54.3250	53.8500
2052	2849	39.4750	47.5250
2053	2851	54.8750	54.9750
2054	2859	3.7000	49.2000
2054	2865	54.1500	52.7000
2055	2862	61.1500	46.7000
2056	2863	54.5000	54.0500
2057	2849	38.5750	47.3250
2058	2851	55.0750	54.9750
2059	2859	4.0500	49.2000
2059	2865	54.8750	52.7000
2060	2862	60.6250	46.3000
2061	2863	54.7000	54.0500
2062	2849	37.9250	47.3250
2063	2851	55.3250	54.9750
2064	2859	4.4500	49.2000
2064	2865	55.5250	52.7000
2065	2862	60.0750	46.1000
2066	2863	54.8750	54.0500
2067	2849	37.3000	47.3250
2068	2851	55.5250	55.1750
2069	2859	4.8000	49.2000
2069	2865	56.2250	52.7000
2070	2862	59.5250	45.6750
2071	2863	55.1500	54.2500
2072	2849	36.6750	47.3250
2073	2851	55.7750	55.1750
2074	2859	5.1500	49.2000
2074	2865	56.8750	52.7000
2075	2862	58.8750	45.2750
2076	2863	55.3250	54.2500
2077	2849	35.8500	47.1250
2078	2851	56.0750	55.3750
2079	2859	5.5500	49.2000
2079	2865	57.5250	52.7000
2080	2862	58.3250	44.8500
2081	2863	55.6000	54.0500
2082	2849	35.0250	47.1250
2083	2851	56.6250	55.3750
2084	2859	6.0000	49.2000
2084	2865	58.1500	52.7000
2085	2862	57.8750	44.4500
2086	2863	55.9750	54.0500
2087	2849	34.2250	47.1250
2088	2851	57.3250	55.3750
2089	2859	6.4500	49.2000
2089	2865	58.7000	52.7000
2090	2862	57.8750	44.2500
2091	2863	57.3250	54.0500
2092	2849	33.3750	47.1250
2093	2851	58.5250	55.1750
2094	2859	7.0000	49.4000
2094	2865	59.2500	52.7000
2095	2862	57.9750	43.8250
2096	2863	58.7000	54.0500
2097	2849	32.5750	47.1250
2098	2851	59.0750	55.1750
2099	2859	7.4500	49.4000
2099	2865	59.7000	52.7000
2100	2862	57.9750	43.6250
2101	2863	58.7000	54.0500
2102	2849	31.4750	47.7500
2103	2851	59.2250	55.1750
2104	2859	8.0000	49.4000
2104	2865	60.1500	52.7000
2105	2862	58.0750	43.2000
2106	2863	58.7000	54.0500
2107	2849	30.4750	47.5250
2108	2851	59.5250	55.3750
2109	2859	8.5000	49.3000
2109	2865	60.9250	52.8000
2110	2862	57.9250	42.6750
2111	2863	59.2750	54.0500
2112	2849	29.6500	47.1250
2113	2851	59.8750	55.6000
2114	2859	9.0000	49.2000
2114	2865	61.6000	53.0000
2115	2862	58.3000	40.5250
2116	2863	59.9250	54.2500
2117	2849	28.8250	46.9250
2118	2859	9.5000	49.2000
2118	2865	62.4000	53.2000
2119	2863	60.5250	54.3500
2120	2859	10.0000	49.1000
2120	2865	63.0250	53.3250
2121	2863	60.9750	54.5500
2122	2859	10.5000	49.2000
2122	2865	63.5750	53.3250
2123	2863	61.3250	54.5500
2124	2859	11.0000	49.1000
2124	2865	64.0750	53.3250
2125	2863	61.7000	54.5500
2126	2859	11.4500	48.9750
2127	2863	62.0750	54.5500
2128	2859	12.0000	48.9750
2129	2863	62.4250	54.5500
2130	2859	12.5000	48.9750
2131	2863	62.8000	54.5500
2132	2859	12.9500	48.9750
2133	2863	63.1500	54.5500
2134	2859	13.5000	48.8750
2135	2863	63.6250	54.5500
2136	2859	14.0000	48.7750
2137	2863	63.9750	54.5500
2138	2859	14.4500	48.7750
2139	2859	15.0000	48.6750
2140	2859	15.4500	48.6750
2141	2864	64.6750	55.5750
2142	2859	16.0000	48.6750
2143	2864	64.7500	55.8000
2144	2859	16.5000	48.6750
2145	2859	17.0000	48.6750
2146	2859	17.5000	48.4750
2147	2859	18.0000	48.4750
2148	2859	18.5000	48.4750
2149	2859	19.0500	48.4750
2150	2859	19.5000	48.2750
2151	2859	20.0500	48.2750
2152	2859	20.5500	48.2750
2153	2859	21.0500	48.2750
2154	2859	21.5500	48.2750
2155	2859	22.0500	48.0750
2156	2859	22.5500	48.0750
2157	2859	23.1000	48.0750
2158	2843	1.0000	72.4000
2159	2859	23.5500	48.0750
2160	2843	1.0250	72.0000
2161	2859	24.1000	48.0750
2162	2843	1.2000	71.5750
2163	2859	24.6500	48.0750
2164	2843	1.4000	71.3750
2165	2859	25.1500	48.2750
2166	2843	2.1000	71.3750
2167	2859	25.6500	48.4750
2168	2843	2.7500	71.3750
2169	2859	26.1500	48.4750
2170	2843	3.4500	71.3750
2171	2859	26.7000	48.6750
2172	2843	4.1000	71.3750
2173	2859	27.2500	48.8750
2174	2843	4.8000	71.3750
2175	2859	27.7500	49.0750
2176	2843	5.4500	71.3750
2177	2859	28.2500	49.0750
2178	2843	6.1500	71.3750
2179	2859	28.7500	49.2750
2180	2843	6.8000	71.3750
2181	2859	29.3000	49.3750
2182	2843	7.5000	71.1500
2183	2859	29.7500	49.3750
2184	2843	8.1250	71.1500
2185	2859	30.2500	49.3750
2186	2843	8.7750	71.0500
2187	2859	30.8000	49.3750
2188	2843	9.3500	71.0500
2189	2853	64.5750	48.1500
2190	2859	31.2500	49.5000
2191	2843	10.0000	70.9500
2192	2853	64.4000	47.8500
2193	2859	31.7500	49.5000
2194	2843	10.6250	70.9500
2195	2853	64.4250	47.8500
2196	2859	32.2500	49.5000
2197	2843	11.2250	70.9500
2198	2853	64.4000	48.3500
2199	2859	32.7500	49.5000
2200	2843	11.8500	70.8500
2201	2853	64.3000	48.1500
2202	2859	33.2500	49.5000
2203	2843	12.4500	70.8500
2204	2853	63.8500	48.1500
2205	2859	33.7000	49.5000
2206	2843	13.0750	70.7500
2207	2853	63.3500	48.1500
2208	2859	34.2500	49.5000
2209	2843	13.7250	70.7500
2210	2853	62.9250	48.0500
2211	2859	34.7000	49.6000
2212	2843	14.4000	70.7500
2213	2853	62.4750	47.9500
2214	2859	35.2000	49.6000
2215	2843	15.0500	70.7500
2216	2874	42.5000	22.7750
2217	2853	62.0250	47.8500
2218	2859	35.7000	49.6000
2219	2843	15.7000	70.9750
2220	2874	42.6750	23.2000
2221	2853	61.5500	47.8500
2222	2859	36.2250	49.7000
2223	2843	16.4000	71.1750
2224	2874	42.8500	23.6000
2225	2853	61.0500	47.8500
2226	2859	36.7500	49.7000
2227	2843	17.0500	71.1750
2228	2874	43.1250	24.2250
2229	2853	60.5000	47.8500
2230	2859	37.2250	49.7000
2231	2843	17.7750	71.3750
2232	2874	43.3000	24.4250
2233	2853	59.9500	47.8500
2234	2859	37.7500	49.7000
2235	2843	18.4000	71.3750
2236	2874	43.5750	24.4250
2237	2853	59.5000	47.8500
2238	2859	38.3000	49.7000
2239	2843	19.3000	71.7750
2240	2874	43.7750	24.8500
2241	2853	59.1500	47.8500
2242	2859	38.7500	49.7000
2243	2843	20.2000	71.9750
2244	2874	43.9500	25.2500
2245	2853	58.7000	47.8500
2246	2859	39.3000	49.7000
2247	2843	20.8250	71.9750
2248	2874	44.1250	25.6500
2249	2853	58.3500	47.8500
2250	2859	39.8500	49.7000
2251	2843	21.4500	71.9750
2252	2874	44.3000	26.0750
2253	2853	57.8000	47.8500
2254	2859	40.3000	49.7000
2255	2843	22.0000	71.9750
2256	2874	44.5000	26.5000
2257	2853	57.2500	47.8500
2258	2859	40.8500	49.7000
2259	2843	22.6500	72.2000
2260	2874	44.7750	27.1000
2261	2853	56.8000	48.0500
2262	2859	41.4000	49.7000
2263	2843	23.3000	72.2000
2264	2874	44.9500	27.5250
2265	2853	56.2500	47.8500
2266	2859	41.8500	49.7000
2267	2843	23.8250	72.2000
2268	2874	45.1250	27.9500
2269	2853	55.8000	47.8500
2270	2859	42.4000	49.7000
2271	2843	24.4500	72.2000
2272	2874	45.3000	28.3500
2273	2853	55.2500	47.8500
2274	2859	42.8500	49.9000
2275	2843	25.1000	72.2000
2276	2874	45.6000	28.5500
2277	2853	54.7000	47.8500
2278	2859	43.2250	49.9000
2279	2843	25.8250	72.2000
2280	2874	45.9500	28.7500
2281	2853	54.1500	47.8500
2282	2859	43.5750	49.9000
2283	2843	26.4500	71.9750
2284	2874	46.2250	28.7500
2285	2853	53.6000	47.8500
2286	2859	43.9500	50.1250
2287	2843	27.2000	71.9750
2288	2874	46.5000	28.9500
2289	2853	53.0500	47.8500
2290	2859	44.3250	50.1250
2291	2843	27.9250	71.7750
2292	2874	46.7750	28.9500
2293	2853	52.7000	47.8500
2294	2859	44.5750	50.1250
2295	2843	28.5500	71.7750
2296	2874	47.1250	29.1750
2297	2853	52.2500	48.0500
2298	2859	44.9500	50.3250
2299	2843	29.3000	71.5750
2300	2874	47.4000	29.1750
2301	2853	51.8500	48.2500
2302	2859	45.3250	50.3250
2303	2843	29.9250	71.5750
2304	2874	47.6750	29.4000
2305	2853	51.3000	47.8500
2306	2859	45.6750	50.3250
2307	2843	30.6500	71.3750
2308	2874	47.9500	29.4000
2309	2853	50.7750	47.6500
2310	2859	46.0500	50.5250
2311	2843	31.4000	71.3750
2312	2853	50.2500	47.4250
2313	2859	46.4000	50.5250
2314	2843	32.0250	71.3750
2315	2853	49.7750	47.4250
2316	2859	46.7750	50.5250
2317	2843	32.7500	71.3750
2318	2853	49.2500	47.4250
2319	2859	47.1250	50.7500
2320	2843	33.4000	71.3750
2321	2853	48.7500	47.6500
2322	2859	47.5000	50.7500
2323	2843	34.1000	71.3750
2324	2853	48.2500	47.6500
2325	2859	47.8750	50.7500
2326	2843	34.8500	71.3750
2327	2839	35.9750	72.6000
2327	2853	47.7500	47.6500
2327	2854	58.6500	46.4000
2328	2859	48.2750	50.7500
2329	2843	35.5500	71.4750
2330	2839	36.6250	72.6000
2330	2853	47.2750	47.5500
2330	2854	58.0250	46.4000
2331	2859	48.8250	50.5250
2332	2843	36.2500	71.4750
2333	2839	37.3500	72.6000
2333	2853	46.8000	47.5500
2333	2854	57.3750	46.4000
2334	2859	49.2750	50.3250
2335	2843	37.0250	71.3750
2336	2839	38.0250	72.6000
2336	2853	46.3500	47.5500
2336	2854	56.7250	46.4000
2337	2859	49.7750	50.1250
2338	2843	37.7750	71.4750
2339	2839	38.7750	72.8250
2339	2853	45.8500	47.5500
2339	2854	56.1000	46.4000
2340	2859	50.2750	49.9000
2341	2843	38.4750	71.3750
2342	2839	39.4500	72.8250
2342	2853	45.4000	47.5500
2342	2854	55.4750	46.4000
2343	2859	50.7250	49.7000
2344	2843	39.2000	71.3750
2345	2839	40.1250	72.8250
2345	2853	44.9500	47.4500
2345	2854	54.8250	46.4000
2346	2859	51.2250	49.7000
2347	2843	39.9500	71.2500
2348	2839	40.8500	72.8250
2348	2853	44.4500	47.4500
2348	2854	54.2000	46.4000
2349	2859	51.7250	49.5000
2350	2843	40.7250	71.3500
2351	2839	41.5750	73.0250
2351	2853	44.0000	47.4500
2351	2854	53.5500	46.4000
2352	2859	52.2000	49.3000
2353	2843	41.4250	71.2500
2354	2839	42.2250	73.0250
2354	2853	43.5250	47.4500
2354	2854	52.9250	46.4000
2355	2859	52.7000	49.1000
2356	2843	42.2250	71.2500
2357	2839	42.9500	73.0250
2357	2853	43.0750	47.5500
2357	2854	52.3750	46.4000
2358	2859	53.2500	48.8750
2359	2843	42.9500	71.2500
2360	2839	43.6750	73.2250
2360	2853	42.5250	47.4500
2360	2854	51.7250	46.4000
2361	2859	53.7000	48.8750
2362	2843	43.6000	71.3750
2363	2839	44.3250	73.2250
2363	2853	42.0000	47.4500
2363	2854	51.1000	46.4000
2364	2859	54.2500	48.8750
2365	2843	44.3000	71.3750
2366	2839	44.9500	73.2250
2366	2853	41.5250	47.4500
2366	2854	50.5500	46.4000
2367	2859	54.7750	48.6750
2368	2843	44.9500	71.3750
2369	2839	45.5750	73.2250
2369	2853	40.9750	47.4500
2369	2854	49.9250	46.4000
2370	2859	55.2500	48.6750
2371	2843	45.6000	71.3750
2372	2839	46.2250	73.2250
2372	2853	40.5250	47.4500
2372	2854	49.2750	46.4000
2373	2859	55.8000	48.4750
2374	2843	46.3000	71.3750
2375	2855	56.3250	44.4500
2376	2839	46.8750	73.2250
2376	2853	39.9750	47.4500
2376	2854	48.7250	46.4000
2377	2859	56.3250	48.4750
2378	2843	46.9500	71.5750
2379	2855	56.1500	44.8500
2380	2839	47.5000	73.2250
2380	2853	39.5250	47.4500
2380	2854	48.1000	46.4000
2381	2859	56.8000	48.4750
2382	2843	47.6750	71.5750
2383	2855	56.0500	45.4750
2384	2839	48.1250	73.2250
2384	2853	38.9750	47.4500
2384	2854	47.4500	46.4000
2385	2859	57.3250	48.2500
2386	2843	48.3250	71.5750
2387	2855	55.8750	46.1000
2388	2839	48.8750	73.2250
2388	2853	38.4500	47.4500
2388	2854	46.9000	46.4000
2389	2859	57.8750	48.2500
2390	2843	48.9500	71.5750
2391	2855	55.7750	46.7000
2392	2839	49.5000	73.2250
2392	2853	37.9750	47.4500
2392	2854	46.2750	46.4000
2393	2859	58.3500	48.2500
2394	2843	49.7000	71.5750
2395	2855	55.7000	47.3500
2396	2839	50.1250	73.2250
2396	2853	37.4250	47.4500
2396	2854	45.6250	46.4000
2397	2859	58.8750	48.0500
2398	2843	50.3250	71.8000
2399	2855	54.7750	47.3500
2400	2839	50.7750	73.4500
2400	2853	36.9750	47.4500
2400	2854	45.0750	46.4000
2401	2859	59.4250	48.0500
2402	2843	50.9500	71.8000
2403	2855	54.1500	47.1250
2404	2839	51.4250	73.4500
2404	2853	36.4250	47.4500
2404	2854	44.4500	46.4000
2405	2859	59.8750	47.8500
2406	2843	51.7000	71.8000
2407	2855	53.8750	47.9500
2408	2839	52.0500	73.4500
2408	2853	35.9750	47.4500
2408	2854	43.8250	46.4000
2409	2859	60.4250	47.8500
2410	2843	52.3250	71.8000
2411	2855	53.1500	47.9500
2412	2839	52.6750	73.4500
2412	2853	35.4250	47.4500
2412	2854	43.2750	46.4000
2413	2859	60.9750	47.8500
2414	2843	53.0500	71.8000
2415	2855	52.4250	47.5500
2416	2839	53.3250	73.4500
2416	2853	34.9750	47.4500
2416	2854	42.6250	46.4000
2417	2859	61.4250	47.6500
2418	2843	53.7000	72.0000
2419	2855	51.8750	47.5500
2420	2839	53.9750	73.4500
2420	2853	34.4250	47.4500
2420	2854	42.0750	46.4000
2421	2859	61.8000	47.6500
2422	2843	54.3250	72.0000
2423	2855	51.3250	47.7500
2424	2839	54.6000	73.4500
2424	2853	33.8750	47.4500
2424	2854	41.4500	46.4000
2425	2859	62.2500	47.4500
2426	2843	55.0500	72.0000
2427	2855	50.6750	47.9500
2428	2839	55.3250	73.4500
2428	2853	33.4250	47.4500
2428	2854	40.8000	46.4000
2429	2859	62.6500	47.4500
2430	2843	55.7000	72.0000
2431	2855	50.1500	48.1500
2432	2839	55.9750	73.4500
2432	2846	56.2750	44.2500
2432	2853	32.8750	47.4500
2432	2854	40.2750	46.4000
2433	2859	63.0500	47.4500
2434	2843	56.3250	72.0000
2435	2855	49.4000	48.3500
2436	2839	56.6000	73.4500
2436	2846	56.2750	44.4500
2436	2853	32.4250	47.4500
2436	2854	39.6250	46.6000
2437	2859	63.4750	47.2250
2438	2843	57.0500	72.2000
2439	2855	48.7750	48.3500
2440	2839	57.2250	73.6500
2440	2846	56.3750	44.8500
2440	2853	31.8750	47.4500
2440	2854	39.0750	46.6000
2441	2859	63.9500	47.2250
2442	2843	57.7000	72.2000
2443	2855	48.0500	48.3500
2444	2839	57.8750	73.6500
2444	2846	56.2750	45.3750
2444	2853	31.4250	47.4500
2444	2854	38.4500	46.6000
2445	2859	64.3000	47.2250
2446	2843	58.4250	72.2000
2447	2855	47.4000	48.3500
2448	2839	58.5250	73.6500
2448	2846	56.0250	45.8000
2448	2853	30.8750	47.4500
2448	2854	37.9000	46.6000
2449	2859	64.3500	47.2250
2450	2843	59.0500	72.2000
2451	2855	46.7750	48.3500
2452	2839	59.1500	73.6500
2452	2846	55.7250	46.3000
2452	2853	30.4250	47.4500
2452	2854	37.2500	46.6000
2453	2859	64.4000	47.2250
2454	2843	59.7000	72.2000
2455	2855	46.0500	48.3500
2456	2839	59.7750	73.6500
2456	2846	55.4250	46.8000
2456	2853	29.8750	47.4500
2456	2854	36.6250	46.6000
2457	2859	64.4250	47.2250
2458	2843	60.4250	72.4000
2459	2855	45.4000	48.3500
2460	2839	60.4250	73.6500
2460	2846	54.7750	47.2250
2460	2853	29.3250	47.4500
2460	2854	36.0750	46.6000
2461	2843	61.0500	72.4000
2462	2855	44.6750	48.3500
2463	2839	61.0750	73.6500
2463	2846	54.0500	47.4500
2463	2853	28.8750	47.4500
2463	2854	35.4250	46.6000
2464	2843	61.7000	72.4000
2465	2855	44.0500	48.3500
2466	2839	61.7000	73.8500
2466	2846	53.4250	47.8500
2466	2853	28.3250	47.4500
2466	2854	34.8000	46.6000
2467	2843	62.4250	72.4000
2468	2855	43.4000	48.3500
2469	2839	62.4250	73.8500
2469	2846	52.9250	48.2500
2469	2853	27.8750	47.4500
2469	2854	34.2500	46.6000
2470	2843	63.0500	72.4000
2471	2855	42.8500	48.3500
2472	2839	63.0750	73.8500
2472	2846	52.4750	48.4750
2472	2853	27.3250	47.4500
2472	2854	33.6250	46.6000
2473	2857	1.8000	64.0500
2474	2855	42.3000	48.3500
2475	2846	51.9750	48.8750
2475	2853	26.8750	47.4500
2475	2854	33.0250	46.7000
2476	2857	1.7500	64.0500
2477	2855	41.7500	48.3500
2478	2846	51.4250	49.3000
2478	2853	26.3250	47.4500
2478	2854	32.4750	46.7000
2479	2857	1.7500	64.0500
2480	2855	41.2250	48.3500
2481	2846	50.8750	49.6000
2481	2853	25.8250	47.4500
2481	2854	31.9250	46.8000
2482	2857	1.7500	64.0500
2483	2855	40.6750	48.3500
2484	2846	50.3250	50.0000
2484	2853	25.2750	47.5500
2484	2854	31.3750	46.8000
2485	2857	1.7500	64.0500
2486	2855	40.1250	48.4500
2487	2846	49.7750	50.3250
2487	2853	24.8000	47.5500
2487	2854	30.9000	46.9000
2488	2857	1.7500	64.0500
2489	2855	39.5750	48.4500
2490	2846	49.2250	50.6500
2490	2853	24.3250	47.5500
2490	2854	30.3000	46.9000
2491	2860	0.9000	54.2500
2492	2857	1.7500	64.0500
2493	2855	39.0250	48.5750
2494	2846	48.6250	50.9500
2494	2853	23.8000	47.6500
2494	2854	29.7500	47.0000
2495	2860	1.5250	54.2500
2496	2857	1.7500	64.0500
2497	2855	38.5500	48.6750
2498	2846	48.0750	51.3500
2498	2853	23.3000	47.6500
2498	2854	29.2000	47.0000
2499	2860	2.2500	54.2500
2500	2857	1.7500	64.0500
2501	2855	38.0000	48.6750
2502	2846	47.5250	51.6500
2502	2853	22.7500	47.6500
2502	2854	28.7000	47.0000
2503	2860	2.9750	54.2500
2504	2857	1.7500	64.0500
2505	2855	37.4500	48.6750
2506	2846	46.9750	52.1000
2506	2853	22.2500	47.8500
2506	2854	28.1500	47.1250
2507	2860	3.6250	54.2500
2508	2857	1.7500	64.0500
2509	2855	36.9000	48.8000
2510	2846	46.4250	52.4000
2510	2853	21.7500	47.8500
2510	2854	27.5500	47.1250
2511	2860	4.3500	54.2500
2512	2857	1.7500	64.0500
2513	2855	36.4000	48.9000
2514	2846	45.8750	52.8000
2514	2853	21.2500	47.9500
2514	2854	27.0500	47.2250
2515	2860	5.0750	54.2500
2516	2857	1.7500	64.0500
2517	2855	35.8500	48.9000
2518	2846	45.2750	53.0000
2518	2853	20.7000	47.9500
2518	2854	26.5250	47.2250
2519	2860	5.8000	54.2500
2520	2857	1.7500	64.0500
2521	2855	35.3000	48.9000
2522	2846	44.7250	53.4250
2522	2853	20.2000	47.9500
2522	2854	25.9750	47.3250
2523	2860	6.4500	54.2500
2524	2857	1.7500	64.0500
2525	2855	34.8000	49.0000
2526	2846	44.1750	53.7250
2526	2853	19.6750	48.0500
2526	2854	25.4250	47.3250
2527	2860	7.1750	54.4500
2528	2857	1.7500	64.0500
2529	2855	34.2500	49.0000
2530	2846	43.6250	54.1500
2530	2853	19.2000	48.0500
2530	2854	24.8750	47.4250
2531	2860	7.9000	54.4500
2532	2857	1.7500	64.0500
2533	2855	33.7000	49.0000
2534	2846	42.9750	54.1500
2534	2853	18.6750	48.0500
2534	2854	24.3250	47.4250
2535	2860	8.6250	54.4500
2536	2861	0.4500	50.4500
2537	2857	1.7500	64.0500
2538	2855	33.0500	49.2000
2539	2846	42.3750	54.3500
2539	2853	18.1500	48.0500
2539	2854	23.7750	47.5250
2540	2860	9.2500	54.4500
2541	2861	0.9750	50.2000
2542	2857	1.7500	64.0500
2543	2855	32.4500	49.4000
2544	2846	41.7250	54.5500
2544	2853	17.6750	47.8500
2544	2854	23.3250	47.5250
2545	2860	10.0000	54.4500
2546	2861	1.6000	50.2000
2547	2857	1.7500	64.0500
2548	2855	31.7000	49.6000
2549	2846	41.0750	54.7500
2549	2853	17.2250	47.6500
2549	2854	22.7750	47.7500
2550	2860	10.7250	54.4500
2551	2861	2.2500	50.2000
2552	2857	1.7500	64.0500
2553	2855	31.0500	50.0000
2554	2846	40.3750	54.7500
2554	2853	16.7750	47.4500
2554	2854	22.3250	47.7500
2555	2860	11.4500	54.4500
2556	2861	2.9000	50.2000
2557	2857	1.7500	64.0500
2558	2855	30.4250	50.2000
2559	2846	39.7250	54.9750
2559	2853	16.2250	47.2250
2559	2854	21.7750	47.9500
2560	2860	12.0750	54.4500
2561	2861	3.5250	50.2000
2562	2857	1.7500	64.0500
2563	2855	29.7000	50.4500
2564	2846	39.0750	55.1750
2564	2853	15.7750	47.0250
2564	2854	21.2250	47.9500
2565	2860	12.8000	54.4500
2566	2861	4.1500	50.2000
2567	2857	1.7000	64.0500
2568	2855	29.0500	50.6500
2569	2846	38.4250	55.1750
2569	2853	15.3250	46.8000
2569	2854	20.7750	47.9500
2570	2860	13.5500	54.6500
2571	2861	4.8000	50.2000
2572	2857	1.7000	64.0500
2573	2855	28.3500	50.8500
2574	2846	37.8250	55.1750
2574	2853	14.7750	46.8000
2574	2854	20.1250	47.9500
2575	2860	14.2750	54.6500
2576	2861	5.4500	50.2000
2577	2857	1.7000	64.0500
2578	2855	27.7000	51.0500
2579	2846	37.0750	55.1750
2579	2853	14.2250	47.0250
2579	2854	19.4250	47.9500
2580	2860	14.9000	54.6500
2581	2861	6.0750	50.2000
2582	2857	1.7000	64.0500
2583	2855	27.0500	51.2500
2584	2846	36.3250	54.9750
2584	2853	13.6750	47.0250
2584	2854	18.6750	47.9500
2585	2860	15.6250	54.6500
2586	2859	63.9750	47.7500
2587	2861	6.7000	50.2000
2588	2857	1.7000	64.0500
2589	2855	26.4250	51.2500
2590	2846	35.7250	54.7500
2590	2853	13.1250	47.2250
2590	2854	17.9750	47.9500
2591	2860	16.3500	54.6500
2592	2859	63.5250	47.7500
2593	2861	7.3500	50.2000
2594	2857	1.7000	64.0500
2595	2855	25.8000	51.4500
2596	2846	34.9750	54.7500
2596	2853	12.5750	47.4500
2596	2854	17.3250	47.9500
2597	2860	17.1000	54.6500
2598	2859	63.0750	47.5500
2599	2861	8.0000	50.2000
2600	2857	1.7000	64.0500
2601	2855	25.1500	51.6500
2602	2846	34.2750	54.5500
2602	2853	12.0500	47.4500
2602	2854	16.5750	47.9500
2603	2860	17.7250	54.6500
2604	2859	62.5250	47.5500
2605	2861	8.6250	50.2000
2606	2857	1.7000	64.0500
2607	2855	24.5000	51.8750
2608	2846	33.6250	54.5500
2608	2853	11.5000	47.6500
2608	2854	15.8750	47.9500
2609	2860	18.4500	54.6500
2610	2859	62.0750	47.3500
2611	2861	9.2500	50.2000
2612	2857	1.6750	64.0500
2613	2855	23.8750	52.1000
2614	2846	32.8750	54.3500
2614	2853	10.9500	47.8500
2614	2854	15.1250	47.9500
2615	2860	19.1750	54.6500
2616	2859	61.6000	47.3500
2617	2861	9.9000	50.2000
2618	2857	1.6750	64.0500
2619	2855	23.2500	52.1000
2620	2846	32.2500	54.3500
2620	2853	10.5000	48.0500
2620	2854	14.5000	47.9500
2621	2860	19.9000	54.8500
2622	2859	61.0500	47.1250
2623	2861	10.5500	50.2000
2624	2857	1.6750	64.0500
2625	2855	22.6000	52.5000
2626	2846	31.6250	54.3500
2626	2853	9.9500	47.8500
2626	2854	13.9500	47.9500
2627	2860	20.6500	54.8500
2628	2859	60.6000	47.1250
2629	2861	11.1750	50.2000
2630	2857	1.6750	64.0500
2631	2855	22.0500	52.9000
2632	2846	30.9750	54.3500
2632	2853	9.5000	47.6500
2632	2854	13.4750	47.9500
2633	2860	21.2750	54.8500
2634	2859	60.1500	47.1250
2635	2861	11.8000	50.2000
2636	2857	1.6750	64.0500
2637	2855	21.5000	53.1000
2638	2846	30.4250	54.3500
2638	2853	8.9500	47.6500
2638	2854	12.9500	47.9500
2639	2860	22.0000	54.8500
2640	2859	59.7000	46.9000
2641	2861	12.4500	50.2000
2642	2857	1.6750	64.0500
2643	2855	20.9500	53.5250
2644	2846	29.7750	54.3500
2644	2853	8.5000	47.4500
2644	2854	12.4750	47.9500
2645	2860	22.7500	54.8500
2646	2859	59.1500	46.9000
2647	2861	13.1000	50.2000
2648	2857	1.6750	64.0500
2649	2855	20.4000	53.9500
2650	2846	29.1750	54.3500
2650	2853	8.0250	47.4500
2650	2854	11.9500	47.9500
2651	2860	23.4500	54.8500
2652	2859	58.7000	46.7000
2653	2861	13.7250	50.2000
2654	2857	1.6750	64.0500
2655	2855	19.8500	54.3500
2656	2846	28.6250	54.3500
2656	2853	7.4750	47.2250
2656	2854	11.4750	47.9500
2657	2860	24.2000	54.8500
2658	2859	58.2500	46.7000
2659	2861	14.3500	50.2000
2660	2857	1.6750	64.0500
2661	2855	19.3250	54.5500
