0	3047	54.8250	4.2750
0	3057	55.1500	40.8250
1	3064	57.8000	47.3250
1	3065	58.1000	45.5250
2	3053	51.6750	52.4000
2	3054	49.9500	50.0000
2	3055	50.0750	51.5500
2	3069	51.4250	50.8250
3	3047	54.9000	5.2000
3	3057	55.1500	40.8250
4	3068	51.1000	44.4000
5	3064	57.3500	47.1750
5	3065	57.7500	45.3250
6	3053	52.0750	52.2000
6	3054	50.3250	49.8000
6	3055	50.4250	51.3750
6	3069	51.7750	50.6500
7	3047	55.0750	6.1000
7	3057	55.2000	40.8250
8	3068	51.0250	44.7750
9	3064	57.0000	47.1750
9	3065	57.4000	45.3250
10	3053	52.5250	52.1000
10	3054	50.7500	49.8000
10	3055	50.8750	51.3750
10	3069	52.2250	50.5500
11	3047	55.2750	7.0250
11	3057	55.2500	40.8250
12	3043	30.4750	66.6750
13	3068	51.0250	45.3250
14	3064	56.6500	47.0750
14	3065	57.1500	45.1250
15	3053	52.9750	52.1000
15	3054	51.2000	49.8000
15	3055	51.3250	51.3750
15	3069	52.6750	50.4500
16	3047	55.3500	7.9500
16	3057	55.3000	40.8250
17	3058	34.0750	66.3000
18	3043	30.0250	66.4750
19	3068	51.0250	45.8000
20	3064	56.3000	46.9750
20	3065	56.7750	45.1250
21	3053	53.4250	51.9250
21	3054	51.6500	49.8000
21	3055	51.7750	51.2000
21	3069	53.1250	50.3750
22	3051	15.6500	51.9250
22	3052	15.8000	53.4000
22	3060	40.2000	60.6250
22	3061	29.0750	47.3500
22	3070	16.2250	54.2000
23	3047	55.5250	8.8500
23	3057	55.3500	40.8250
24	3058	33.7250	66.3000
25	3043	29.6750	66.4750
26	3068	51.0250	46.2500
27	3064	55.9250	46.9750
27	3065	56.5000	45.1250
28	3053	53.8750	51.9250
28	3054	52.0750	49.8000
28	3055	52.2250	51.2000
28	3069	53.5750	50.3750
29	3051	15.9500	51.7500
29	3052	16.0750	53.2000
29	3060	40.0000	59.7000
29	3061	29.4500	46.9750
29	3070	16.4750	54.2000
30	3047	55.7000	9.7750
30	3057	55.4000	40.8250
31	3058	33.4750	66.4750
32	3043	29.3000	66.3000
33	3068	51.0250	46.7000
34	3050	6.1750	53.3000
34	3064	55.5750	46.8750
34	3065	56.1500	44.9750
35	3053	54.3250	51.8250
35	3054	52.5250	49.8000
35	3055	52.6750	51.2000
35	3069	53.9250	50.1750
36	3051	16.3000	51.5500
36	3052	16.3250	53.0250
36	3060	39.9250	58.9750
36	3061	29.9000	46.8000
36	3070	16.7250	54.2000
37	3047	55.7000	10.3250
37	3057	55.4500	40.8250
38	3058	33.1750	66.4750
39	3043	28.8500	66.3000
40	3068	51.0250	47.2500
41	3050	6.7000	53.1250
41	3064	55.2000	46.8750
41	3065	55.8000	44.9750
42	3053	54.7750	51.8250
42	3054	52.9750	49.8000
42	3055	53.1250	51.2000
42	3069	54.3750	50.1750
43	3051	16.5500	51.5500
43	3052	16.6250	52.8500
43	3060	39.7500	58.0500
43	3061	30.2500	46.6000
43	3070	17.0250	54.2000
44	3047	55.7750	10.7000
44	3057	55.4750	40.8250
45	3058	33.0250	66.4750
46	3043	28.7750	66.1250
47	3068	51.0250	48.0000
48	3050	7.3500	53.0250
48	3064	54.7750	46.7000
48	3065	55.4500	44.7750
49	3053	55.3000	51.6500
49	3054	53.5250	49.6500
49	3055	53.6750	51.0000
49	3069	54.9000	50.0000
50	3051	16.9000	51.3750
50	3052	16.9250	52.8500
50	3060	39.6500	57.3250
50	3061	30.7000	46.4250
50	3070	17.2750	54.2000
51	3047	55.7750	11.2500
51	3057	55.4750	40.8250
52	3058	33.0250	66.4750
53	3043	28.7750	66.1250
54	3068	51.0250	48.5500
55	3050	7.9500	52.9250
55	3064	54.3250	46.7000
55	3065	55.1000	44.7750
56	3053	55.8250	51.6500
56	3054	54.0500	49.6500
56	3055	54.1750	51.0000
56	3069	55.5250	49.8250
57	3051	17.2750	51.3750
57	3052	17.1750	52.6500
57	3060	39.5500	56.4250
57	3061	31.2250	46.4250
57	3063	50.7750	64.7250
57	3070	17.5250	54.2000
58	3047	55.7750	11.8000
58	3057	55.5750	40.6500
59	3058	33.0250	66.4750
60	3043	28.7000	66.1250
61	3068	51.1000	49.1000
62	3050	8.5000	52.9250
62	3064	53.8750	46.7000
62	3065	54.6500	44.5750
63	3053	56.3750	51.6500
63	3054	54.6750	49.6500
63	3055	54.7250	50.8250
63	3069	56.0500	49.6250
64	3051	17.5500	51.2000
64	3052	17.4750	52.4750
64	3060	39.4000	55.6750
64	3061	31.8500	46.4250
64	3063	50.9250	65.1250
64	3070	17.8250	54.0500
65	3047	55.8750	12.1500
65	3057	55.5750	40.6500
66	3058	32.9250	66.4750
67	3043	28.7000	66.1250
68	3068	51.3750	49.4500
69	3050	9.1000	52.7500
69	3064	53.4250	46.7000
69	3065	54.2000	44.5750
70	3053	56.9250	51.4750
70	3054	55.2250	49.4500
70	3055	55.2750	50.8250
70	3069	56.6750	49.6250
71	3051	17.9000	51.2000
71	3052	17.8750	52.4750
71	3060	39.3000	54.9500
71	3061	32.3750	46.4250
71	3063	51.2250	65.6750
71	3070	18.2750	54.0500
72	3047	55.8750	12.7000
72	3057	55.5750	40.6500
73	3058	32.9250	66.4750
74	3043	28.6000	66.1250
75	3059	44.3250	70.3250
76	3068	51.5500	49.6500
77	3050	9.7500	52.7500
77	3064	53.0000	46.7000
77	3065	53.8500	44.4250
78	3053	57.4250	51.4750
78	3054	55.8250	49.4500
78	3055	55.7750	50.6500
78	3069	57.3000	49.4500
79	3051	18.3500	51.2000
79	3052	18.2750	52.4750
79	3060	39.2000	54.4000
79	3061	33.0250	46.6000
79	3063	51.4750	66.2250
79	3070	18.6250	54.0500
80	3047	55.9750	13.2500
80	3057	55.5750	40.6500
81	3058	32.9250	66.4750
82	3043	28.6000	66.1250
83	3059	43.8500	69.7750
84	3068	51.7500	50.0000
85	3050	10.3000	52.7500
85	3064	52.5500	46.7000
85	3065	53.4000	44.4250
86	3053	57.9750	51.4750
86	3054	56.3750	49.4500
86	3055	56.3250	50.6500
86	3069	57.8500	49.2750
87	3051	18.7000	51.2000
87	3052	18.6250	52.4750
87	3060	39.1250	53.8500
87	3061	33.5500	46.6000
87	3063	51.7250	66.5750
87	3070	18.9750	53.8500
88	3047	55.9750	13.6250
88	3057	55.5750	40.6500
89	3046	1.6250	50.3500
89	3058	32.8250	66.4750
89	3062	1.2250	49.2750
90	3043	28.5000	66.1250
91	3059	43.4000	69.2250
92	3068	52.0000	50.3500
93	3050	10.9500	52.5750
93	3064	52.1750	46.5250
93	3065	53.0500	44.2250
94	3053	58.6000	51.4750
94	3054	56.9250	49.2500
94	3055	56.8750	50.6500
94	3069	58.3750	49.2750
95	3051	19.0500	51.0000
95	3052	18.9750	52.3000
95	3060	39.0250	53.3000
95	3061	34.1750	46.6000
95	3063	52.0250	67.1250
95	3070	19.4250	53.8500
96	3047	56.0750	14.1750
96	3057	55.5750	40.6500
97	3046	1.8000	50.3500
97	3058	32.8250	66.4750
97	3062	1.7500	49.0750
98	3043	28.5000	66.1250
99	3059	42.9500	68.6750
100	3068	52.1750	50.7500
101	3050	11.5250	52.5750
101	3064	51.8250	46.5250
101	3065	52.6000	44.2250
102	3053	59.2250	51.4750
102	3054	57.3500	49.2500
102	3055	57.3750	50.6500
102	3069	58.9250	49.2750
103	3051	19.4000	51.0000
103	3052	19.4250	52.3000
103	3060	38.9500	52.7500
103	3061	34.7000	46.8000
103	3063	52.2750	67.6750
103	3070	19.7750	53.6500
104	3047	56.0750	14.7250
104	3057	55.5750	40.6500
105	3046	2.6750	50.7500
105	3058	32.8250	66.3000
105	3062	2.3000	49.0750
106	3043	28.4250	66.1250
107	3059	42.6750	68.1250
108	3068	52.4500	51.1000
109	3050	12.1000	52.5750
109	3064	51.4750	46.5250
109	3065	52.2250	44.2250
110	3053	59.7750	51.4750
110	3054	57.8000	49.2500
110	3055	57.8250	50.6500
110	3069	59.4500	49.2750
111	3051	19.7500	51.0000
111	3052	19.7750	52.3000
111	3060	38.8500	52.2000
111	3061	35.1500	46.8000
111	3063	52.5250	68.0250
111	3070	20.1250	53.6500
112	3047	56.0750	15.2750
112	3057	55.5750	40.6500
113	3046	3.3250	50.7500
113	3058	32.7250	66.3000
113	3062	2.8500	49.0750
114	3043	28.4250	66.1250
115	3059	42.4250	67.7750
116	3068	52.5500	51.4500
117	3050	12.7250	52.5750
117	3064	51.1000	46.5250
117	3065	51.8500	44.2250
118	3053	60.3750	51.4750
118	3054	58.2500	49.2500
118	3055	58.2750	50.6500
118	3069	59.9750	49.2750
119	3051	20.2000	51.0000
119	3052	20.1250	52.3000
119	3060	38.7500	51.6500
119	3061	35.6750	46.9000
119	3063	52.8250	68.5750
119	3070	20.5750	53.5000
120	3047	55.9750	16.2750
120	3057	55.6500	40.6500
121	3046	3.6750	50.5500
121	3058	32.7250	66.3000
121	3062	3.3500	49.0750
122	3043	28.3250	66.1250
123	3066	63.0500	45.8750
124	3059	42.1500	67.4000
125	3068	52.7250	52.0000
126	3050	13.3500	52.3750
126	3064	50.7500	46.5250
126	3065	51.5000	44.2250
127	3053	60.9250	51.4750
127	3054	58.6750	49.2500
127	3055	58.8250	50.6500
127	3069	60.5250	49.2750
128	3051	20.5750	50.8250
128	3052	20.5750	52.1000
128	3060	38.6750	51.1000
128	3061	36.1250	46.9000
128	3063	53.0750	69.1250
128	3070	20.9250	53.5000
129	3047	55.9750	17.3750
129	3057	55.6500	40.6500
130	3046	4.0250	50.5500
130	3058	32.7250	66.3000
130	3062	3.9000	48.9000
131	3043	28.3250	66.1250
132	3066	62.4250	45.5000
133	3059	41.8750	67.0250
134	3068	52.9000	52.4000
135	3050	13.9000	52.3750
135	3064	50.4500	46.5250
135	3065	51.0500	44.2250
136	3053	61.4750	51.2750
136	3054	59.2250	49.1000
136	3055	59.3750	50.4500
136	3069	61.0500	49.2750
137	3051	20.9500	50.8250
137	3052	20.9250	52.1000
137	3060	38.6750	50.7250
137	3061	36.4000	46.7000
137	3063	53.3250	69.5250
137	3070	21.3750	53.5000
138	3047	55.8750	17.9250
138	3057	55.6500	40.6500
139	3046	4.3750	50.3500
139	3058	32.7250	66.3000
139	3062	4.4500	48.9000
140	3043	28.3250	66.1250
141	3066	61.9000	45.3250
142	3059	41.6250	66.6750
143	3068	53.0750	52.9500
144	3050	14.5000	52.3750
144	3064	50.1000	46.5250
144	3065	50.7000	44.2250
145	3053	61.9000	51.2750
145	3054	59.7750	49.1000
145	3055	59.8750	50.3750
145	3069	61.6750	49.2750
146	3051	21.3000	50.8250
146	3052	21.2750	52.1000
146	3060	38.5000	50.0000
146	3061	36.6750	46.3500
146	3063	53.6250	70.0750
146	3070	21.7250	53.3000
147	3047	55.8750	18.6750
147	3057	55.6500	40.6500
148	3046	4.7500	50.2000
148	3058	32.6750	66.3000
148	3062	5.0500	48.9000
149	3043	28.2500	66.1250
150	3066	61.3750	45.1500
151	3059	41.2750	66.3000
152	3068	53.2500	53.5000
153	3050	15.1500	52.3750
153	3064	49.7500	46.3250
153	3065	50.3500	44.0250
154	3053	62.3500	51.2750
154	3054	60.3000	49.1000
154	3055	60.4250	50.2750
154	3069	62.2250	49.2750
155	3051	21.6500	50.8250
155	3052	21.6250	52.1000
155	3060	38.3250	49.2750
155	3061	36.9250	45.9500
155	3063	53.8750	70.6250
155	3070	22.0750	53.3000
156	3047	55.8750	19.2250
156	3057	55.6500	40.6500
157	3046	5.1750	50.2000
157	3058	32.6750	66.3000
157	3062	5.6000	48.9000
158	3043	28.2500	66.1250
159	3066	60.8250	44.9500
160	3059	40.9000	65.7500
161	3068	53.3500	53.8500
162	3050	15.7500	52.3750
162	3064	49.2000	46.3250
162	3065	49.9000	44.0250
163	3053	62.7750	51.2750
163	3054	60.8250	49.1000
163	3055	60.9750	50.1750
163	3069	62.8250	49.2750
164	3051	22.1000	50.6500
164	3052	22.0750	51.9250
164	3060	38.1500	48.5250
164	3061	37.3750	45.9500
164	3063	54.1250	70.9750
164	3070	22.5250	53.1000
165	3047	55.8750	19.7750
165	3057	55.6500	40.6500
166	3046	5.5500	50.0000
166	3058	32.6750	66.3000
166	3062	6.1500	48.7250
167	3043	28.4250	66.1250
168	3066	60.2000	44.9500
169	3059	40.5500	65.2000
170	3068	53.4250	54.2000
171	3050	16.3000	52.3750
171	3064	48.7500	46.1500
171	3065	49.4500	44.0250
172	3054	61.3750	49.1000
172	3055	61.5750	50.1750
173	3051	22.4500	50.6500
173	3052	22.4250	51.9250
173	3060	37.9500	47.9750
173	3061	37.8250	45.8000
173	3063	54.4250	71.5250
173	3070	22.8750	53.1000
174	3047	55.8750	20.3250
174	3057	55.6500	40.6500
175	3046	5.9250	49.8000
175	3058	32.7250	66.1250
175	3062	6.6500	48.7250
176	3043	28.7000	66.1250
177	3066	59.6750	44.9500
178	3059	40.1750	64.8250
179	3068	53.5250	54.6000
180	3050	16.9000	52.3750
180	3064	48.3000	45.9750
180	3065	48.9500	43.8750
181	3054	62.0750	49.1000
181	3055	62.3250	50.1750
182	3051	22.9000	50.6500
182	3052	22.8750	51.9250
182	3060	37.7750	47.2500
182	3061	38.2750	45.6000
182	3063	54.6750	72.0750
182	3070	23.3250	52.9500
183	3047	55.8750	21.0500
183	3057	55.6500	40.6500
183	3067	49.1000	24.1750
184	3046	6.3500	49.8000
184	3058	32.8250	65.9250
184	3062	7.2000	48.7250
185	3043	28.9500	66.1250
186	3066	59.1250	44.9500
187	3059	39.9250	64.2750
188	3068	53.6000	54.9500
189	3050	17.5500	52.3750
189	3064	47.8500	45.9750
189	3065	48.5000	43.8750
190	3051	23.3000	50.4500
190	3052	23.2250	51.7500
190	3060	37.6000	46.5250
190	3061	38.6250	45.4000
190	3063	54.9250	72.4250
190	3070	23.6750	52.9500
191	3047	55.8750	21.6000
191	3057	55.6500	40.6500
191	3067	49.0250	23.4250
192	3046	7.3250	49.8000
192	3058	32.9250	65.7500
192	3062	7.7500	48.7250
193	3043	29.2250	66.1250
194	3066	58.6000	44.9500
195	3059	39.8250	63.5500
196	3068	53.7000	55.3000
197	3050	18.1500	52.3750
197	3064	47.4000	45.7750
197	3065	48.0500	43.6750
198	3051	23.7000	50.4500
198	3052	23.6750	51.7500
198	3060	37.4250	45.7750
198	3061	38.7250	44.8500
198	3063	55.2250	72.9750
198	3070	24.1250	52.9500
199	3047	55.8750	22.1500
199	3057	55.6500	40.4750
199	3067	48.9250	22.8750
200	3046	8.2750	49.8000
200	3058	33.0250	65.7500
200	3062	8.2500	48.7250
201	3043	28.7000	65.9250
202	3066	57.9750	44.8500
203	3059	39.7250	63.0000
204	3068	53.7000	55.5000
205	3050	18.3500	52.0250
205	3064	46.8750	45.6000
205	3065	47.6000	43.6750
206	3051	24.1000	50.4500
206	3052	24.0500	51.7500
206	3060	37.2500	45.2250
206	3061	38.9000	44.1500
206	3063	55.4750	73.5250
206	3070	24.4750	52.7500
207	3047	55.8750	22.7000
207	3057	55.5750	40.1000
207	3067	48.8500	22.3250
208	3046	8.3750	49.6500
208	3058	32.5750	65.5750
208	3062	8.3500	48.3500
209	3043	27.9000	65.4750
210	3066	57.3500	44.7000
211	3059	39.5750	62.2750
212	3068	53.7000	55.5000
213	3050	18.6000	51.6500
213	3064	46.4500	45.6000
213	3065	47.1500	43.6750
214	3051	24.5500	50.2750
214	3052	24.4250	51.5500
214	3060	37.1500	44.5000
214	3061	39.0250	43.6000
214	3063	55.7250	74.0750
214	3070	24.8750	52.7500
215	3047	55.8750	23.4250
215	3057	55.4750	39.9250
215	3067	48.7500	21.7750
216	3046	8.0750	49.4500
216	3058	31.8750	65.3750
216	3062	8.2000	48.1750
217	3043	27.2000	65.1250
218	3066	56.6500	44.5000
219	3059	39.1250	61.9000
220	3068	53.6000	55.5000
221	3050	18.9000	51.4750
221	3064	46.0000	45.4250
221	3065	46.7000	43.4750
222	3051	24.9000	50.2750
222	3052	24.8750	51.5500
222	3060	36.9750	43.9500
222	3061	39.1250	42.8500
222	3063	55.9250	74.6250
222	3070	25.2750	52.5500
223	3047	55.8750	23.9750
223	3057	55.4000	39.5500
223	3067	48.7500	21.2250
224	3046	8.4250	49.1000
224	3058	31.2250	65.2000
224	3062	8.4500	47.9750
225	3043	27.2000	65.1250
226	3066	56.0250	44.5000
227	3059	38.6750	61.3500
228	3068	53.6000	55.5000
229	3050	19.0500	51.1000
229	3064	45.6500	45.2250
229	3065	46.3500	43.3250
230	3051	25.3500	50.2750
230	3052	25.2250	51.5500
230	3060	36.9000	43.2250
230	3061	39.3000	42.3000
230	3063	56.1750	75.1750
230	3070	25.6750	52.5500
231	3047	55.8750	24.5250
231	3057	55.2500	39.3750
231	3067	48.7500	20.5000
232	3046	8.8500	48.7000
232	3058	31.1250	65.2000
232	3062	8.8000	47.8000
233	3043	27.2000	65.1250
234	3066	55.3000	44.5000
235	3059	38.2250	60.9750
236	3068	53.5250	55.5000
237	3050	19.3250	50.9250
237	3064	45.2000	45.0500
237	3065	45.9000	43.1250
238	3051	25.7500	50.1000
238	3052	25.6750	51.3750
238	3060	36.7000	42.4750
238	3061	39.5750	41.7500
238	3063	56.4750	75.7250
238	3070	26.1250	52.4000
239	3047	55.8750	25.2750
239	3057	55.2500	39.3750
239	3067	48.7500	19.9500
240	3046	9.3750	48.7000
240	3058	31.0500	65.2000
240	3062	9.1500	47.6250
241	3043	27.2000	65.1250
242	3066	54.6000	44.5000
243	3059	37.8750	60.6250
244	3068	53.5250	55.3000
245	3050	19.7000	50.5500
245	3064	44.7500	45.0500
245	3065	45.4500	43.0250
246	3051	26.1500	50.1000
246	3052	26.0250	51.3750
246	3060	36.7000	41.7500
246	3061	39.8250	41.2000
246	3063	56.7250	76.2750
246	3070	26.4750	52.4000
247	3047	55.8750	25.8250
247	3057	55.1500	39.5500
247	3067	48.7500	19.4000
248	3046	9.8250	48.7000
248	3058	30.9750	65.2000
248	3062	9.6000	47.4250
249	3043	27.2000	65.1250
250	3066	53.9250	44.7000
251	3059	37.2500	60.0750
252	3068	53.4250	55.3000
253	3050	20.3000	50.5500
253	3064	44.3000	44.8750
253	3065	45.1000	42.8500
254	3051	26.5500	49.9000
254	3052	26.4750	51.2000
254	3060	36.7000	41.0250
254	3061	40.1000	40.6500
254	3063	56.9250	76.8250
254	3070	26.9250	52.4000
255	3047	55.8750	26.3750
255	3057	55.1500	39.5500
255	3067	48.7500	18.8500
256	3046	10.3750	48.7000
256	3058	30.9750	65.3750
256	3062	10.1500	47.4250
257	3043	27.2000	65.1250
258	3066	53.1750	44.3000
259	3059	36.7250	59.7000
260	3068	53.4250	55.3000
261	3050	20.8500	50.5500
261	3064	43.8500	44.6750
261	3065	44.6500	42.6750
262	3051	27.0000	49.9000
262	3052	26.8250	51.2000
262	3060	36.7000	40.1000
262	3061	40.4750	40.3000
262	3063	57.1750	77.3750
262	3070	27.2750	52.2000
263	3047	55.8750	26.9250
263	3057	55.1500	39.7250
263	3067	48.7500	18.3000
264	3046	10.8250	48.7000
264	3058	30.9750	65.3750
264	3062	10.6750	47.3250
265	3043	27.2000	65.1250
266	3066	52.5500	44.1500
267	3059	36.1750	59.1500
268	3068	53.3500	55.3000
269	3050	21.4500	50.5500
269	3064	43.5000	44.5000
269	3065	44.2000	42.4750
270	3051	27.3500	49.9000
270	3052	27.2750	51.2000
270	3060	36.7000	39.3750
270	3061	40.7250	39.3500
270	3063	57.4250	77.9250
270	3070	27.7250	52.2000
271	3047	55.8750	27.6500
271	3057	55.1000	39.3750
271	3067	48.7500	17.5750
272	3046	11.2750	48.6250
272	3058	30.9750	65.3750
272	3062	11.1500	47.3250
273	3043	27.2000	65.1250
274	3066	52.2250	44.1500
275	3059	35.6250	58.8000
276	3068	53.3500	55.3000
277	3050	22.1000	50.5500
277	3064	42.9500	44.1250
277	3065	43.7500	42.3000
278	3051	27.8250	49.7250
278	3052	27.6750	51.0000
278	3060	36.6500	38.6250
278	3061	40.9000	38.7250
278	3063	57.8000	78.1250
278	3070	28.0750	52.0000
279	3047	55.8250	28.1000
279	3057	55.1000	39.1750
279	3067	48.7500	17.0250
280	3046	11.7750	48.5500
280	3058	31.0500	65.3000
280	3062	11.7000	47.3250
281	3043	27.3000	64.9250
282	3066	51.4750	44.0250
283	3059	35.1250	58.5250
284	3068	53.3500	55.1500
285	3050	22.7000	50.5500
285	3064	42.7250	43.6750
285	3065	43.6000	42.1250
286	3051	28.3750	49.7250
286	3052	28.2000	51.0000
286	3060	36.6250	38.1750
286	3061	41.0750	38.2750
286	3063	58.2000	78.5750
286	3070	28.5750	52.0000
287	3047	55.8750	28.5750
287	3057	55.1000	39.1750
287	3067	48.7500	16.3750
288	3046	12.3250	48.5500
288	3058	31.2250	65.3000
288	3062	12.2750	47.3250
289	3043	27.5000	64.9250
290	3066	50.8000	44.0500
291	3059	34.5250	58.3250
292	3068	53.3500	55.1500
293	3050	23.3500	50.5500
293	3064	42.4750	43.3000
293	3065	43.3500	41.9250
294	3051	28.9250	49.6500
294	3052	28.7250	50.8250
294	3060	36.6250	37.9000
294	3061	41.2000	37.7250
294	3063	58.6000	79.0500
294	3070	29.1250	51.9250
295	3047	55.9000	28.9250
295	3057	55.1000	39.1750
295	3067	48.8000	15.8250
296	3046	12.9250	48.5500
296	3058	31.4250	65.3000
296	3062	12.8250	47.3250
297	3043	27.7500	64.9250
298	3066	50.1750	44.0500
299	3059	34.0000	58.1500
300	3068	53.3500	55.1500
301	3050	23.9500	50.5500
301	3064	42.2000	42.8500
301	3065	43.1750	41.6500
302	3051	29.4500	49.5500
302	3052	29.2750	50.8250
302	3063	59.0500	79.5000
302	3070	29.6750	51.9250
303	3047	55.8750	29.3750
303	3067	48.8500	15.1750
304	3046	13.4750	48.5500
304	3058	31.6250	65.2000
304	3062	13.4000	47.3250
305	3043	27.9500	64.9250
306	3066	49.5750	44.0500
307	3059	33.4250	57.9750
308	3068	53.3500	55.1500
309	3050	24.6000	50.5500
309	3064	41.9750	42.4000
309	3065	42.9500	41.4750
310	3051	29.9750	49.4500
310	3052	29.8000	50.7250
310	3063	59.4500	79.9500
310	3070	30.1750	51.8500
311	3047	55.8250	29.8250
311	3067	48.9000	14.5250
312	3046	14.0250	48.5500
312	3058	31.8250	65.2000
312	3062	13.9250	47.3250
313	3043	28.1000	64.9250
314	3066	48.9750	43.8500
315	3059	32.8250	57.7750
316	3068	53.3500	55.0500
317	3050	25.2000	50.5500
317	3064	41.6750	41.9250
317	3065	42.7750	41.2000
318	3051	30.5250	49.4500
318	3052	30.3750	50.5500
318	3063	59.8500	80.3250
318	3070	30.6250	51.7500
319	3047	55.5750	30.3750
319	3067	48.9500	13.9000
320	3046	14.5750	48.4500
320	3058	32.0250	65.2000
320	3062	14.5250	47.4250
321	3043	28.3750	64.9250
322	3066	48.3750	43.8500
323	3059	32.3000	57.6000
324	3068	53.3500	55.0500
325	3050	25.8500	50.5500
325	3064	41.4250	41.4750
325	3065	42.5500	40.9250
326	3051	31.0500	49.2500
326	3052	30.9250	50.5500
326	3063	60.2500	80.8000
326	3070	31.1750	51.7500
327	3047	55.3750	30.9250
327	3067	48.9500	13.2500
328	3046	15.1250	48.4500
328	3058	32.2250	65.2000
328	3062	15.0250	47.4250
329	3043	28.5500	64.9250
330	3066	47.8250	43.6750
331	3059	31.7750	57.4250
332	3068	53.3500	55.0500
333	3050	26.4500	50.5500
333	3064	41.2500	41.1250
333	3065	42.4750	40.6500
334	3051	31.5750	49.2500
334	3052	31.4500	50.3750
334	3063	60.7000	81.2500
334	3070	31.6750	51.5500
335	3047	55.1250	31.4750
335	3067	48.9750	12.7000
336	3046	15.6750	48.4500
336	3058	32.4250	65.1000
336	3062	15.6250	47.4250
337	3043	28.7750	64.9250
338	3066	47.2750	43.6000
339	3059	31.2000	57.2250
340	3068	53.4250	55.0500
341	3050	27.1000	50.5500
341	3064	41.0500	40.6500
341	3065	42.2750	40.3750
342	3051	32.1250	49.1000
342	3052	31.9750	50.3750
342	3063	61.1000	81.6000
342	3070	32.2250	51.5500
343	3047	54.7750	31.8500
343	3067	49.0500	12.0500
344	3046	16.2250	48.4500
344	3058	32.6250	65.1000
344	3062	16.1750	47.4250
345	3043	28.9500	64.9250
346	3066	46.6750	43.6000
347	3059	30.6000	57.0750
348	3068	53.4250	54.8500
349	3050	27.7000	50.5500
349	3064	40.8500	40.2000
349	3065	42.2000	40.1000
350	3051	32.6500	49.1000
350	3052	32.5750	50.1750
350	3063	61.5000	82.0750
350	3070	32.7000	51.4750
351	3047	54.3250	32.2250
351	3067	49.0500	11.5000
352	3046	16.8250	48.3500
352	3058	32.7750	65.1000
352	3062	16.7750	47.6250
353	3043	29.1750	64.9250
354	3066	46.1750	43.4000
355	3059	30.0750	56.7750
356	3068	53.4250	54.8500
357	3050	28.3500	50.5500
357	3064	40.6250	39.7250
357	3065	42.0250	39.7250
358	3051	33.2000	49.0000
358	3052	33.1000	50.0750
358	3063	61.9000	82.4250
358	3070	33.1750	51.3750
359	3047	53.8750	32.7750
359	3067	49.1000	10.8000
360	3046	17.5250	48.3500
360	3058	32.9750	65.0250
360	3062	17.5000	47.6250
361	3043	29.4000	64.8250
362	3066	45.6250	43.4000
363	3059	29.5000	56.6000
364	3068	53.4250	54.8500
365	3050	28.9500	50.5500
365	3064	40.4000	39.2750
365	3065	41.9250	39.3750
366	3051	33.7250	48.9000
366	3052	33.6500	50.0000
366	3063	62.3500	82.9750
366	3070	33.7250	51.2750
367	3047	53.4250	33.1250
367	3067	49.1000	10.1500
368	3046	18.1750	48.3500
368	3058	33.2000	65.0250
368	3062	18.1750	47.6250
369	3043	29.5750	64.8250
370	3066	45.0750	43.3000
371	3059	29.0500	56.4250
372	3068	53.4250	54.8500
373	3050	29.6000	50.5500
373	3064	40.3250	39.1000
373	3065	41.9250	38.8250
374	3051	34.2500	48.8000
374	3052	34.1750	49.9250
374	3063	62.7250	83.4250
374	3070	34.2750	51.2750
375	3047	52.9750	33.5000
375	3067	49.2000	9.4000
376	3046	18.8750	48.3500
376	3058	33.4250	65.0250
376	3062	18.8750	47.6250
377	3043	29.8000	64.8250
378	3066	44.6250	43.2000
379	3059	28.8500	56.4250
380	3068	53.4250	54.8500
381	3050	30.2000	50.5500
381	3064	40.1500	38.7250
381	3065	41.9250	38.4500
382	3045	0.7000	45.4250
382	3051	34.8500	48.8000
382	3052	34.7500	49.9250
382	3063	63.1500	83.8250
382	3070	34.8000	51.2750
383	3047	52.6250	34.0500
383	3067	49.2000	8.5000
384	3046	19.5250	48.3500
384	3058	33.5750	64.9250
384	3062	19.5500	47.8000
385	3043	30.0250	64.8250
386	3066	44.1250	43.1250
387	3059	28.7000	56.2250
388	3068	53.4250	54.7750
389	3050	30.8250	50.5500
390	3049	48.7000	33.5000
391	3048	63.4750	24.0750
392	3045	1.1250	45.5250
392	3051	35.4500	49.0000
392	3052	35.3000	50.0750
392	3063	63.4750	84.0750
392	3070	35.4250	51.5500
393	3047	52.2750	34.6000
393	3067	49.2250	7.7500
394	3046	20.2250	48.3500
394	3058	33.7750	64.9250
394	3062	20.2250	47.8000
395	3043	30.2000	64.8250
396	3066	43.5750	43.1250
397	3059	28.4250	56.0500
398	3068	53.4250	54.7750
399	3050	31.8500	50.9250
400	3049	49.4250	33.5000
401	3048	62.8250	23.7000
402	3045	1.9250	45.6750
402	3051	36.1000	49.3500
402	3052	35.9000	50.4750
402	3063	63.4250	83.3500
402	3070	36.0250	51.9250
403	3047	52.0000	35.3250
403	3067	49.2750	6.8500
404	3046	20.8250	48.3500
404	3058	34.0000	64.9250
404	3062	20.9250	47.8000
405	3043	30.4250	64.8250
406	3066	43.2250	43.1250
407	3059	28.3250	55.8750
407	3071	63.3750	45.0500
407	3072	63.2250	43.6000
408	3068	53.5250	54.7750
409	3050	32.9750	51.1000
410	3049	50.1250	33.5000
411	3048	62.3250	23.3500
412	3045	3.7750	46.2250
412	3051	36.9000	49.6500
412	3052	36.7500	50.8250
412	3063	63.3250	82.8000
412	3070	36.9250	52.2000
413	3047	51.7250	35.8750
413	3067	49.3250	5.9250
414	3046	21.5750	48.3500
414	3058	34.1750	64.9250
414	3062	21.6250	47.8000
415	3043	30.6500	64.8250
416	3044	0.5250	45.9750
416	3066	42.9750	43.2000
417	3059	28.8500	55.8750
417	3071	62.5750	45.2250
417	3072	62.4750	43.7500
418	3068	53.5250	54.6750
419	3050	34.0250	51.2750
420	3049	50.8500	33.5000
421	3048	61.6750	23.0750
422	3045	5.6250	46.7750
422	3051	37.9500	50.0000
422	3052	37.8250	51.1750
422	3063	63.3250	82.2500
422	3070	38.0000	52.4000
423	3047	51.3750	36.6250
423	3067	49.3250	5.2000
424	3046	23.6500	48.8000
424	3058	34.3500	64.8250
424	3062	23.1250	47.9750
425	3043	30.8250	64.8250
426	3044	1.8000	46.3250
426	3066	42.7750	43.5000
427	3059	29.3000	55.6750
427	3071	61.8250	45.4250
427	3072	61.7750	44.0500
428	3068	53.5250	54.5750
429	3050	34.9750	51.4750
430	3049	51.3750	33.5000
431	3048	61.1250	22.7000
432	3045	7.5250	47.2500
432	3051	39.0500	50.4500
432	3052	38.9500	51.5750
432	3063	63.4250	81.7000
432	3070	39.0750	52.5500
432	3073	63.4750	78.7750
433	3047	51.0250	37.1750
433	3067	49.4250	4.2750
434	3046	24.3750	48.8000
434	3058	34.5250	64.8250
434	3062	23.8250	47.9750
435	3043	31.0000	64.8250
436	3044	3.1750	46.7000
436	3066	42.4250	43.3000
437	3059	29.5000	55.3250
437	3071	61.0750	45.6000
437	3072	61.0500	44.3000
438	3068	53.5250	54.5750
439	3050	35.8500	51.6500
440	3049	51.9250	33.5000
441	3048	60.6250	22.3250
442	3045	8.8000	47.2500
442	3051	39.5500	50.4500
442	3052	39.4750	51.5750
442	3063	63.1500	81.1500
442	3070	39.6250	52.5500
442	3073	62.6750	77.8500
443	3047	50.6250	37.9000
443	3067	49.4250	3.5500
444	3046	25.0750	49.0000
444	3058	34.8000	64.8250
444	3062	24.5250	48.1750
445	3043	31.2750	64.8250
446	3044	4.4750	47.2500
446	3066	42.1750	43.2000
447	3059	29.4000	55.1250
447	3071	60.3000	45.7750
447	3072	60.3500	44.6000
448	3068	53.5250	54.5750
449	3050	36.7500	51.8250
450	3049	52.4500	33.5000
451	3048	60.1750	21.7750
452	3045	10.0500	47.2500
452	3051	40.1000	50.4500
452	3052	40.0750	51.5750
452	3063	62.7750	80.6000
452	3070	40.1500	52.5500
452	3073	61.8750	76.9250
453	3047	50.3750	38.6250
453	3067	49.5250	2.8250
454	3046	25.7750	49.1750
454	3058	35.0750	64.7500
454	3062	25.3250	48.3500
455	3043	31.5500	64.8250
456	3044	5.6250	47.3500
456	3066	41.7750	43.2000
457	3056	63.1750	44.3250
457	3059	29.3000	54.7750
457	3071	59.5750	45.9750
457	3072	59.6250	44.8500
458	3068	53.5250	54.5750
459	3050	37.5000	51.8250
460	3049	52.9750	33.4250
461	3048	59.6250	21.4250
462	3045	11.0500	47.0750
462	3051	40.6500	50.5500
462	3052	40.6750	51.7250
462	3063	62.4750	80.0500
462	3070	40.6750	52.7500
462	3073	61.0750	76.0250
463	3047	50.2750	39.1750
463	3067	49.5250	1.9750
464	3046	26.5250	49.3500
464	3058	35.4250	64.7500
464	3062	26.0750	48.5250
465	3043	32.0000	64.8250
466	3044	6.6750	47.3500
466	3066	41.5250	43.1250
467	3056	62.4750	44.5000
467	3059	29.2500	54.4000
467	3071	58.7750	46.1500
467	3072	58.9250	45.1500
468	3068	53.5250	54.5750
469	3050	38.0500	51.8250
470	3049	53.5250	33.4250
471	3048	59.1750	20.8750
472	3045	11.9250	47.0750
472	3051	41.1500	50.5500
472	3052	41.2750	51.7250
472	3063	62.4750	79.8750
472	3070	41.2250	52.7500
472	3073	60.6750	75.4750
473	3047	50.1250	39.7250
473	3067	49.5250	1.2750
474	3046	27.2750	49.5500
474	3058	35.8750	64.6500
474	3062	26.8250	48.7250
475	3043	32.3500	64.8250
476	3044	7.6500	47.3500
476	3066	41.2750	43.1250
477	3056	61.8750	44.6750
477	3059	29.1750	54.0250
477	3071	58.3250	46.1500
477	3072	58.3750	45.1500
478	3068	53.5250	54.4750
479	3050	38.6000	51.6500
480	3049	54.0500	33.4250
481	3048	58.7250	20.5000
482	3045	12.8000	46.8750
482	3051	41.8000	50.7250
482	3052	41.8750	51.9250
482	3063	62.7250	80.0500
482	3070	41.8250	52.9500
482	3073	60.6500	75.1000
483	3047	49.9750	40.2750
484	3046	27.9750	49.7250
484	3058	35.8750	64.6500
484	3062	27.5750	48.9000
485	3043	32.4000	64.8250
486	3044	8.6750	47.3500
486	3066	40.7250	42.9500
487	3056	61.3250	44.6750
487	3059	28.9000	53.8500
487	3071	57.8750	46.1500
487	3072	57.9750	45.1500
488	3068	53.6000	54.4750
489	3050	39.2000	51.6500
490	3049	54.5750	33.4250
491	3048	58.2250	19.9500
492	3045	13.6000	46.8750
492	3051	42.3500	50.5500
492	3052	42.4250	51.7250
492	3063	62.9250	80.4250
492	3070	42.3750	52.7500
492	3073	60.4750	74.7250
493	3047	49.9250	41.0250
494	3046	28.6750	49.9000
494	3058	35.9500	64.6500
494	3062	28.3250	49.0750
495	3043	32.4750	64.8250
496	3044	9.3000	47.1500
496	3066	40.1750	42.8500
497	3056	60.7750	44.6750
497	3059	28.5500	53.6750
497	3071	57.5250	46.1500
497	3072	57.5750	45.0500
498	3068	53.6000	54.4000
499	3050	39.7500	51.4750
500	3049	55.0750	32.9500
501	3048	57.7750	19.4000
502	3045	14.5000	46.7000
502	3051	42.8500	50.3750
502	3052	42.9750	51.5750
502	3063	63.1250	80.7750
502	3070	42.9250	52.6500
502	3073	60.3000	74.3750
503	3047	49.7750	41.5750
504	3046	29.4500	50.1000
504	3058	35.9500	64.6500
504	3062	29.0250	49.2750
505	3043	32.5250	64.8250
506	3044	9.9750	47.1500
506	3066	39.6750	42.8500
507	3056	60.2750	44.5000
507	3059	28.2000	53.4750
507	3071	57.0750	46.1500
507	3072	57.1250	44.9500
508	3068	53.6000	54.4000
509	3050	40.3000	51.2750
510	3049	55.4750	32.4000
511	3048	57.4750	18.6750
512	3045	15.4000	46.7000
512	3051	43.4000	50.3750
512	3052	43.4750	51.3750
512	3063	63.2750	80.6000
512	3070	43.4500	52.4750
512	3073	60.1750	74.0000
513	3047	49.6750	42.1250
514	3046	30.1750	50.1000
514	3058	36.0500	64.6500
514	3062	29.8250	49.2750
515	3043	32.6000	64.8250
516	3044	10.5750	47.1500
516	3066	39.2250	42.6750
517	3056	59.7250	44.3250
517	3059	27.8500	53.3000
517	3071	56.7250	46.1500
517	3072	56.6750	44.8500
518	3068	53.6000	54.3250
519	3050	40.8000	51.2750
520	3049	55.8250	31.8500
521	3048	57.2250	17.9250
522	3045	16.3000	46.7000
522	3051	43.9500	50.1750
522	3052	44.0250	51.1750
522	3063	63.3750	80.2250
522	3070	43.9750	52.3750
522	3073	60.0250	73.7250
523	3047	49.5750	42.6750
524	3046	30.6000	50.1000
524	3058	36.1000	64.6500
524	3062	30.3750	49.2750
525	3043	32.7000	64.8250
526	3044	11.3000	46.9750
526	3066	38.7750	42.3000
527	3056	59.2750	44.3250
527	3059	27.5000	53.1250
527	3071	56.3750	46.1500
527	3072	56.2750	44.7750
528	3068	53.6000	54.3250
529	3050	41.3500	51.1000
530	3049	55.9250	31.1250
531	3048	56.8750	17.2000
532	3045	17.0000	46.5250
532	3051	44.5500	50.1750
532	3052	44.6000	51.1750
532	3070	44.6000	52.3750
532	3073	59.8500	73.4500
533	3047	49.4250	43.4000
534	3046	31.0500	50.1000
534	3058	36.1250	64.6500
534	3062	30.8250	49.0750
535	3043	32.8000	64.8250
536	3044	11.9750	46.9750
536	3066	38.4250	41.9250
537	3056	58.7250	44.1250
537	3059	27.1250	52.9250
537	3071	55.9250	46.1500
537	3072	55.8250	44.7750
538	3068	53.6000	54.3250
539	3050	41.9000	51.1000
540	3049	56.0250	30.3750
541	3048	56.5750	16.4750
542	3045	17.6000	46.3250
542	3051	44.9000	50.0000
542	3052	44.9750	51.0250
542	3070	44.9750	52.2000
542	3073	59.7250	73.0750
543	3047	49.2250	43.8750
544	3046	31.5000	50.1000
544	3058	36.1750	64.6500
544	3062	31.3750	49.0750
545	3043	32.8500	64.8250
546	3044	12.5750	46.9750
546	3066	37.9750	41.7500
547	3056	58.2250	44.1250
547	3059	26.7500	52.9250
547	3071	55.5750	46.1500
547	3072	55.3750	44.6750
548	3068	53.6000	54.3250
549	3050	42.5000	50.9250
550	3049	56.1500	29.6750
551	3048	56.3250	15.7250
552	3045	18.2000	46.3250
552	3051	45.3250	49.9000
552	3052	45.3250	51.0250
552	3070	45.4000	52.1000
552	3073	59.5750	72.8250
553	3047	48.8750	44.3250
554	3046	32.0250	49.9000
554	3058	36.2500	64.6500
554	3062	31.8250	48.9000
555	3043	32.9250	64.8250
556	3044	13.3000	46.9750
556	3066	37.5250	41.3750
557	3056	57.6750	43.9500
557	3059	26.2500	52.9250
557	3071	55.1250	45.9750
557	3072	54.9500	44.5000
558	3068	53.6000	54.3250
559	3050	43.0500	50.7250
560	3049	56.2250	28.9250
561	3048	56.2250	15.0000
562	3045	18.8500	46.1500
562	3051	45.6750	49.8250
562	3052	45.7250	50.8250
562	3070	45.7750	52.0250
562	3073	59.4000	72.4250
563	3047	48.5250	44.6750
564	3046	32.4750	49.9000
564	3058	36.3000	64.6500
564	3062	32.3250	48.9000
565	3043	33.0000	64.8250
566	3044	13.8250	46.9750
566	3066	37.0750	41.0250
567	3056	57.2250	43.7750
567	3059	25.7000	52.9250
567	3071	54.6750	45.9750
567	3072	54.5000	44.5000
568	3068	53.7000	54.2250
569	3050	43.6000	50.7250
570	3049	56.2250	28.1750
571	3048	56.2250	14.4500
572	3045	19.4000	46.1500
572	3051	46.0750	49.7250
572	3052	46.1250	50.8250
572	3070	46.2250	51.9250
572	3073	59.2750	72.1750
573	3047	48.1750	45.1250
574	3046	32.9250	49.9000
574	3058	36.3500	64.6500
574	3062	32.7750	48.7250
575	3043	33.1000	64.8250
576	3044	14.4750	47.1500
576	3066	36.6250	40.8250
577	3056	56.6750	43.7750
577	3059	25.1500	52.9250
577	3071	54.2250	45.9750
577	3072	54.1500	44.5000
578	3068	53.7000	54.1250
579	3050	44.1000	50.5500
580	3049	56.2250	27.4750
581	3048	56.2250	13.7250
582	3045	20.0500	45.9750
582	3051	46.4250	49.6250
582	3052	46.5250	50.6250
582	3070	46.5750	51.8250
582	3073	59.0750	71.8000
583	3047	47.9000	45.6000
584	3046	33.3750	49.7250
584	3058	36.4500	64.5750
584	3062	33.3250	48.7250
585	3043	33.3000	64.7500
586	3044	15.0750	47.1500
586	3066	36.1750	40.4750
587	3056	56.1500	43.5750
587	3059	24.5500	53.1250
587	3071	53.7750	45.9750
587	3072	53.7000	44.5000
588	3068	53.7000	54.1250
589	3050	44.7000	50.5500
590	3049	56.2250	26.5500
591	3048	56.2250	12.9750
592	3045	20.6500	45.7750
592	3051	46.8250	49.5500
592	3052	46.8750	50.6250
592	3070	47.0250	51.7500
592	3073	58.9750	71.5250
593	3047	47.5500	46.0750
594	3046	33.8250	49.7250
594	3058	36.6250	64.5750
594	3062	33.8750	48.5250
595	3043	33.5500	64.7500
596	3044	15.7250	47.3500
596	3066	35.6250	40.2750
597	3056	55.6250	43.5750
597	3059	24.0000	53.1250
597	3071	53.3250	45.9750
597	3072	53.2500	44.3250
598	3068	53.7000	54.1250
599	3050	45.2250	50.3750
600	3049	56.2000	25.8250
601	3048	56.2250	12.2500
602	3045	21.3000	45.7750
602	3051	47.1750	49.3500
602	3052	47.3250	50.4750
602	3070	47.3750	51.5500
602	3073	58.8250	71.1750
603	3047	47.1750	46.4250
604	3046	34.2750	49.7250
604	3058	36.5500	64.5750
604	3062	34.3250	48.5250
605	3043	33.4500	64.7500
606	3044	16.2500	47.3500
606	3066	35.1750	40.1000
607	3056	55.1750	43.4000
607	3059	23.4500	53.1250
607	3071	52.9000	45.9750
607	3072	52.8250	44.3250
608	3068	53.7000	54.0250
609	3050	45.8500	50.1750
610	3049	56.2000	25.0750
611	3048	56.2250	11.5250
612	3045	21.8500	45.6000
612	3051	47.5750	49.3500
612	3052	47.6750	50.4750
612	3070	47.8250	51.5500
612	3073	58.6250	70.8750
613	3047	46.8250	46.9750
614	3046	34.7000	49.5500
614	3058	36.2500	64.5750
614	3062	34.7500	48.3500
615	3043	33.2000	64.7500
616	3044	16.8750	47.3500
616	3066	34.6750	39.7250
617	3056	54.6250	43.2250
617	3059	22.9500	53.1250
617	3071	52.4500	45.7750
617	3072	52.3750	44.3250
618	3068	53.7000	54.0250
619	3050	46.4000	50.1750
620	3049	56.1500	24.3500
621	3048	56.2250	10.7750
622	3045	22.5000	45.6000
622	3051	48.0250	49.1750
622	3052	48.1250	50.2750
622	3070	48.2750	51.3750
622	3073	58.5750	70.6250
623	3047	46.4750	47.3250
624	3046	35.1500	49.3500
624	3058	36.0000	64.5750
624	3062	35.1250	48.3500
625	3043	32.6500	64.3750
626	3044	16.7750	47.3500
626	3066	34.1250	39.5500
627	3056	54.1000	43.2250
627	3059	22.3000	53.1250
627	3071	52.0000	45.7750
627	3072	52.0000	44.3250
628	3068	53.7000	54.0250
629	3050	46.9750	50.0000
630	3049	56.1500	23.4250
631	3048	56.2250	10.0500
632	3045	23.3000	45.4250
632	3051	48.4750	49.1750
632	3052	48.5750	50.2750
632	3070	48.7000	51.3750
632	3073	58.3750	70.2250
633	3047	46.2250	47.8750
634	3046	35.5750	49.3500
634	3058	36.2500	64.1750
634	3062	35.5250	48.1750
635	3043	32.8500	64.3750
636	3044	17.1750	47.1500
636	3066	33.7250	39.5500
637	3056	53.5750	43.0250
637	3059	21.7000	53.1250
637	3071	51.5750	45.7750
637	3072	51.5750	44.1250
638	3068	53.7000	54.0250
639	3050	47.5000	50.0000
640	3049	56.1000	22.7000
641	3048	56.2250	9.1250
642	3045	24.1500	45.2250
642	3051	48.9250	49.0000
642	3052	49.0250	50.2750
642	3070	49.1500	51.2000
642	3073	58.1250	69.9750
643	3047	46.2250	48.0750
644	3046	35.9750	49.1750
644	3058	37.2500	64.0250
644	3062	35.9250	48.1750
645	3043	33.6500	64.5500
646	3044	18.6500	47.1500
647	3056	53.1250	43.0250
647	3059	21.1500	53.1250
647	3071	51.1250	45.7750
647	3072	51.1250	44.1250
648	3068	53.8000	54.0250
649	3050	47.8250	49.8250
650	3049	56.1000	21.9750
651	3048	56.2250	8.4000
652	3045	24.8500	45.2250
652	3051	49.3750	49.0000
652	3052	49.4750	50.2750
652	3070	49.6000	51.2000
652	3073	57.6250	69.7750
653	3047	46.3000	48.3500
654	3046	36.3750	49.0000
654	3058	36.9750	64.3750
654	3062	36.2750	48.1750
655	3043	33.3500	64.5500
656	3044	19.3750	47.1500
657	3056	52.5750	42.8500
657	3059	20.5500	53.1250
657	3071	50.6750	45.7750
657	3072	50.6750	44.1250
658	3068	53.8000	54.0250
659	3050	48.1250	49.6250
660	3049	56.1000	21.2250
661	3048	56.2250	7.4750
662	3045	25.1000	45.2250
662	3051	49.8250	49.0000
662	3052	49.9250	50.2750
662	3070	50.0250	51.2000
662	3073	57.3500	69.7750
663	3047	46.2250	48.9000
664	3046	36.8250	49.0000
664	3058	36.8000	64.5750
664	3062	36.6750	47.9750
665	3043	33.2000	64.7500
666	3044	19.7250	47.3500
667	3056	52.0250	42.8500
667	3059	19.9000	53.1250
667	3071	50.2250	45.7750
667	3072	50.2250	44.1250
668	3068	53.8750	54.0250
669	3050	48.4250	49.7250
670	3049	56.1000	20.4250
671	3048	56.2000	6.9250
672	3045	25.4000	45.2250
672	3051	50.3750	48.8000
672	3052	50.3250	50.1750
672	3070	50.4750	51.2000
672	3073	57.2250	69.7750
673	3047	46.0250	49.4500
674	3046	37.1500	48.8000
674	3058	36.5500	64.5750
674	3062	37.0250	47.9750
675	3043	32.8250	64.7500
676	3044	20.0000	47.6250
677	3056	51.6500	42.9500
677	3059	19.3500	52.9250
677	3071	49.7750	45.7750
677	3072	49.7750	44.2250
678	3068	53.9500	54.2250
679	3050	48.8750	49.6250
680	3049	56.2000	19.6750
681	3048	56.1500	6.3750
682	3045	25.5500	45.3250
682	3051	50.8750	48.5250
682	3052	50.8000	50.1750
682	3070	50.9250	51.3000
682	3073	57.1250	69.8750
683	3047	45.9000	50.0750
684	3046	37.5000	48.7250
684	3058	36.2500	64.6500
684	3062	36.5750	47.9750
685	3043	32.5250	64.9250
686	3044	20.2500	48.0750
687	3056	51.2500	42.9500
687	3059	18.7500	52.9250
687	3071	49.3250	45.8750
687	3072	49.3250	44.3000
688	3068	53.9500	54.2250
689	3050	49.3250	49.6250
690	3049	56.2750	19.1250
691	3048	56.1500	5.8500
692	3045	25.8750	45.2250
692	3051	51.4750	48.5250
692	3052	51.3000	50.1750
692	3070	51.3750	51.3750
692	3073	56.9500	70.1500
693	3047	45.7500	50.8250
694	3046	37.8750	48.7000
694	3058	36.0000	64.7500
695	3043	32.2000	65.0000
696	3044	20.5750	48.3500
697	3056	50.9000	42.5750
697	3071	48.8750	45.8750
697	3072	48.8750	44.4000
698	3050	49.7750	49.6250
699	3049	56.4250	18.3750
700	3048	56.1500	5.2750
701	3045	26.6000	45.2250
701	3051	52.0000	48.7250
701	3052	51.8250	50.1750
701	3070	51.9250	51.3750
701	3073	56.8750	70.2500
702	3047	45.5500	51.4750
703	3046	38.1750	48.6250
703	3058	35.7750	64.8500
704	3043	31.9500	65.2000
705	3044	20.9250	48.3500
706	3056	50.6250	41.8500
706	3071	48.4250	45.9500
706	3072	48.4250	44.5000
707	3050	50.3250	49.4500
708	3049	56.5000	17.6500
709	3048	56.1000	4.7250
710	3045	27.2250	45.2250
710	3051	52.4500	49.0750
710	3052	52.4500	50.3750
710	3070	52.3750	51.5500
710	3073	56.7250	70.3500
711	3047	45.5500	51.8250
712	3046	38.3250	48.7250
712	3058	35.5000	64.8500
713	3043	31.6250	65.2000
714	3044	21.2750	48.3500
