10.0	2.0	0.279287200473	9.98910591701
20.0	2.0	1.06390112916	9.85879766636
30.0	2.0	1.84830459273	9.72872807552
40.0	2.0	2.6106092198	9.56739405091
50.0	2.0	3.36344291693	9.39317239712
60.0	2.0	4.11185684675	9.20176723775
70.0	2.0	4.82112426619	8.85690382717
80.0	2.0	5.53060215074	8.51227907638
80.0	3.0	0.0782930207807	8.75213217509
90.0	2.0	6.24365794215	8.15070947981
90.0	3.0	0.659176723347	8.45619402345
100.0	2.0	6.9619753613	7.76384194448
100.0	3.0	1.24006042591	8.1602558718
110.0	2.0	7.68050324556	7.37697440914
110.0	3.0	1.8278894771	7.87052287495
120.0	2.0	8.41944624546	7.01254089498
120.0	3.0	2.44371038786	7.60537183747
130.0	2.0	9.1790148261	6.67006408239
130.0	3.0	3.05953129863	7.34022079999
140.0	2.0	9.9465810809	6.35216922917
140.0	3.0	3.6865068602	7.0769790409
150.0	2.0	10.7463484975	6.13260221344
150.0	3.0	4.32442660748	6.81588522002
160.0	2.0	11.5461159141	5.9130351977
160.0	3.0	4.96234635475	6.55503005893
170.0	2.0	12.3340972845	5.84048261859
170.0	3.0	5.59079517209	6.30061871244
180.0	2.0	13.1170274923	5.8309362266
180.0	3.0	6.19651375759	6.06195891272
190.0	2.0	13.8970111886	5.832845505
190.0	3.0	6.80244280821	5.82329911301
200.0	2.0	14.6652088387	5.88057746494
200.0	3.0	7.40837185882	5.58463931329
210.0	2.0	15.4334064888	5.92830942488
210.0	3.0	8.11763927826	5.37247075135
220.0	3.0	8.8271171628	5.1603021894
230.0	3.0	9.53638458224	4.94813362746
240.0	5.0	15.04215185	8.56908010871
250.0	5.0	14.3507739649	8.5802971193
260.0	5.0	13.6591856147	8.59175278968
270.0	5.0	12.9480240093	8.77289557767
280.0	5.0	12.2366519387	8.95379970585
290.0	5.0	11.5246484729	9.13422651443
300.0	5.0	10.8042264026	9.30868682802
310.0	5.0	10.0838043324	9.48314714161
320.0	5.0	9.38758574974	9.65283425921
330.0	5.0	8.71578111981	9.81798684061
340.0	5.0	8.04376602478	9.98337808181
350.0	5.0	7.38311604566	10.1358816938
360.0	5.0	6.72372885721	10.286953347
370.0	5.0	6.06413120364	10.4382636601
380.0	5.0	5.40979517781	10.6067574787
390.0	5.0	4.7556696171	10.7771605757
400.0	5.0	4.10238591682	10.9468476933
410.0	5.0	3.45415337917	11.1091363571
420.0	5.0	2.80592084153	11.2714250209
430.0	5.0	2.15853016432	11.4201100761
440.0	5.0	1.51177088244	11.5599647187
450.0	5.0	0.865011600561	11.6995807016
460.0	5.0	0.218252318682	11.8391966844
470.0	5.0	-0.428717428307	11.979051327
680.0	9.0	15.1147623129	9.12730538024
680.0	10.0	15.159170451	8.38889195993
680.0	12.0	10.4302299028	6.34477077538
690.0	9.0	14.4496925665	9.26095486808
690.0	10.0	14.4715809379	8.50822185978
690.0	12.0	10.2643833964	6.00491922059
700.0	9.0	13.78462282	9.39460435592
700.0	10.0	13.7839914247	8.62755175964
700.0	12.0	10.0985368901	5.664829006
710.0	9.0	13.1264984222	9.53350435935
710.0	10.0	13.0966123767	8.7468816595
710.0	12.0	9.93269038367	5.32497745121
720.0	9.0	12.4788972799	9.68051879598
720.0	10.0	12.4384879789	8.84640279598
720.0	12.0	9.7409566688	4.92044909069
730.0	9.0	11.8312961376	9.8272945728
730.0	10.0	11.7837310228	8.94353733446
730.0	12.0	9.52354621056	4.45100526466
740.0	9.0	11.1643322052	9.89340333732
740.0	10.0	11.1224496484	9.03733063575
740.0	12.0	9.30613575231	3.98156143862
750.0	9.0	10.4925275753	9.93922601887
750.0	10.0	10.4348601352	9.11680434905
750.0	12.0	9.1221892465	3.55603101573
760.0	9.0	9.81924968958	9.9934017934
760.0	10.0	9.74727062209	9.19627806236
760.0	12.0	8.97191715823	3.17417533619
770.0	9.0	9.13986831571	10.0800353007
770.0	10.0	9.06704738778	9.28458218825
770.0	12.0	8.82143460484	2.79231965665
780.0	9.0	8.46069740695	10.1669074678
780.0	10.0	8.41523694327	9.4077306449
780.0	12.0	8.67116251657	2.41046397711
790.0	9.0	7.82930207807	10.2996023164
790.0	10.0	7.76342649876	9.53087910156
790.0	12.0	8.5208904283	2.10354747467
800.0	9.0	7.19790674919	10.4320585053
800.0	10.0	7.10972186826	9.6597553934
800.0	12.0	8.37040787492	1.79686963204
810.0	9.0	6.55640909505	10.5850394369
810.0	10.0	6.43896956388	9.83875024319
810.0	12.0	8.22013578664	1.48995312961
820.0	9.0	5.89091841842	10.7850363491
820.0	10.0	5.7680067944	10.017745093
820.0	12.0	8.02524509513	1.29114951645
830.0	9.0	5.22563820689	10.985271921
830.0	10.0	5.09725449002	10.1967399428
830.0	12.0	7.78573580038	1.20069745236
840.0	9.0	4.56583008822	11.1857461528
840.0	10.0	4.41618939527	10.3998394323
840.0	12.0	7.54622650562	1.11024538827
850.0	9.0	3.92769987583	11.3871750237
850.0	10.0	3.73386150987	10.6055641797
850.0	12.0	7.33912883775	1.13291806924
860.0	9.0	3.28978012856	11.5883652349
860.0	10.0	3.05174408957	10.811288927
860.0	12.0	7.15328814595	1.23124590672
870.0	9.0	2.65186038128	11.7897941058
870.0	10.0	2.40624759835	10.9384946003
870.0	12.0	6.96765791926	1.3295737442
880.0	9.0	2.03519761008	11.956378646
880.0	10.0	1.76096157224	11.0659389333
880.0	12.0	6.80559978485	1.47539488183
890.0	9.0	1.41853483888	12.1227245264
890.0	10.0	1.11546508102	11.1931446066
890.0	12.0	6.73867187999	1.81166653962
900.0	9.0	0.801661602564	12.2893090666
900.0	10.0	0.536686029545	11.3840724463
900.0	12.0	6.67174397513	2.14793819742
910.0	9.0	0.184998831361	12.4558936068
910.0	10.0	-0.0420930219251	11.5750002861
910.0	12.0	6.7870788552	2.40974799771
920.0	12.0	6.90262420039	2.67155779799
930.0	12.0	7.01795908046	2.93312893848
940.0	12.0	7.16549512231	3.17966451158
950.0	12.0	7.31660907102	3.42452946609
960.0	12.0	7.46772301973	3.66915576079
960.0	14.0	8.76713460656	7.02709914276
960.0	15.0	8.97970436728	6.54906356394
970.0	12.0	7.61883696844	3.9140207153
970.0	14.0	8.32263229503	7.05382904033
970.0	15.0	8.64590670342	6.51421923318
970.0	16.0	0.471441845561	7.22661873532
980.0	12.0	7.63125440991	4.14575938082
980.0	14.0	7.87834044861	7.0803202781
980.0	15.0	8.31231950466	6.47937490242
980.0	16.0	1.20386042706	6.97841254362
990.0	12.0	7.64367185138	4.37725938654
990.0	14.0	7.43404860219	7.10681151587
990.0	15.0	7.9787323059	6.44429191186
990.0	16.0	1.93627900855	6.73020635192
1000.0	12.0	7.65587882774	4.60899805207
1000.0	14.0	6.89231141002	7.09225326808
1000.0	15.0	7.55822301687	6.40562902431
1000.0	16.0	2.6478615442	6.40061716852
1010.0	12.0	7.55990673775	4.8304743462
1010.0	14.0	6.32637073023	7.06767130871
1010.0	15.0	6.93524629238	6.35789706437
1010.0	16.0	3.35944407984	6.07102798511
1020.0	12.0	7.39153465005	5.04526816594
1020.0	14.0	5.76021958534	7.04285068954
1020.0	15.0	6.31226956789	6.31016510442
1020.0	16.0	4.05860917402	5.71017436794
1030.0	12.0	7.22316256235	5.26006198568
1030.0	14.0	5.22332309069	7.06337543232
1030.0	15.0	5.70065795932	6.23928314391
1030.0	16.0	4.75651147754	5.34597951358
1040.0	12.0	7.04468814939	5.34025167839
1040.0	14.0	4.68958357268	7.08915069069
1040.0	15.0	5.09178239717	6.1624346884
1040.0	16.0	5.48850912881	5.06579290872
1050.0	12.0	6.85947885292	5.3307052864
1050.0	14.0	4.16447312416	7.11802852645
1050.0	15.0	4.48290683502	6.08582489269
1050.0	16.0	6.2207172452	4.78560630385
1060.0	12.0	6.67426955644	5.32115889441
1060.0	14.0	3.71723476621	7.17769347638
1060.0	15.0	3.86898011025	6.05599241773
1060.0	16.0	7.02953466149	4.59992897968
1070.0	14.0	3.26999640825	7.23735842631
1070.0	15.0	3.25526385058	6.02615994276
1070.0	16.0	7.87139509999	4.45458516165
1080.0	14.0	2.92314990759	7.34189141858
1080.0	15.0	2.67943131064	6.04716200514
1080.0	16.0	8.72020088711	4.35554134477
1090.0	14.0	2.61902782418	7.46551719484
1090.0	15.0	2.12885458386	6.10229241887
1090.0	16.0	9.57974039483	4.32570886981
1100.0	14.0	2.31511620588	7.58938163089
1100.0	15.0	1.57848832219	6.15742283261
1100.0	16.0	10.4390694374	4.29587639484
1110.0	15.0	1.1786046139	6.22902077252
1110.0	16.0	11.2809298759	4.28633000285
1120.0	15.0	0.778720905614	6.30061871244
1120.0	16.0	12.1227903144	4.27678361087
1130.0	16.0	12.9646507529	4.26723721888
1130.0	18.0	15.4262506751	8.39294917652
1140.0	18.0	14.6391111651	8.47242288983
1150.0	18.0	13.85176119	8.55189660313
1160.0	18.0	13.0644112149	8.63160897624
1170.0	18.0	12.2701158912	8.79867083604
1180.0	18.0	11.474978707	8.97527908782
1190.0	18.0	10.682156639	9.13494249383
1200.0	18.0	9.8983845708	9.22539455792
1200.0	20.0	11.9906182256	8.161210511
1210.0	18.0	9.11461250255	9.31584662201
1210.0	20.0	11.4349903362	8.27576721486
1220.0	18.0	8.33041950409	9.41799301629
1220.0	20.0	10.8793624468	8.39032391873
1230.0	18.0	7.54517418008	9.54639198854
1230.0	20.0	10.3580403702	8.4927089728
1230.0	25.0	3.84940685505	4.59014392789
1240.0	18.0	6.75992885606	9.67479096078
1240.0	20.0	9.85124038624	8.59008217109
1240.0	25.0	4.03924638393	4.66842434219
1250.0	18.0	5.98036609001	9.81631622201
1250.0	20.0	9.34465086737	8.68721670957
1250.0	25.0	4.22887544771	4.7467047565
1260.0	18.0	5.20332890527	9.96309199884
1260.0	20.0	8.7658718159	8.73494866951
1260.0	25.0	4.41871497659	4.82474651101
1270.0	18.0	4.42629172053	10.1043786003
1270.0	20.0	8.18709276443	8.78268062945
1270.0	25.0	4.60855450547	4.90302692531
1280.0	18.0	3.65030686135	10.1938760252
1280.0	20.0	7.68387068732	8.82420743461
1280.0	25.0	4.79818356924	4.98130733962
1290.0	18.0	2.87411153705	10.2833734501
1290.0	20.0	7.18043814509	8.86573423976
1290.0	25.0	4.98802309813	5.05958775393
1300.0	18.0	2.09812667786	10.3728708749
1300.0	20.0	6.66648234739	8.96764197423
1300.0	25.0	5.22542774178	5.10015991988
1310.0	18.0	1.32108949312	10.5055657236
1310.0	20.0	6.14789631727	9.09556362688
1310.0	25.0	5.46262192033	5.14073208583
1310.0	23.0	14.9392344114	5.15505167381
1320.0	18.0	0.544052308382	10.643272428
1320.0	20.0	5.62909982204	9.22324661973
1320.0	25.0	5.70002656399	5.18154291158
1320.0	23.0	14.4997832625	5.15505167381
1330.0	18.0	-0.233195341465	10.7809791325
1330.0	20.0	5.05453007277	9.4079693047
1330.0	25.0	5.93743120765	5.22211507753
1330.0	23.0	14.0603321136	5.15505167381
1340.0	20.0	4.4736463702	9.59889714447
1340.0	25.0	6.17525678152	5.29108775965
1340.0	23.0	13.6208809647	5.15505167381
1350.0	20.0	3.91465103903	9.7475821997
1350.0	25.0	6.41434514606	5.42688518568
1350.0	23.0	13.1763786532	5.1662686844
1360.0	20.0	3.38848826497	9.83278374819
1360.0	25.0	6.6536439757	5.56244395192
1360.0	23.0	12.730613551	5.18034961258
1370.0	20.0	2.86232549091	9.91798529669
1370.0	25.0	6.89273234024	5.69800271816
1370.0	23.0	12.285058914	5.19443054076
1380.0	20.0	2.32963829844	10.02132499
1380.0	25.0	7.13182070477	5.8335614844
1380.0	23.0	11.8491856719	5.18941868497
1390.0	20.0	1.79253133868	10.1363590134
1390.0	25.0	7.36101720915	5.94262901286
1390.0	23.0	11.4282554527	5.15648363261
1400.0	20.0	1.25563484403	10.2516316967
1400.0	25.0	7.58895092288	6.04859396394
1400.0	23.0	11.0073252334	5.12330992045
1410.0	20.0	0.739574395224	10.3924409785
1410.0	25.0	7.81709510171	6.15479757481
1410.0	23.0	10.5863950142	5.09013620829
1420.0	20.0	0.232563946136	10.5444672709
1420.0	25.0	8.02145672316	6.25169345349
1420.0	23.0	10.1823020037	5.03094857796
1430.0	20.0	-0.274656968061	10.6962549036
1430.0	25.0	8.1710974161	6.3271099502
1430.0	23.0	9.78241829539	4.96531713304
1440.0	25.0	8.32052764394	6.40228778711
1440.0	23.0	9.38253458711	4.89968568812
1450.0	25.0	8.47016833688	6.47770428382
1450.0	23.0	8.98265087882	4.8340542432
1460.0	25.0	8.61096949522	6.54596098654
1460.0	23.0	8.57897879856	4.76699083948
1470.0	25.0	8.74314158406	6.60705789527
1470.0	23.0	8.17404392764	4.69968877596
1480.0	25.0	8.87531367291	6.66815480399
1480.0	23.0	7.76931952183	4.63238671244
1490.0	25.0	9.00748576175	6.72901305292
1490.0	23.0	7.36459511602	4.56508464892
1500.0	25.0	9.10051134021	6.78080222946
1500.0	23.0	6.91041140944	4.53024031816
1510.0	25.0	9.03800320265	6.79488315764
1510.0	23.0	6.45075561002	4.4987372246
1520.0	25.0	8.97528459998	6.80920274562
1520.0	23.0	5.9910998106	4.46723413104
1530.0	25.0	8.91277646242	6.82328367381
1530.0	23.0	5.53460098782	4.43716299627
1540.0	25.0	8.85005785975	6.83760326179
1540.0	23.0	5.10798821061	4.4178315525
1550.0	25.0	8.78733925709	6.85192284977
1550.0	23.0	4.6813754334	4.39850010872
1560.0	25.0	8.72483111953	6.86600377796
1560.0	23.0	4.25476265619	4.37916866494
1560.0	27.0	9.76642294706	9.21680280513
1560.0	28.0	0.844175554708	7.50895327838
1570.0	25.0	8.66211251686	6.88032336594
1570.0	23.0	3.82814987898	4.35721196337
1570.0	27.0	9.76894852838	9.16859352559
1570.0	28.0	1.04895810637	7.35191513017
1580.0	25.0	8.5996043793	6.89440429412
1580.0	23.0	3.40153710177	4.331436705
1580.0	27.0	9.77126364458	9.12038424605
1580.0	28.0	1.25395112315	7.19487698196
1590.0	25.0	8.45669856986	6.85765068497
1590.0	23.0	2.97492432456	4.30566144663
1590.0	27.0	9.77357876079	9.07193630671
1590.0	28.0	1.45894413992	7.03783883375
1600.0	25.0	8.29400904012	6.80800944663
1600.0	23.0	2.54831154735	4.27964752846
1600.0	27.0	9.775893877	9.02372702717
1600.0	28.0	1.66372669159	6.88103934534
1610.0	25.0	8.13110904527	6.75860686809
1610.0	23.0	2.13558946737	4.30255886923
1610.0	27.0	9.77841945831	8.97551774762
1610.0	28.0	1.96721737967	6.75980016708
1620.0	25.0	7.96820905042	6.70896562974
1620.0	23.0	1.72854994535	4.34647227238
1620.0	27.0	9.78073457452	8.92730846808
1620.0	28.0	2.29533248558	6.64739140142
1630.0	25.0	7.80551952068	6.6595630512
1630.0	23.0	1.32172088845	4.39014701573
1630.0	27.0	9.78304969072	8.87886052874
1630.0	28.0	2.62344759148	6.53498263575
1640.0	25.0	7.69544626835	6.55526871873
1640.0	23.0	0.914891831542	4.43382175908
1640.0	27.0	9.78536480693	8.8306512492
1640.0	28.0	2.96755804572	6.47555634563
1650.0	25.0	7.63798929342	6.39608263232
1650.0	23.0	0.507852309526	4.47773516222
1650.0	27.0	9.67487062438	8.60511773847
1650.0	28.0	3.33587198756	6.4956037688
1660.0	25.0	7.58053231849	6.23689654591
1660.0	23.0	0.10102325262	4.52140990557
1660.0	27.0	9.45114621284	8.20249865635
1660.0	28.0	3.70418592941	6.51541253218
1670.0	25.0	7.54664743584	6.06028829412
1670.0	27.0	9.18532877939	7.65596771501
1670.0	28.0	4.07249987125	6.53522129555
1680.0	25.0	7.6068404572	5.81303674162
1680.0	27.0	8.97339041399	7.06552337052
1680.0	28.0	4.50774171796	6.5786573791
1690.0	25.0	7.66703347855	5.56578518912
1690.0	27.0	8.8203822793	6.44715582946
1690.0	28.0	4.95961030833	6.62782129784
1700.0	25.0	7.70765324471	5.31423776022
1700.0	27.0	8.68968344622	5.85599550557
1700.0	28.0	5.41147889869	6.67674655678
1710.0	25.0	7.71943929085	5.05553053733
1710.0	27.0	8.61075903011	5.3290346678
1710.0	28.0	5.83767074568	6.69440738196
1720.0	25.0	7.73101487187	4.79706197424
1720.0	27.0	8.531834614	4.80207383003
1720.0	28.0	6.22576840783	6.664574907
1730.0	25.0	7.74280091801	4.53859341115
1730.0	27.0	8.47437763907	4.39444289212
1730.0	28.0	6.61386606998	6.63474243203
1740.0	25.0	7.64830208379	4.40088670672
1740.0	27.0	8.41944624546	4.000176903
1740.0	28.0	6.98407419781	6.5755548017
1750.0	25.0	7.52728464576	4.29348979684
1750.0	27.0	8.40597647844	3.69922689556
1750.0	28.0	7.28272418837	6.39846923032
1760.0	25.0	7.40626720772	4.18609288697
1760.0	27.0	8.42007764079	3.46056709585
1760.0	28.0	7.58158464404	6.22138365893
1770.0	25.0	7.28524976969	4.0786959771
1770.0	27.0	8.43396833802	3.22190729613
1770.0	28.0	7.8802346346	6.04429808754
1780.0	30.0	12.813115874	9.162149711
1790.0	30.0	12.2379147294	9.39293373732
1790.0	32.0	6.63470211584	6.01518159198
1800.0	30.0	11.6625031197	9.62347910385
1800.0	32.0	6.51684165444	6.54977954334
1810.0	30.0	11.0908798819	9.86118426436
1810.0	32.0	6.39898119305	7.08437749469
1820.0	30.0	10.5272543184	10.1153569511
1820.0	32.0	6.28596142919	7.62231668325
1830.0	30.0	9.96383921989	10.3692909779
1830.0	32.0	6.21566608257	8.19056566637
1840.0	30.0	9.39789854011	10.6220317058
1840.0	32.0	6.14558120107	8.75881464948
1850.0	30.0	8.8226973955	10.868567279
1850.0	32.0	5.90270446456	9.1626270306
1860.0	30.0	8.2474962509	11.1151028521
1860.0	32.0	5.43694517696	9.59006673189
1870.0	30.0	7.67545208293	11.334431208
1870.0	32.0	4.89099868259	10.0113012784
1880.0	30.0	7.11687768199	11.4446920355
1880.0	32.0	4.36020567611	10.4158296389
1890.0	30.0	6.55851374615	11.5547142031
1890.0	32.0	3.82625569299	10.787422947
1900.0	30.0	6.01193585645	11.5862172967
1900.0	32.0	3.27904640797	11.0260827468
1910.0	30.0	5.47335564092	11.5652152343
1910.0	32.0	2.73604642513	11.2279889373
1920.0	30.0	4.93477542539	11.5442131719
1920.0	32.0	2.20988365107	11.2831193511
1930.0	30.0	4.4037719538	11.513187398
1930.0	32.0	1.683720877	11.3382497648
1940.0	30.0	3.90223359757	11.4430214169
1940.0	32.0	1.27815461076	11.3277487336
1950.0	30.0	3.40090570644	11.3728554357
1950.0	32.0	0.952775551275	11.2733342993
1960.0	30.0	2.8993673502	11.3026894546
1960.0	32.0	0.627606956903	11.2191585247
1970.0	30.0	2.38646387804	11.3933801785
1980.0	30.0	1.87040342924	11.5241657488
1990.0	30.0	1.35434298044	11.654951319
2000.0	30.0	0.851962763764	11.7477899811
2010.0	30.0	0.355265105048	11.824161117
2020.0	30.0	-0.141432553668	11.9005322529
2040.0	33.0	0.14585232097	10.3521074724
2050.0	33.0	0.762725557283	10.2943518008
2060.0	33.0	1.3795987936	10.2368347891
2070.0	33.0	1.99647202991	10.1544971582
2080.0	33.0	2.61334526622	9.97359303003
2090.0	33.0	3.23021850253	9.79245024204
2100.0	33.0	3.82541383255	9.61870590785
2110.0	33.0	4.36967660605	9.46238373904
2120.0	33.0	4.91393937954	9.30606157023
2130.0	33.0	5.44473238601	9.12539610184
2140.0	33.0	5.95489981174	8.9084543439
2150.0	33.0	6.46506723748	8.69151258596
2150.0	36.0	14.8588367396	6.12496509985
2160.0	33.0	6.97586605854	8.48363990041
2160.0	36.0	14.2274414107	6.20181355535
2170.0	33.0	7.49087418179	8.35810484576
2170.0	36.0	13.5960460818	6.27842335106
2180.0	33.0	8.00588230505	8.23256979112
2180.0	36.0	12.9747530782	6.34357747638
2190.0	33.0	8.52110089341	8.10679607667
2190.0	36.0	12.3686135625	6.39130943633
2200.0	33.0	9.01653576147	7.996773909
2200.0	36.0	11.7624740468	6.43904139627
2200.0	37.0	6.00267539163	12.4399034003
2210.0	33.0	9.46651016585	7.92278937109
2210.0	36.0	11.1032973234	6.48677335621
2210.0	37.0	6.02435329792	12.1107915365
2220.0	33.0	9.91648457023	7.84856617338
2220.0	36.0	10.438227577	6.53450531615
2220.0	37.0	6.04624166932	11.7816796727
2230.0	33.0	10.3948717644	7.76360328468
2230.0	36.0	9.75863573801	6.59106768869
2230.0	37.0	6.07233934292	11.4449306953
2240.0	33.0	10.9157729107	7.6621728698
2240.0	36.0	9.05694506252	6.6605176904
2240.0	37.0	6.10853934177	11.0909982123
2250.0	33.0	11.4366740571	7.56074245492
2250.0	36.0	8.35546485213	6.73020635192
2250.0	37.0	6.14494980574	10.7373043891
2260.0	33.0	11.9575752034	7.45931204004
2260.0	36.0	7.72406952326	6.85955996336
2260.0	37.0	6.17504631641	10.3785987101
2270.0	33.0	12.4868949541	7.39845379112
2270.0	36.0	7.09267419438	6.98867491501
2270.0	37.0	6.19609282738	10.0124945774
2280.0	33.0	13.0290530765	7.39845379112
2280.0	36.0	6.44675677294	7.12304038225
2280.0	37.0	6.21713933834	9.64662910442
2290.0	33.0	13.5712111989	7.39845379112
2290.0	36.0	5.79094749135	7.26074708668
2290.0	37.0	6.23271375645	9.28052497166
2300.0	33.0	14.1057925773	7.4108641007
2300.0	36.0	5.13534867486	7.39845379112
2300.0	37.0	6.2402905004	8.9139435193
2310.0	33.0	14.5723937254	7.53544451615
2310.0	36.0	4.50395334599	7.50871461858
2310.0	37.0	6.24786724434	8.54736206694
2320.0	33.0	15.0392053385	7.6600249316
2320.0	36.0	3.87255801711	7.61873678625
2320.0	37.0	6.21293003615	8.21467030614
2330.0	36.0	3.22495687479	7.72517905692
2330.0	37.0	6.14979050326	7.90441256651
2340.0	36.0	2.55315224487	7.8261321522
2340.0	37.0	6.08665097037	7.59415482688
2350.0	36.0	1.88113714983	7.92708524748
2350.0	37.0	5.9801556249	7.25525791129
2360.0	36.0	1.2354301935	8.04641514734
2360.0	37.0	5.84482655941	6.89726821172
2370.0	36.0	0.596247655569	8.17004092359
2370.0	37.0	5.70970795903	6.53927851215
2380.0	36.0	-0.0429348823636	8.29390535964
2380.0	37.0	5.70570912195	6.25694396909
2390.0	37.0	5.73475330708	5.99370221
2400.0	37.0	5.7637974922	5.73022179112
2570.0	42.0	14.6942530238	8.64926980142
2580.0	42.0	13.9864588602	8.57337598511
2590.0	42.0	13.2668786504	8.55595381973
2600.0	42.0	12.5207798367	8.67528371958
2610.0	42.0	11.7734182325	8.79389764004
2620.0	42.0	11.0157438378	8.90511310671
2630.0	42.0	10.2580694431	9.01656723317
2640.0	42.0	9.50376249025	9.12539610184
2650.0	42.0	8.77976251314	9.21131362974
2660.0	42.0	8.05576253603	9.29723115764
2670.0	42.0	7.31724046635	9.39532033532
2680.0	42.0	6.56882653652	9.50128528639
2690.0	42.0	5.8206230718	9.60748889726
2840.0	45.0	-0.0380941848422	13.2785539365
2850.0	45.0	0.57330695862	12.9945487748
2860.0	45.0	1.18470810208	12.7103049533
2870.0	45.0	1.82767901199	12.4246291731
2880.0	45.0	2.48433015402	12.1382374134
2890.0	45.0	3.1376138543	11.8556642106
2900.0	45.0	3.77742778756	11.5883652349
2910.0	45.0	4.41724172082	11.3210662592
2920.0	45.0	5.13366495399	11.0938621299
2930.0	45.0	5.88292074425	10.8838415061
2940.0	45.0	6.61386606998	10.6740595422
2950.0	45.0	7.27156953756	10.4652322174
2960.0	47.0	14.6913065123	8.30631566923
2970.0	47.0	14.1038983913	8.35619556737
2980.0	47.0	13.5148065495	8.4127579399
2990.0	47.0	12.9120344755	8.53208783976
3000.0	47.0	12.3092624016	8.65141773961
3010.0	47.0	11.6972298628	8.8313672286
3010.0	49.0	8.89130902124	8.48149196222
3020.0	47.0	11.0841449984	9.01823785177
3020.0	49.0	9.19900901151	8.33471618539
3030.0	47.0	10.4348601352	9.20749507294
3030.0	49.0	9.50649853668	8.18794040857
3040.0	47.0	9.76137178443	9.39842291272
3040.0	49.0	9.86176364172	8.11968370585
3050.0	47.0	9.0937764567	9.59030539169
3050.0	49.0	10.2643833964	8.12994607724
3060.0	47.0	8.47921833659	9.79077962344
3060.0	49.0	10.6615310583	8.13662855163
3070.0	47.0	7.86466021649	9.9912538552
3070.0	49.0	11.0374217441	8.12803679884
3080.0	47.0	7.23494860849	10.1974559222
3080.0	49.0	11.4133124299	8.11944504605
3090.0	47.0	6.59513467523	10.4074765459
3090.0	49.0	11.8453972999	8.13615123203
3100.0	47.0	5.95447888153	10.6065188189
3100.0	49.0	12.361878679	8.19032700657
3100.0	52.0	0.11828139161	12.9160297007
3110.0	47.0	5.30540448344	10.7058012955
3110.0	49.0	12.8261647108	8.26383422488
3110.0	52.0	0.441976730214	12.8518302146
3120.0	47.0	4.65654055046	10.805322432
3120.0	49.0	13.0810379586	8.4146672183
3120.0	52.0	0.765672068818	12.7876307284
3130.0	47.0	3.99525917602	10.8769203719
3130.0	49.0	13.3274926019	8.48578783861
3130.0	52.0	1.07673950084	12.7468199027
3140.0	47.0	3.32892663895	10.9365853219
3140.0	49.0	13.5547949203	8.37123113475
3140.0	52.0	1.38233484002	12.7160327885
3150.0	47.0	2.67522200845	11.0048420246
3150.0	49.0	13.7820972387	8.25667443089
3150.0	52.0	1.68771971409	12.6852456744
3160.0	47.0	2.05161388863	11.0931461505
3160.0	49.0	13.6286681738	8.18603113017
3160.0	52.0	1.93985691542	12.6410936114
3170.0	47.0	1.42800576881	11.1816889362
3170.0	49.0	13.3798984142	8.12636618024
3170.0	52.0	2.156004583	12.5878724761
3180.0	47.0	0.829863927253	11.2716636807
3180.0	49.0	13.1311286546	8.06670123031
3180.0	52.0	2.3723627157	12.5348900005
3190.0	47.0	0.248559294468	11.3625930644
3190.0	49.0	12.8823588951	8.00703628039
3190.0	52.0	2.58872084839	12.481907525
3200.0	47.0	-0.332745338318	11.4532837882
3200.0	49.0	12.6335891355	7.94737133046
3200.0	52.0	2.73815107623	12.3740332955
3210.0	52.0	2.88737083895	12.2663977259
3220.0	52.0	3.03680106679	12.1585234964
3230.0	52.0	3.17002548118	12.0000533894
3240.0	52.0	3.3015661747	11.836094107
3250.0	52.0	3.43310686821	11.6718961648
3260.0	52.0	3.5400231439	11.4938559542
3270.0	52.0	3.636205699	11.3098492486
3280.0	52.0	3.7323882541	11.1256038832
3290.0	52.0	3.83572662293	10.9411198581
3300.0	52.0	3.96726731644	10.7547265545
3310.0	52.0	4.09880800996	10.5680945911
3320.0	52.0	4.23034870347	10.3817012875
3330.0	52.0	4.41534753483	10.2225152011
3340.0	52.0	4.60034636619	10.0635677745
3350.0	52.0	4.78513473245	9.90438168811
3360.0	52.0	4.98360333082	9.72896673532
3370.0	52.0	5.18796495227	9.54639198854
3380.0	52.0	5.39232657372	9.36381724176
3390.0	52.0	5.60700098553	9.20844971214
3400.0	52.0	5.84608935007	9.11632702945
3410.0	52.0	6.08538817971	9.02396568697
3420.0	52.0	6.32447654425	8.93184300428
3430.0	52.0	6.56356490878	8.83972032159
3440.0	52.0	6.85505908561	8.76096258768
3450.0	52.0	7.15202535529	8.68363681257
3460.0	52.0	7.44920209009	8.60654969727
3460.0	54.0	-0.161637204192	11.0554379021
3470.0	52.0	7.77773812621	8.60631103747
3470.0	54.0	0.727998814195	10.957826044
3480.0	52.0	8.13763346367	8.68339815277
3480.0	54.0	1.61763483258	10.860214186
3490.0	52.0	8.49731833602	8.76024660828
3490.0	54.0	2.49801038615	10.7824110913
3500.0	52.0	8.85195204574	8.8289806306
3500.0	54.0	3.36891500978	10.7248940795
3510.0	52.0	9.19858808129	8.88506568353
3510.0	54.0	4.23981963341	10.6673770678
3520.0	52.0	9.54522411685	8.94138939626
3520.0	54.0	5.07747076972	10.6174971697
3520.0	55.0	0.131540693516	11.0396863553
3530.0	52.0	9.8918601524	8.9974744492
3530.0	54.0	5.89302306951	10.5726291273
3530.0	55.0	0.815552299799	10.9375399611
3540.0	52.0	10.2856403725	8.96668733503
3540.0	54.0	6.70857536931	10.5279997448
3540.0	55.0	1.49956390608	10.835154907
3550.0	52.0	10.6794205926	8.93590022087
3550.0	54.0	7.51276255319	10.4480487119
3550.0	55.0	2.18126039616	10.7418389253
3560.0	52.0	11.0732008127	8.90511310671
3560.0	54.0	8.3001125283	10.3153538632
3560.0	55.0	2.85727432828	10.669525006
3570.0	52.0	11.5090740548	8.87528063174
3570.0	54.0	9.08746250341	10.1828976744
3570.0	55.0	3.53328826039	10.5972110867
3580.0	52.0	11.9497879943	8.84544815678
3580.0	54.0	9.87607526918	10.035644578
3580.0	55.0	4.20930219251	10.5248971674
3590.0	52.0	12.3905019339	8.81561568182
3590.0	54.0	10.6653194303	9.88218632673
3590.0	55.0	4.88826263616	10.4401729385
3600.0	52.0	12.8173251762	8.7418698037
3600.0	54.0	11.4545635914	9.72872807552
3600.0	55.0	5.56722307981	10.3554487096
3610.0	52.0	13.2382553954	8.64950846121
3610.0	54.0	12.2334949621	9.67598425978
3610.0	55.0	6.24597305836	10.2707244807
3610.0	56.0	11.0454194183	8.44259041486
3620.0	52.0	13.6591856147	8.55714711873
3620.0	54.0	13.0113740073	9.63469611443
3620.0	55.0	6.88220908475	10.2022291182
3620.0	56.0	11.0060624428	8.62158526465
3630.0	52.0	14.1116856004	8.47409350843
3630.0	54.0	13.805669331	9.54328941114
3630.0	55.0	7.51360441363	10.1354043742
3630.0	56.0	10.9664950021	8.80058011443
3640.0	52.0	14.585232097	8.39748371272
3640.0	54.0	14.6109088404	9.41870899569
3640.0	55.0	8.12479509198	10.0876724143
3640.0	56.0	10.9271380266	8.97957496422
3650.0	52.0	15.0587785937	8.32063525721
3650.0	54.0	15.4161483499	9.29412858024
3650.0	55.0	8.70567879455	10.0685796303
3650.0	56.0	10.9231391896	9.1626270306
3660.0	55.0	9.28656249712	10.0494868463
3660.0	56.0	10.9231391896	9.34639507638
3670.0	55.0	9.84008573543	10.0062894226
3670.0	56.0	10.906722911	9.44997342945
3680.0	55.0	10.3904519971	9.96046674104
3680.0	56.0	10.8517915174	9.36691981915
3690.0	55.0	10.9477636074	9.87884508954
3690.0	56.0	10.7968601238	9.28386620885
3690.0	57.0	15.2557739363	9.70032755935
3700.0	55.0	11.521070566	9.71416982774
3700.0	56.0	10.6956264061	9.14234094762
3700.0	57.0	14.7043553491	9.82371467581
3710.0	55.0	12.0945879897	9.54973322573
3710.0	56.0	10.5941822232	9.00105434619
3710.0	57.0	14.1527262968	9.94710179226
3720.0	55.0	12.6874682036	9.36787445835
3720.0	56.0	10.4929485055	8.85952908496
3720.0	57.0	13.6010972444	10.0707275685
3730.0	55.0	13.3096030676	9.1604790924
3730.0	57.0	13.043575169	10.1848069528
3740.0	55.0	13.9327902572	8.96286877824
3740.0	57.0	12.4845798379	10.2967383988
3750.0	55.0	14.5641855861	8.85427856937
3750.0	57.0	11.9255845067	10.4086698449
3760.0	55.0	15.195580915	8.7456883605
3760.0	57.0	11.3590124316	10.5392167553
3770.0	57.0	10.7878101241	10.6824126352
3780.0	57.0	10.2166078166	10.825608515
3790.0	57.0	9.64161713706	10.9666564566
3800.0	57.0	9.03295204002	11.0893275937
3810.0	57.0	8.42428694298	11.2117600709
3820.0	57.0	7.81562184594	11.334431208
3830.0	57.0	7.20695674891	11.4568636852
3840.0	59.0	3.29630454696	12.5205704126
3850.0	59.0	4.17036614723	12.3184255622
3860.0	59.0	5.04463821261	12.1165193717
3870.0	59.0	5.8993370228	11.8993389539
3880.0	59.0	6.74898467036	11.6783399794
3890.0	59.0	7.602631155	11.4592502832
3900.0	59.0	8.49310903383	11.2573440927
3910.0	59.0	9.38358691265	11.0554379021
3920.0	59.0	10.2412322344	10.7778765551
3930.0	59.0	11.0662554641	10.4246600515
3940.0	59.0	11.8912786938	10.0714435479
3950.0	59.0	12.7825984331	9.5800430203
3960.0	59.0	13.6741286375	9.08864249269
3970.0	60.0	14.76370651	8.0800661791
3980.0	60.0	13.9999286272	8.29199608124
3990.0	60.0	13.2359402792	8.50416464319
4000.0	60.0	12.5534019287	8.80559197023
4000.0	61.0	8.1492090447	10.2461425213
4010.0	60.0	11.9058007864	9.14520486522
4010.0	61.0	8.4859532201	10.1411322094
4020.0	60.0	11.2556740628	9.4967507502
4020.0	61.0	8.8226973955	10.0361218975
4020.0	63.0	14.8419995308	10.3960208755
4030.0	60.0	10.582185712	9.95497756565
4030.0	61.0	9.18385552362	9.93039560628
4030.0	63.0	14.2611158282	10.5201239714
4040.0	60.0	9.90869736117	10.4132043811
4040.0	61.0	9.64309039282	9.82204405721
4040.0	63.0	13.6802321257	10.6442270672
4050.0	60.0	9.22636947576	10.7726260395
4050.0	61.0	10.102325262	9.71345384834
4050.0	63.0	13.1246042362	10.796969339
4060.0	60.0	8.5383590324	11.0664162529
4060.0	61.0	10.5485112944	9.57025796851
4060.0	63.0	12.5689763468	10.9497116109
4070.0	60.0	7.85034858903	11.3602064664
4070.0	61.0	10.9946973268	9.42706208868
4070.0	63.0	12.0133484574	11.0499487267
4080.0	60.0	7.12129744929	11.5050729648
4080.0	61.0	11.3642740593	9.22587187752
4080.0	63.0	11.457720568	11.0976806867
4090.0	60.0	6.39203584444	11.6499394632
4090.0	61.0	11.6570310268	8.96644867523
4090.0	63.0	10.9020926786	11.1454126466
4100.0	60.0	5.65540796075	11.7914647244
4100.0	61.0	11.9432635759	8.70941207094
4100.0	63.0	10.2949008373	11.2189198649
4110.0	60.0	4.88889403149	11.9193863771
4110.0	61.0	12.2027670561	8.46287649784
4110.0	63.0	9.68791946117	11.2921884234
4120.0	60.0	4.12216963713	12.0473080297
4120.0	61.0	12.4622705363	8.21634092473
4120.0	63.0	9.11671715365	11.3840724463
4130.0	60.0	3.36744175401	12.1921745282
4130.0	61.0	12.6735775063	7.96932803203
4130.0	63.0	8.59918344908	11.5034023462
4140.0	60.0	2.63081387032	12.3625776252
4140.0	61.0	12.6910461104	7.72064452073
4140.0	63.0	8.08186020962	11.622732246
4150.0	60.0	1.89418598663	12.5329807222
4150.0	61.0	12.7085147145	7.47196100943
4150.0	63.0	7.53465092459	11.7420621459
4160.0	60.0	1.19544182267	12.7272497991
4160.0	61.0	12.5371961153	7.42971822488
4160.0	63.0	6.98744163957	11.8613920458
4170.0	60.0	0.521953471871	12.9372704229
4170.0	61.0	12.3187333315	7.43878729727
4170.0	63.0	6.44023235454	11.9807219456
4180.0	60.0	-0.15153487893	13.1472910466
4180.0	61.0	12.1000600826	7.44809502946
4180.0	63.0	5.91806841756	12.0690260715
4190.0	63.0	5.39569401547	12.1575688572
4200.0	63.0	4.87353007849	12.2458729831
4220.0	65.0	6.87652652679	9.05594610013
4230.0	65.0	6.74246025196	9.58768013389
4240.0	65.0	6.60860444224	10.1191755079
4250.0	65.0	6.41729165759	10.6833672744
4260.0	65.0	6.22597887294	11.2473203811
4270.0	65.0	6.04434748334	11.6854997734
4270.0	66.0	11.244519412	7.96694143403
4280.0	65.0	5.86503120993	12.0921760721
4280.0	66.0	10.8427415177	8.11156927266
4280.0	67.0	15.2242041699	7.17315894019
4290.0	65.0	5.67961144835	12.4776116486
4290.0	66.0	10.4409636234	8.25619711129
4290.0	67.0	14.4496925665	7.10633419627
4300.0	65.0	5.44052308382	12.6728353648
4300.0	66.0	10.0391857291	8.40082494991
4300.0	67.0	13.675180963	7.03950945235
4310.0	65.0	5.20143471929	12.8680590809
4310.0	66.0	9.48061132819	8.74974557709
4310.0	67.0	12.8878309879	6.9927321316
4320.0	65.0	5.09725449002	12.689302891
4320.0	66.0	8.92203692725	9.09842754448
4320.0	67.0	12.070174037	6.9927321316
4330.0	65.0	5.00822774865	12.4690198958
4330.0	66.0	8.33105089942	9.3268249728
4330.0	67.0	11.2525170861	6.9927321316
4340.0	65.0	4.93730100671	12.2107899925
4340.0	66.0	7.69123696616	9.37455693274
4340.0	67.0	10.467061297	7.06242079312
4350.0	65.0	4.9086777518	11.863539984
4350.0	66.0	7.05142303289	9.42228889269
4350.0	67.0	9.69549620512	7.1617032698
4360.0	65.0	4.87458240404	11.5136647176
4360.0	66.0	6.44823002871	9.34448579798
4360.0	67.0	8.95886832143	7.29248884004
4370.0	65.0	4.79229054617	11.140162131
4370.0	66.0	5.84924632671	9.25260177509
4370.0	67.0	8.30411136538	7.4955883296
4380.0	65.0	4.7097882232	10.7666595445
4380.0	66.0	5.27215099612	9.15546723661
4380.0	67.0	7.64914394423	7.69892647896
4390.0	65.0	4.60581845905	10.5392167553
4390.0	66.0	4.74598822206	9.04520640914
4390.0	67.0	7.00364745301	7.93448370127
4400.0	65.0	4.49637660204	10.3482889156
4400.0	66.0	4.21982544799	8.93494558167
4400.0	67.0	6.36404398486	8.19152030556
4410.0	65.0	4.38693474503	10.1573610758
4410.0	66.0	3.75596034638	8.79270434104
4410.0	67.0	5.72465098181	8.44855690986
4420.0	66.0	3.31882431368	8.63662083203
4420.0	67.0	4.98381379593	8.68721670957
4430.0	66.0	2.87663711836	8.492470313
4430.0	67.0	4.24297661005	8.92587650928
4440.0	66.0	2.38835806403	8.45428474505
4440.0	67.0	3.51224174943	9.15069404061
4450.0	66.0	1.9000790097	8.4160991771
4450.0	67.0	2.79181967918	9.36190796336
4460.0	66.0	1.53113367253	8.48149196222
4460.0	67.0	2.07139760893	9.57312188611
4470.0	66.0	1.24174414679	8.61561876966
4470.0	67.0	1.4059069323	9.89483529612
4480.0	66.0	0.952354621056	8.74998423689
4480.0	67.0	0.746519743842	10.2289590157
4490.0	66.0	0.66296509532	8.88411104433
4490.0	67.0	0.0869220902753	10.5630827353
4510.0	70.0	10.1980868869	13.3830869287
4520.0	70.0	10.227131072	13.0704425911
4530.0	70.0	10.2561752572	12.7575595937
4530.0	72.0	7.18191140086	7.59367750728
4540.0	70.0	10.2679613033	12.460428143
4540.0	72.0	6.9880730349	7.92660792788
4550.0	70.0	10.2626996756	12.1790482392
4550.0	72.0	6.79423466893	8.25953834848
4560.0	70.0	10.2572275827	11.8974296755
4560.0	72.0	6.60039630297	8.59246876908
4560.0	71.0	14.9701727826	8.59628732588
4570.0	70.0	10.2517554899	11.6160497717
4570.0	72.0	6.31584747475	8.93780949927
4570.0	71.0	13.9778297907	8.64187134762
4580.0	70.0	10.2725915357	11.3038827536
4580.0	72.0	5.94100911451	9.29579919884
4580.0	71.0	12.9856972639	8.68721670957
4590.0	70.0	10.3108961857	10.9711909928
4590.0	72.0	5.56617075427	9.65378889841
4590.0	71.0	12.0291333406	8.78482856765
4600.0	70.0	10.3492008356	10.638499232
4600.0	72.0	5.1580789067	9.98695797881
4600.0	71.0	11.0723589523	8.88244042574
4600.0	73.0	0.170055808577	9.85306983117
4610.0	70.0	10.3946612993	10.2967383988
4610.0	72.0	4.67232543369	10.2623713877
4610.0	71.0	10.1402089818	8.98792805721
4610.0	73.0	0.817656950895	9.81631622201
4610.0	74.0	0.448711613722	10.20008118
4620.0	70.0	10.4569589717	9.93445282287
4620.0	72.0	4.18657196067	10.5377847965
4620.0	71.0	9.21416249941	9.09532496708
4620.0	73.0	1.46525809321	9.77956261286
4620.0	74.0	1.17776275346	10.1234713842
4630.0	70.0	10.5192566442	9.57192858711
4630.0	72.0	3.67261616297	10.7680915033
4630.0	71.0	8.29421950523	9.30773218882
4630.0	73.0	2.09938946851	9.72538683832
4630.0	74.0	1.90702435832	10.0466229287
4640.0	70.0	10.5182043186	9.25427239369
4640.0	72.0	3.1464533889	10.979305426
4640.0	71.0	7.37574976683	9.54639198854
4640.0	73.0	2.72026154191	9.65378889841
4640.0	74.0	2.59335108081	10.0019935462
4650.0	70.0	10.474638041	8.96621001543
4650.0	72.0	2.62071154506	11.1816889362
4650.0	71.0	6.52736490993	9.85999096536
4650.0	73.0	3.34155454552	9.55832497852
4650.0	74.0	3.26136733876	9.97072911243
4660.0	70.0	10.4310717633	8.67814763718
4660.0	72.0	2.09875807319	11.305792032
4660.0	71.0	5.72570330736	10.2237085001
4660.0	73.0	3.96347894447	9.43899507867
4660.0	74.0	3.91864987612	9.92037189469
4670.0	70.0	10.457379902	8.33567082459
4670.0	72.0	1.57680460131	11.4298951279
4670.0	71.0	4.92130565837	10.5580708795
4670.0	73.0	4.58308822721	9.31823322001
4670.0	74.0	4.56014753026	9.84065952158
4680.0	70.0	10.5133636211	7.96956669183
4680.0	72.0	1.1259883365	11.5272683262
4680.0	71.0	4.11459289318	10.8630781036
4680.0	73.0	5.19764634731	9.19413012416
4680.0	74.0	5.21427309097	9.76214044748
4680.0	76.0	0.327694175687	7.05502233933
4690.0	70.0	10.5695578054	7.60370121887
4690.0	72.0	0.722526721344	11.6067420395
4690.0	71.0	3.36133826583	11.2296595559
4690.0	73.0	5.81220446742	9.07002702831
4690.0	74.0	5.89828469726	9.68529199197
4690.0	76.0	0.898896483211	7.37029193475
4690.0	77.0	-0.0145220925642	9.26000022888
4700.0	70.0	10.6575322212	7.18867182717
4700.0	72.0	0.319275571302	11.6864544126
4700.0	71.0	2.63081387032	11.622732246
4700.0	73.0	6.41329282051	8.95356104605
4700.0	74.0	6.58229630354	9.60868219626
4700.0	76.0	1.47030925584	7.68580018997
4700.0	77.0	0.58446160943	9.02134042917
4710.0	70.0	10.7591868692	6.75240171329
4710.0	72.0	-0.0841860438502	11.7659281259
4710.0	71.0	1.93627900855	11.9449229757
4710.0	73.0	7.01101373185	8.83900434219
4710.0	74.0	7.25178581726	9.4950801316
4710.0	76.0	1.92933365994	8.11443319026
4710.0	77.0	1.14219414994	8.69580846236
4720.0	70.0	10.860631052	6.31637025922
4720.0	71.0	1.24174414679	12.2671137053
4720.0	73.0	7.63904161897	8.72158372073
4720.0	74.0	7.9065427733	9.34496311758
4720.0	76.0	2.34016155393	8.59175278968
4720.0	77.0	1.65993831962	8.28937082345
4730.0	70.0	10.9185089572	5.86840581515
4730.0	71.0	0.465548822492	12.5356059799
4730.0	73.0	8.33778578292	8.59748062488
4730.0	74.0	8.56129972935	9.19460744376
4730.0	76.0	2.6676452645	9.06310589412
4730.0	77.0	2.17894527995	7.89176359712
4740.0	70.0	10.9652322115	5.4175774535
4740.0	71.0	-0.310436036698	12.8040982546
4740.0	73.0	9.03652994688	8.47337752903
4740.0	74.0	9.22237063868	9.05141156393
4740.0	76.0	2.93956618614	9.53040178196
4740.0	77.0	2.78866270254	7.54164967095
4750.0	70.0	10.8286403553	5.03691507295
4750.0	73.0	9.68139504277	8.37576567094
4750.0	74.0	9.88491480378	8.9098863027
4750.0	76.0	3.24116268823	9.96667189583
4750.0	77.0	3.41184989214	7.20895791014
4760.0	70.0	10.6922589643	4.65649135221
4760.0	73.0	10.3127903717	8.28483628725
4760.0	74.0	10.5464066433	8.77599815506
4760.0	76.0	3.66209290748	10.2778842747
4760.0	77.0	4.06660684818	6.98342439942
4770.0	70.0	10.5556671082	4.27582897167
4770.0	73.0	10.9696519788	8.20583989355
4770.0	74.0	11.1996903436	8.71036671014
4770.0	76.0	4.08302312674	10.5893353133
4770.0	77.0	4.75861612863	6.76839191987
4780.0	70.0	10.4384380421	3.87607380715
4780.0	73.0	11.6372473065	8.13161669584
4780.0	74.0	11.8527635788	8.64449660542
4780.0	76.0	4.52752543826	10.7456574821
4780.0	77.0	5.53733703425	6.5774640801
4790.0	70.0	10.3658275793	3.43168926008
4790.0	73.0	12.3050530994	8.05763215793
4790.0	74.0	12.4953135585	8.58459299569
4790.0	76.0	4.97476379622	10.8847961453
4790.0	77.0	6.30974398657	6.37579654934
4800.0	70.0	10.2932171165	2.98730471301
4800.0	73.0	12.9501286604	7.97672648582
4800.0	74.0	13.0955600511	8.54927134534
4800.0	76.0	5.39316843415	10.9067528469
4800.0	77.0	7.06741838123	6.14906973962
4810.0	70.0	10.2340764207	2.54745470214
4810.0	73.0	13.5895216634	7.89415019512
4810.0	74.0	13.6958065438	8.51394969498
4810.0	76.0	5.78252888696	10.811288927
4810.0	77.0	7.83540556625	5.96076715764
4820.0	70.0	10.1951403754	2.11428716566
4820.0	73.0	14.2169181552	7.81133524462
4820.0	74.0	14.3177309427	8.47528680742
4820.0	76.0	6.00267539163	10.6606945934
4820.0	77.0	8.62780670399	5.86267797996
4830.0	70.0	10.1562043301	1.68111962918
4830.0	73.0	14.7956972067	7.72780431472
4830.0	74.0	14.9615437131	8.43304402287
4830.0	76.0	6.05339748305	10.454969846
4830.0	77.0	9.44988342219	5.72473261573
4840.0	70.0	10.1149531686	1.23387116452
4840.0	73.0	15.3744762581	7.64427338482
4840.0	76.0	6.10411957447	10.2492450987
4840.0	77.0	10.2917438607	5.56077333332
4850.0	70.0	10.0728601467	0.780417545063
4850.0	76.0	6.02351143748	9.96643323603
4850.0	77.0	11.0517333715	5.45480838225
4860.0	70.0	10.0307671248	0.326963925607
4860.0	76.0	5.85513934978	9.63230951643
4860.0	77.0	11.8176159055	5.35313930757
4870.0	76.0	5.68676726208	9.29818579684
4870.0	77.0	12.6068600666	5.26960837767
4880.0	77.0	13.3961042277	5.18607744777
4890.0	78.0	3.54339058566	8.79461361944
4900.0	78.0	3.00775688166	8.67528371958
4910.0	78.0	2.47233364277	8.53566773675
4910.0	80.0	-0.0391465103903	8.82134351701
4920.0	78.0	1.94006738053	8.21276102774
4920.0	80.0	0.47207324089	8.86668887895
4930.0	78.0	1.36802321257	7.9951032904
4930.0	80.0	0.983082527061	8.9122729007
4940.0	78.0	0.736627883689	7.93543834047
4940.0	80.0	1.49598599922	8.94592393246
4950.0	78.0	0.105232554813	7.87577339054
4950.0	80.0	2.0095208667	8.97456310842
4960.0	80.0	2.52263480397	8.97360846923
4960.0	82.0	14.9430227834	9.93039560628
4960.0	83.0	15.153487893	8.93279764347
4970.0	80.0	3.03364409014	8.85427856937
4970.0	82.0	14.3116274545	10.0597492177
4970.0	83.0	14.5220925642	9.01799919197
4980.0	80.0	3.54486384142	8.73494866951
4980.0	82.0	13.6802321257	10.189341489
4980.0	83.0	13.8906972353	9.10320074047
4990.0	80.0	4.01988359385	8.59962856307
4990.0	82.0	13.0488367968	10.3189337602
4990.0	83.0	13.2593019064	9.18840228897
5000.0	80.0	4.45723009165	8.43805587867
5000.0	82.0	12.4490112343	10.4353997425
5000.0	83.0	12.5978100669	9.29914043603
5010.0	80.0	4.96003123854	8.26550484348
5010.0	82.0	11.8626554389	10.5461378895
5010.0	83.0	11.9363182273	9.4101172429
5020.0	80.0	5.5188161046	8.12493422144
5020.0	82.0	11.2765101086	10.6571146964
5020.0	83.0	11.2824031317	9.54138013274
5030.0	80.0	6.16199747962	8.03233421916
5030.0	82.0	10.6564798957	10.7635569671
5030.0	83.0	10.6581636165	9.75545797309
5040.0	80.0	6.71909862479	7.98913679541
5040.0	82.0	10.0328717758	10.8695219181
5040.0	83.0	10.0341345665	9.96929715363
5050.0	80.0	7.21895326016	7.97911308382
5050.0	82.0	9.40589621427	10.9869425396
5050.0	83.0	9.40084505164	10.1721579834
5060.0	80.0	7.7316462672	7.94737133046
5060.0	82.0	8.76481949036	11.149708523
5060.0	83.0	8.7460880956	10.349004895
5070.0	80.0	8.29527183078	7.8280414306
5070.0	82.0	8.12395323155	11.3124745064
5070.0	83.0	8.09112067444	10.5258518066
5080.0	80.0	8.85910785947	7.70871153074
5080.0	82.0	7.44583464833	11.4451693551
5080.0	83.0	7.46309278732	10.6490002632
5080.0	85.0	-0.155323250904	10.5248971674
5090.0	80.0	9.41452528377	7.61873678625
5090.0	82.0	6.76771606512	11.5776255439
5090.0	83.0	6.85274396941	10.7365884097
5090.0	85.0	0.432295335171	10.365711081
5100.0	80.0	9.95773573171	7.57243678511
5100.0	82.0	6.09864748162	11.7062631759
5100.0	83.0	6.24239515149	10.8239378964
5100.0	85.0	1.01991392125	10.2067636543
5110.0	80.0	10.5009461797	7.52613678396
5110.0	82.0	5.4510463393	11.8255930758
5110.0	83.0	5.60489633444	10.9525755284
5110.0	85.0	1.59637785651	10.0401791141
5120.0	80.0	11.0460508136	7.48246204062
5120.0	82.0	4.80344519698	11.9449229757
5120.0	83.0	4.94908705284	11.1086590375
5120.0	85.0	2.14674411818	9.85664972817
5130.0	80.0	11.595996145	7.44379915306
5130.0	82.0	4.14174289232	12.026783287
5130.0	83.0	4.29348823636	11.2647425465
5130.0	85.0	2.69711037985	9.67312034219
5130.0	86.0	-0.163320925069	8.29175742144
5140.0	80.0	12.1459414765	7.40537492531
5140.0	82.0	3.47414756459	12.0926533917
5140.0	83.0	3.64651848937	11.3795379101
5140.0	85.0	3.23884757203	9.44472291386
5140.0	86.0	0.548261610575	8.36001412416
5150.0	80.0	12.7040949472	7.35621100657
5150.0	82.0	2.80634177175	12.1585234964
5150.0	83.0	2.99954874238	11.4945719336
5150.0	85.0	3.77658592712	9.19723270156
5150.0	86.0	1.25984414622	8.42803216708
5160.0	80.0	13.2948705099	7.26432698368
5160.0	82.0	2.20525341866	12.2494528801
5160.0	83.0	2.35089527452	11.6055487405
5160.0	85.0	4.31453474732	8.94974248925
5160.0	86.0	2.02046505241	8.50416464319
5170.0	80.0	13.8858565378	7.17268162059
5170.0	82.0	1.62058134412	12.3465874186
5170.0	83.0	1.69845343468	11.7069791553
5170.0	85.0	4.78113589536	8.68005691558
5170.0	86.0	2.80213246955	8.58387701629
5180.0	80.0	14.431592567	7.0786496595
5180.0	82.0	1.03254182782	12.4554162872
5180.0	83.0	1.04601159484	11.8084095702
5180.0	85.0	5.24794750851	8.4101326821
5180.0	86.0	3.58843011912	8.65141773961
5190.0	80.0	14.9472320856	6.98318573962
5190.0	82.0	0.412722079976	12.6675848492
5190.0	83.0	0.393569755	11.9098399851
5190.0	85.0	5.619418427	8.02684504376
5190.0	86.0	4.37767428021	8.71108268954
5200.0	82.0	-0.206887202762	12.8797534111
5200.0	83.0	-0.258872084839	12.0112704
5200.0	85.0	5.95005911422	7.59510946608
5200.0	86.0	5.18123006876	8.73494866951
5210.0	85.0	6.03424515807	7.19726357996
5210.0	86.0	5.99446725235	8.73494866951
5220.0	85.0	5.95405795131	6.82232903461
5220.0	86.0	6.76455908847	8.71251464834
5230.0	85.0	5.87408120965	6.44715582946
5230.0	86.0	7.47024860105	8.65642959541
5230.0	87.0	5.09788588535	11.2179652257
5240.0	87.0	5.61247307838	11.1559136778
5240.0	88.0	14.8422099959	8.29175742144
5240.0	89.0	14.8104297643	8.87599661114
5250.0	87.0	6.12684980631	11.0941007897
5250.0	88.0	14.3461437325	8.36001412416
5250.0	89.0	14.3766611734	8.91943269469
5260.0	87.0	6.64143699934	11.0322879016
5260.0	88.0	13.8500774691	8.42803216708
5260.0	89.0	13.9428925825	8.96286877824
5270.0	87.0	7.14865791354	10.9320507857
5270.0	88.0	13.3464344618	8.54736206694
5270.0	89.0	13.4901821317	9.02635228496
5280.0	87.0	7.6550369673	10.8277564532
5280.0	88.0	12.8394240127	8.68841000857
5280.0	89.0	12.960862381	9.17098012359
5290.0	87.0	8.16141602106	10.7232234609
5290.0	88.0	12.3534600746	8.77385021687
5290.0	89.0	12.4315426303	9.31560796222
5300.0	87.0	8.68442181848	10.6363512938
5300.0	88.0	11.8887531125	8.80368269183
5300.0	89.0	11.9022228795	9.46023580084
5310.0	87.0	9.21437296452	10.5566389207
5310.0	88.0	11.4206787087	8.84377753818
5310.0	89.0	11.442356615	9.62586570184
5320.0	87.0	9.74453457566	10.4771652074
5320.0	88.0	10.92398105	8.97742702602
5320.0	89.0	10.9902775595	9.79388220084
5330.0	87.0	10.2618578151	10.3876677825
5330.0	88.0	10.4272833913	9.11107651386
5330.0	89.0	10.5329368763	9.94662447266
5340.0	87.0	10.7793915197	10.2981703576
5340.0	88.0	9.94573922046	9.26190950728
5340.0	89.0	10.0553915426	10.0385084955
5350.0	87.0	11.2971356894	10.1688167462
5350.0	88.0	9.4742973749	9.42419817108
5350.0	89.0	9.57784620884	10.1301538586
5360.0	87.0	11.8150903242	10.0127332372
5360.0	88.0	9.00348692467	9.58815745349
5360.0	89.0	9.10998227014	10.2385054077
5370.0	87.0	12.3332554241	9.85664972817
5370.0	88.0	8.53877996262	9.76715230327
5370.0	89.0	8.64843228473	10.3578353076
5380.0	87.0	12.8594181981	9.66381261
5380.0	88.0	8.07407300056	9.94614715306
5380.0	89.0	8.18709276443	10.4771652074
5390.0	87.0	13.3855809722	9.47121415163
5390.0	88.0	7.57969045805	9.96953581343
5390.0	89.0	7.70302301229	10.6043708807
5400.0	87.0	13.8976425839	9.29174198224
5400.0	88.0	7.07268000897	9.92609972988
5400.0	89.0	7.21895326016	10.7318152137
5410.0	87.0	14.3888681498	9.13279455563
5410.0	88.0	6.57808700135	9.91989457509
5410.0	89.0	6.73488350802	10.859020887
5420.0	87.0	14.8798832505	8.97360846923
5420.0	88.0	6.0961219003	9.95068168925
5420.0	89.0	6.2360811982	10.8855121247
5430.0	87.0	15.3708983513	8.81442238282
5430.0	88.0	5.61394633415	9.98146880342
5430.0	89.0	5.73706842328	10.9120033625
5440.0	88.0	5.11282890813	10.0327806604
5440.0	89.0	5.24268588077	10.9210724349
5450.0	88.0	4.58308822721	10.1151182913
5450.0	89.0	4.75861612863	10.8893306815
5460.0	88.0	4.05334754628	10.1974559222
5460.0	89.0	4.27454637649	10.8573502684
5470.0	88.0	3.5290789582	10.2683378827
5470.0	89.0	3.78837197326	10.864987382
5480.0	88.0	3.01049292808	10.3280028326
5480.0	89.0	3.2973568725	10.9645085184
5490.0	88.0	2.49169643286	10.3876677825
5490.0	89.0	2.80613130664	11.0637909951
5500.0	88.0	1.94890691513	10.4406502581
5500.0	89.0	2.26165806804	11.1067497591
5510.0	88.0	1.39601507215	10.4905301562
5510.0	89.0	1.71129180637	11.1435033682
5520.0	88.0	0.84291276405	10.5404100543
5520.0	89.0	1.17481624193	11.2077028543
5530.0	88.0	0.289810455954	10.5902899525
5530.0	89.0	0.671173234596	11.3353858472
5540.0	88.0	-0.263291852142	10.6404085104
5540.0	89.0	0.167530227262	11.4633074998
5550.0	89.0	-0.335902314962	11.5912291525
5970.0	97.0	14.796328602	8.11896772645
5980.0	97.0	14.2503821076	8.22326205893
5990.0	97.0	13.7046460784	8.3277950512
6000.0	97.0	13.1595414444	8.42612288868
6010.0	97.0	12.6163309965	8.51084711758
6020.0	97.0	12.0733310137	8.59557134648
6030.0	97.0	11.5204391707	8.69771774076
6040.0	97.0	10.9284008173	8.86931413675
6040.0	99.0	14.9234495282	8.73160743232
6050.0	97.0	10.336572929	9.04067187295
6050.0	99.0	14.2996309433	8.83375382659
6060.0	97.0	9.74453457566	9.21226826894
6060.0	99.0	13.6758123584	8.93613888067
6070.0	97.0	9.19290552333	9.36047600456
6070.0	99.0	13.0551507501	9.02229506837
6080.0	97.0	8.64148693611	9.50844508038
6080.0	99.0	12.4393298393	9.08410795649
6090.0	97.0	8.08964741868	9.65164096021
6090.0	99.0	11.8235089285	9.14592084462
6100.0	97.0	7.53612418036	9.74877549869
6100.0	99.0	11.1923240648	9.23541826951
6110.0	97.0	6.98281140716	9.84614869698
6110.0	99.0	10.5544043175	9.33661002459
6110.0	101.0	15.1280216148	8.40249556851
6120.0	97.0	6.42928816884	9.95044302945
6120.0	99.0	9.91669503534	9.43780177967
6120.0	101.0	14.5191460526	8.51323371558
6130.0	97.0	5.87597539564	10.0652383931
6130.0	99.0	9.28761482266	9.50558116279
6130.0	101.0	13.9102704905	8.62421052245
6140.0	97.0	5.32245215732	10.1802724166
6140.0	99.0	8.67116251657	9.52252600857
6140.0	101.0	13.3013949283	8.73494866951
6150.0	97.0	4.79565798793	10.2721564395
6150.0	99.0	8.05471021048	9.53947085435
6150.0	101.0	12.6474798327	8.9139435193
6160.0	97.0	4.28043939956	10.3544940704
6160.0	99.0	7.44562418322	9.61560333045
6160.0	101.0	11.9935647371	9.09293836908
6170.0	97.0	3.7652208112	10.4368317013
6170.0	99.0	6.84137885349	9.73111467352
6170.0	101.0	11.3531194085	9.26334146608
6180.0	97.0	3.22011617727	10.5647533539
6180.0	99.0	6.23713352375	9.84662601658
6180.0	101.0	10.7667636131	9.39985487151
6190.0	97.0	2.6676452645	10.7038920171
6190.0	99.0	5.63983354264	9.95450024605
6190.0	101.0	10.1804078177	9.53612961715
6200.0	97.0	2.12464528167	10.836348206
6200.0	99.0	5.04905797992	10.0544987021
6200.0	101.0	9.57616248796	9.67526828038
6210.0	97.0	1.5961673914	10.9583033636
6210.0	99.0	4.45849288231	10.1544971582
6210.0	101.0	8.94476715908	9.81846416021
6220.0	97.0	1.06747903602	11.0804971811
6220.0	99.0	3.83804173913	10.2413693253
6220.0	101.0	8.31337183021	9.96166004004
6230.0	97.0	0.538790680641	11.2026909985
6230.0	99.0	3.17297199271	10.3081940692
6230.0	101.0	7.71102068646	10.1222780852
6240.0	97.0	0.0103127903717	11.3246461562
6240.0	99.0	2.5079022463	10.3750188131
6240.0	101.0	7.15181489019	10.3086713888
6250.0	99.0	1.90155226547	10.4838476818
6250.0	101.0	6.59281955902	10.4950646924
6260.0	99.0	1.30172670303	10.5972110867
6260.0	101.0	6.0260370188	10.6805033568
6270.0	99.0	0.701901140601	10.7105744915
6270.0	101.0	5.42831610746	10.8618848046
6280.0	99.0	0.102075578168	10.8239378964
6280.0	101.0	4.83059519613	11.0432662523
6290.0	102.0	15.0482553382	8.80654660943
6290.0	104.0	0.542368587505	13.7658972475
6300.0	102.0	14.2617472236	8.96978991243
6300.0	104.0	1.19775693888	13.6704333276
6310.0	102.0	13.469767016	9.12396414305
6310.0	104.0	1.85335575536	13.5749694077
6320.0	102.0	12.6279065775	9.19556208296
6320.0	104.0	2.50874410674	13.4795054878
6330.0	102.0	11.7900449761	9.27360383747
6330.0	104.0	3.16118594658	13.3864281659
6340.0	102.0	10.9883833735	9.4101172429
6340.0	104.0	3.8066824378	13.2988400194
6350.0	102.0	10.1865113059	9.54639198854
6350.0	104.0	4.45196846391	13.2114905327
6360.0	102.0	9.36464505279	9.73970642631
6360.0	104.0	5.11977425675	13.1200838294
6370.0	102.0	8.5427787997	9.93278220427
6370.0	104.0	5.83935446656	13.0200853734
6380.0	102.0	7.75458696415	10.0301554026
6380.0	104.0	6.55914514148	12.9198482575
6390.0	102.0	6.97018350058	10.1170275697
6390.0	104.0	7.27788349085	12.795267842
6400.0	102.0	6.13379515493	10.2031837573
6400.0	104.0	7.99346486358	12.5725982489
6410.0	102.0	5.27509750765	10.2891012852
6410.0	104.0	8.7090462363	12.3499286558
6420.0	102.0	4.42292427878	10.3614152046
6420.0	104.0	9.40779040026	12.1050637013
6430.0	102.0	3.59726965372	10.3797920091
6430.0	104.0	10.0391857291	11.7728492601
6430.0	106.0	14.9851158053	8.75881464948
6440.0	102.0	2.77161502866	10.3981688137
6440.0	104.0	10.670581058	11.4403961591
6440.0	106.0	14.4042321028	8.76836104147
6450.0	102.0	1.94069877586	10.4463780933
6450.0	104.0	11.3051333635	11.0719054283
6450.0	106.0	13.8233484002	8.77790743346
6460.0	102.0	1.1064150813	10.514634796
6460.0	104.0	11.9447368317	10.6497162426
6460.0	106.0	13.237413535	8.84688011558
6470.0	102.0	0.272131386746	10.5828914987
6470.0	104.0	12.5841298347	10.2275270569
6470.0	106.0	12.6464275072	8.97551774762
6480.0	104.0	13.3192844627	9.90008581171
6480.0	106.0	12.0556519445	9.10391671987
6490.0	104.0	14.078221648	9.59627188668
6490.0	106.0	11.5147566127	9.28243425005
6500.0	104.0	14.8371588333	9.29245796164
6500.0	106.0	10.9797543041	9.46667961543
6510.0	104.0	15.5960960186	8.98888269641
6510.0	106.0	10.4445415303	9.65068632101
6520.0	106.0	9.88701945488	9.81965745921
6530.0	106.0	9.29645435727	9.96595591643
6540.0	106.0	8.70588925966	10.1122543737
6550.0	106.0	8.1186916038	10.2392213871
6560.0	106.0	7.53991255233	10.3213203582
6570.0	106.0	6.96113350086	10.4034193293
6580.0	106.0	6.37709282165	10.4833703622
6590.0	106.0	5.74569749278	10.5449445905
6600.0	106.0	5.1143021639	10.6065188189
6610.0	106.0	4.48290683502	10.6680930472
6620.0	106.0	3.81909987926	10.7139157287
6630.0	106.0	3.15529292351	10.7599770701
6640.0	106.0	2.52137201331	10.816062123
6650.0	106.0	1.93206970636	10.8876600629
6660.0	106.0	1.34276739941	10.9592580028
6670.0	106.0	0.766303464147	11.0470848091
6680.0	106.0	0.209202318968	11.1594935748
6750.0	110.0	10.9652322115	9.40319610871
6760.0	110.0	10.3338368826	9.54472136994
6770.0	110.0	9.70244155374	9.68600797137
6780.0	110.0	9.098196224	9.83875024319
6790.0	110.0	8.55687996205	10.017745093
6800.0	110.0	8.0157741652	10.1967399428
6810.0	110.0	7.43720557884	10.3833719061
6820.0	110.0	6.82138466807	10.5778796429
6830.0	110.0	6.20556375731	10.7723873797
6840.0	110.0	5.60131842757	10.9750095496
6850.0	110.0	5.00001960937	11.179540998
6860.0	110.0	4.4298696274	11.3270327542
6870.0	110.0	3.87318941244	11.4501812109
6880.0	110.0	3.31650919748	11.5735683273
6890.0	110.0	2.71499991417	11.670464206
6890.0	112.0	14.8220053454	7.43186616308
6890.0	113.0	15.0080565023	8.0774409213
6890.0	114.0	11.259883365	6.49154655221
6900.0	112.0	14.1379937391	7.5750620429
6900.0	113.0	14.3575088484	8.20774917195
6900.0	114.0	11.6808135842	6.73020635192
6910.0	112.0	13.4539821328	7.71825792273
6910.0	113.0	13.7069611946	8.33781876279
6910.0	114.0	12.1017438035	6.96886615163
6920.0	112.0	12.8078542463	7.88293318454
6920.0	113.0	13.0982960975	8.47337752903
6920.0	114.0	12.5003647211	7.00538110099
6930.0	112.0	12.1659356619	8.04999504433
6930.0	113.0	12.5073100697	8.61108423346
6930.0	114.0	12.8575240121	7.02972440056
6940.0	112.0	11.4989717295	8.20345329555
6940.0	113.0	11.9167449721	8.7478362987
6940.0	114.0	13.0583077267	7.09463986608
6950.0	112.0	10.8294822158	8.35524092817
6950.0	113.0	11.329126386	8.87718991014
6950.0	114.0	13.2593019064	7.1597939914
6960.0	112.0	10.209872933	8.50631258139
6960.0	113.0	10.7417182651	9.00654352159
6960.0	114.0	13.2955019053	7.22972131272
6970.0	112.0	9.61152062638	8.65714557481
6970.0	113.0	10.123371773	9.10988321486
6970.0	114.0	13.3319123692	7.29964863404
6980.0	112.0	8.98686018101	8.76072392788
6980.0	113.0	9.49197644411	9.20224455735
6980.0	114.0	13.3681123681	7.36957595535
6990.0	112.0	8.35546485213	8.85236929097
6990.0	113.0	8.86058111523	9.29460589984
6990.0	114.0	13.404522832	7.43950327667
7000.0	112.0	7.7141776631	8.95141310785
7000.0	113.0	8.24728578579	9.39818425292
7000.0	114.0	13.4407228309	7.50966925778
7010.0	112.0	7.03374396369	9.0786187811
7010.0	113.0	7.64598696759	9.50892239998
7010.0	114.0	13.5036518987	7.58389245549
7020.0	112.0	6.35331026427	9.20582445435
7020.0	113.0	7.04447768428	9.61966054705
7020.0	114.0	13.6734972422	7.67649245778
7030.0	112.0	5.68403121566	9.33637136479
7030.0	113.0	6.37098933347	9.77144817967
7030.0	114.0	13.8431321205	7.76885380027
7040.0	112.0	5.0595812354	9.47956724462
7040.0	113.0	5.67961144835	9.93325952387
7040.0	114.0	14.0285518821	7.84952081258
7050.0	112.0	4.43513125514	9.62276312445
7050.0	113.0	4.98802309813	10.0953095279
7050.0	114.0	14.3543518718	7.8266094718
7060.0	112.0	3.80352546115	9.75211673589
7060.0	113.0	4.38461962883	10.1907734478
7060.0	114.0	14.6803623266	7.80345947123
7070.0	112.0	3.14308594715	9.8261012738
7070.0	113.0	3.78142662464	10.2862373676
7070.0	114.0	15.0061623163	7.78030947066
7080.0	112.0	2.48285689825	9.90032447151
7080.0	113.0	3.17802315535	10.3817012875
7090.0	112.0	1.83862319769	9.94137395706
7090.0	113.0	2.59166735993	10.5862327359
7100.0	112.0	1.23290461219	9.90509766751
7100.0	113.0	2.00552202962	10.7907641842
7100.0	115.0	14.8678867393	8.4931862924
7110.0	112.0	0.626975561574	9.86906003775
7110.0	113.0	1.43053135012	11.0022167668
7110.0	115.0	14.0719076947	8.59700330528
7120.0	112.0	0.0210465109626	9.83278374819
7120.0	113.0	0.900580204088	11.2408765665
7120.0	115.0	13.275718185	8.70082031815
7130.0	113.0	0.37083952316	11.4795363662
7130.0	115.0	12.4384879789	8.75953062888
7140.0	113.0	-0.158901157767	11.7181961659
7140.0	115.0	11.5966275404	8.81346774362
7150.0	115.0	10.7547671019	8.86740485835
7160.0	115.0	9.99141014925	8.9098863027
7170.0	115.0	9.24783691695	8.94974248925
7170.0	116.0	0.0841860438502	11.0499487267
7180.0	115.0	8.50426368464	8.98959867581
7180.0	116.0	0.602351143748	10.967372436
7180.0	117.0	0.255083712866	10.3996007725
7190.0	115.0	7.72406952326	8.99055331501
7190.0	116.0	1.12030577854	10.8847961453
7190.0	117.0	0.754938348227	10.300079636
7200.0	115.0	6.93482536216	8.98220022202
7200.0	116.0	1.60963715842	10.794582741
7200.0	117.0	1.25479298359	10.2007971594
7210.0	115.0	6.14558120107	8.97360846923
7210.0	116.0	2.05624412104	10.693390986
7210.0	117.0	1.76496040932	10.1062878787
7220.0	115.0	5.30372076256	8.93685486007
7220.0	116.0	2.50264061856	10.5921992309
7220.0	117.0	2.27596969549	10.0127332372
7230.0	115.0	4.46186032406	8.90010125091
7230.0	116.0	2.95577199958	10.489575517
7230.0	117.0	2.79160921407	9.9139280801
7240.0	115.0	3.60379407212	8.92587650928
7240.0	116.0	3.47035919262	10.3745414935
7240.0	117.0	3.34723710348	9.77073220027
7250.0	115.0	2.72152433257	9.04520640914
7250.0	116.0	3.98473592054	10.2597461299
7250.0	117.0	3.9028649929	9.62753632044
7260.0	115.0	1.83904412791	9.164536309
7260.0	116.0	4.50521613664	10.149962622
7260.0	117.0	4.41050683731	9.50653580199
7270.0	115.0	0.997604619625	9.39842291272
7270.0	116.0	5.03432542224	10.0475775679
7270.0	117.0	4.88594751996	9.40057085091
7280.0	115.0	0.166267436604	9.6609486924
7280.0	116.0	5.56343470784	9.94519251386
7280.0	117.0	5.3613882026	9.29436724004
7290.0	116.0	6.09275445855	9.84304611958
7290.0	117.0	5.90438818543	9.22611053732
7300.0	116.0	6.57850793157	9.7468662203
7300.0	117.0	6.45475444711	9.1616723914
7310.0	116.0	7.05963117217	9.65140230041
7310.0	117.0	6.97902303518	9.09771156508
7320.0	116.0	7.54075441277	9.55593838053
7320.0	117.0	7.44204627636	9.03398939855
7330.0	116.0	8.0397671877	9.45665590385
7330.0	117.0	7.90506951753	8.97050589183
7340.0	116.0	8.56592996176	9.35116827237
7340.0	117.0	8.38282531638	8.88220176594
7350.0	116.0	9.09209273582	9.2459193007
7350.0	117.0	8.89530785832	8.73709660771
7360.0	116.0	9.61825550989	9.14067032903
7360.0	117.0	9.40779040026	8.59175278968
7370.0	116.0	10.1334740982	9.00893011958
7370.0	117.0	9.95352642952	8.43256670328
7380.0	116.0	10.6489031517	8.87742856994
7380.0	117.0	10.4990519937	8.27361927667
7390.0	116.0	11.1679101121	8.74998423689
7390.0	117.0	11.0559426737	8.12087700485
7400.0	116.0	11.7203810248	8.660486812
7400.0	117.0	11.6387205623	7.98317030041
7410.0	116.0	12.2728519376	8.57098938711
7410.0	117.0	12.2214984508	7.84546359598
