0	6.0	-1.72	1.32
10	6.0	-1.72	1.32
20	6.0	-1.72	1.32
30	6.0	-1.72	1.32
40	6.0	-1.72	1.32
50	6.0	-1.72	1.32
60	6.0	-1.72	1.32
70	6.0	-1.72	1.32
80	6.0	-1.72	1.32
90	6.0	-1.72	1.32
100	6.0	-1.72	1.32
110	6.0	-1.7	1.32
120	6.0	-1.7	1.32
130	6.0	-1.7	1.32
140	6.0	-1.7	1.32
140	11.0	0.4	2.98
150	6.0	-1.7	1.32
150	11.0	0.34	2.2
160	6.0	-1.7	1.32
160	11.0	0.34	1.36
170	6.0	-1.7	1.32
170	11.0	0.4	0.55
180	6.0	-1.7	1.32
180	11.0	0.42	-0.3
190	6.0	-1.7	1.32
190	11.0	0.49	-1.14
200	6.0	-1.7	1.32
200	11.0	0.53	-1.97
210	6.0	-1.7	1.32
210	11.0	0.58	-2.8
220	6.0	-1.7	1.32
220	11.0	0.6	-3.7
230	6.0	-1.7	1.32
230	11.0	0.74	-4.63
230	18.0	3.29	-6.77
240	6.0	-1.72	1.32
240	11.0	0.71	-5.59
240	18.0	3.29	-6.04
250	6.0	-1.72	1.32
250	11.0	0.7	-6.39
250	18.0	3.24	-5.34
260	11.0	0.74	-7.26
260	18.0	3.25	-4.66
270	11.0	0.8	-8.15
270	18.0	3.24	-3.93
280	11.0	0.83	-9.02
280	18.0	3.27	-3.24
290	18.0	3.26	-2.57
300	18.0	3.21	-1.88
310	18.0	3.22	-1.22
320	18.0	3.22	-0.53
320	19.0	0.36	1.64
330	18.0	3.29	0.12
330	19.0	0.44	2.06
340	18.0	3.43	0.85
340	19.0	0.57	2.5
350	18.0	3.44	1.44
350	19.0	0.61	2.96
500	26.0	3.53	-4.1
510	26.0	3.45	-3.58
520	26.0	3.43	-3.05
530	26.0	3.39	-2.57
540	26.0	3.34	-2.06
550	26.0	3.35	-1.55
560	26.0	3.24	-1.06
570	26.0	3.19	-0.6
580	26.0	3.19	-0.1
590	26.0	3.15	0.4
600	26.0	3.19	0.88
610	26.0	3.22	1.36
620	26.0	3.18	1.84
720	29.0	-1.07	-5.69
720	30.0	-1.29	-7.53
730	29.0	-0.89	-5.95
730	30.0	-1.29	-7.53
740	29.0	-0.71	-6.25
740	30.0	-1.29	-7.53
750	29.0	-0.47	-6.46
750	30.0	-1.29	-7.53
760	29.0	-0.33	-6.79
760	30.0	-1.29	-7.53
770	29.0	-0.14	-7.09
770	30.0	-1.29	-7.53
780	29.0	0.08	-7.34
780	30.0	-1.29	-7.53
790	29.0	0.14	-7.78
790	30.0	-1.29	-7.53
800	29.0	0.28	-8.13
800	30.0	-1.29	-7.53
810	30.0	-1.29	-7.53
950	33.0	0.78	-7.34
950	34.0	-1.31	-7.49
960	33.0	0.62	-6.8
960	34.0	-1.31	-7.49
970	33.0	0.57	-6.25
970	34.0	-1.31	-7.49
980	33.0	0.45	-5.73
980	34.0	-1.31	-7.49
990	33.0	0.25	-5.17
1140	44.0	-2.39	-2.19
1150	44.0	-2.39	-2.19
1150	47.0	-1.72	1.28
1160	44.0	-2.39	-2.19
1160	47.0	-1.72	1.28
1170	44.0	-2.39	-2.19
1170	47.0	-1.72	1.28
1180	47.0	-1.72	1.28
1190	47.0	-1.72	1.28
1200	47.0	-1.72	1.28
1210	47.0	-1.72	1.28
1220	47.0	-1.72	1.28
1230	47.0	-1.72	1.28
1240	47.0	-1.72	1.28
1250	47.0	-1.72	1.28
1260	47.0	-1.72	1.28
1270	47.0	-1.72	1.28
1280	47.0	-1.72	1.28
1290	47.0	-1.72	1.28
1300	47.0	-1.72	1.28
1310	47.0	-1.72	1.28
1320	47.0	-1.72	1.28
1330	47.0	-1.72	1.28
1340	47.0	-1.72	1.28
1350	47.0	-1.72	1.28
1360	47.0	-1.72	1.28
1370	47.0	-1.72	1.28
1380	47.0	-1.72	1.28
1480	52.0	2.19	-1.87
1490	52.0	2.04	-1.14
1500	52.0	1.95	-0.43
1510	52.0	1.97	0.3
1520	52.0	1.93	0.98
1530	52.0	2.01	1.66
1540	52.0	1.89	2.35
1550	52.0	1.82	3.04
1670	56.0	1.48	0.55
1680	56.0	1.75	0.66
1690	56.0	1.98	0.86
1700	56.0	2.29	0.96
1710	56.0	2.64	1.08
1720	56.0	2.93	1.22
1730	56.0	3.19	1.45
1740	56.0	3.48	1.57
1750	56.0	3.86	1.73
1900	63.0	1.18	3.75
1910	63.0	1.2	3.25
1920	63.0	1.33	2.71
1930	63.0	1.45	2.13
1940	63.0	1.69	1.61
1950	63.0	1.97	1.07
1960	63.0	2.2	0.54
1970	63.0	2.44	-0.08
1980	63.0	2.56	-0.76
1990	63.0	2.61	-1.41
2000	65.0	0.7	-0.86
2010	65.0	0.66	-1.11
2020	65.0	0.55	-1.31
2030	65.0	0.58	-1.37
2040	65.0	0.5	-1.52
2050	65.0	0.49	-1.5
2060	65.0	0.49	-1.5
2300	70.0	2.85	0.74
2310	70.0	2.93	0.25
2320	70.0	3.14	-0.23
2330	70.0	3.35	-0.73
2340	70.0	3.55	-1.23
2350	70.0	3.8	-1.87
2770	71.0	2.66	3.27
2770	72.0	1.95	3.46
2780	71.0	2.67	2.68
2780	72.0	1.86	2.86
2790	71.0	2.69	2.07
2790	72.0	1.83	2.27
2800	71.0	2.64	1.45
2800	72.0	1.79	1.72
2810	71.0	2.63	0.86
2810	72.0	1.75	1.16
2820	71.0	2.63	0.25
2820	72.0	1.79	0.55
2830	71.0	2.6	-0.34
2830	72.0	1.8	-0.06
2840	71.0	2.62	-0.93
2840	72.0	1.79	-0.66
2840	78.0	3.59	-6.43
2850	71.0	2.56	-1.51
2850	72.0	1.79	-1.27
2850	78.0	3.63	-6.0
2860	71.0	2.45	-2.13
2860	72.0	1.69	-1.91
2860	78.0	3.7	-5.54
2870	71.0	2.35	-2.71
2870	72.0	1.6	-2.54
2870	78.0	3.76	-5.04
2880	71.0	2.19	-3.29
2880	72.0	1.49	-3.15
2880	78.0	3.79	-4.57
2890	71.0	2.13	-3.91
2890	72.0	1.35	-3.77
2890	78.0	3.87	-3.99
2900	71.0	2.06	-4.54
2900	72.0	1.29	-4.42
2900	78.0	3.87	-3.45
2910	71.0	2.02	-5.18
2910	72.0	1.2	-5.06
2910	78.0	3.86	-2.98
2920	71.0	2.09	-5.8
2920	72.0	1.09	-5.73
2920	78.0	3.85	-2.46
2930	71.0	2.15	-6.46
2930	72.0	0.99	-6.42
2940	71.0	2.28	-7.13
2940	72.0	0.83	-7.1
2950	71.0	2.38	-7.77
2950	72.0	0.76	-7.76
2960	71.0	2.43	-8.43
2960	72.0	0.75	-8.58
2970	71.0	2.48	-9.09
2970	72.0	0.7	-9.28
2980	71.0	2.45	-9.73
2980	72.0	0.85	-9.9
3410	91.0	1.97	-3.91
3420	91.0	2.09	-4.42
3430	91.0	2.2	-4.95
3440	91.0	2.27	-5.49
3450	91.0	2.34	-5.99
3460	91.0	2.4	-6.48
3470	91.0	2.47	-6.94
3480	91.0	2.52	-7.37
3480	94.0	2.45	-10.15
3490	91.0	2.5	-7.95
3490	94.0	2.67	-10.02
3500	91.0	2.38	-8.32
3500	94.0	2.92	-9.82
3510	91.0	2.37	-8.88
3510	94.0	3.25	-9.56
3520	91.0	2.21	-9.41
3520	94.0	3.43	-9.35
3530	91.0	2.25	-9.99
3530	94.0	3.66	-9.02
4000	96.0	1.98	3.74
4000	102.0	1.37	-9.2
4010	96.0	1.96	3.44
4010	102.0	1.37	-9.2
4020	96.0	1.98	3.11
4020	102.0	1.37	-9.2
4030	96.0	1.86	2.78
4030	102.0	1.38	-9.18
4040	96.0	1.83	2.43
4040	102.0	1.38	-9.18
4050	96.0	1.86	2.07
4050	102.0	1.38	-9.18
4060	96.0	1.8	1.7
4060	102.0	1.38	-9.18
4070	96.0	1.81	1.32
4070	102.0	1.38	-9.18
4080	96.0	1.85	0.94
4080	102.0	1.38	-9.18
4090	96.0	1.84	0.48
4090	102.0	1.38	-9.18
4100	96.0	1.86	0.01
4100	102.0	1.38	-9.18
4110	96.0	1.9	-0.5
4110	102.0	1.38	-9.18
4120	96.0	1.86	-0.92
4120	102.0	1.38	-9.18
4130	96.0	1.9	-1.47
4130	102.0	1.38	-9.18
4140	96.0	1.92	-1.94
4140	102.0	1.38	-9.18
4150	96.0	1.87	-2.41
4150	102.0	1.38	-9.18
4160	96.0	1.95	-2.91
4160	102.0	1.38	-9.18
4170	96.0	1.99	-3.4
4170	102.0	1.38	-9.18
4180	96.0	1.96	-3.89
4180	102.0	1.38	-9.18
4190	96.0	2.07	-4.38
4190	102.0	1.38	-9.18
4200	96.0	2.12	-4.88
4200	102.0	1.38	-9.18
4210	96.0	2.16	-5.35
4210	102.0	1.38	-9.18
4220	96.0	2.35	-5.82
4220	102.0	1.38	-9.18
4230	96.0	2.45	-6.3
4230	102.0	1.38	-9.18
4240	96.0	2.51	-6.75
4240	102.0	1.38	-9.18
4240	103.0	3.92	-8.42
4250	96.0	2.68	-7.2
4250	102.0	1.38	-9.18
4250	103.0	3.7	-7.77
4260	96.0	2.69	-7.62
4260	102.0	1.41	-9.18
4260	103.0	3.68	-7.09
5240	114.0	1.59	-4.09
5240	117.0	-1.47	-3.14
5250	114.0	1.52	-3.76
5250	117.0	-1.47	-3.14
5260	114.0	1.51	-3.39
5260	117.0	-1.47	-3.14
5270	114.0	1.48	-3.04
5270	117.0	-1.47	-3.14
5280	114.0	1.38	-2.62
5280	117.0	-1.36	-3.1
5290	114.0	1.35	-2.25
5290	117.0	-1.24	-3.14
5300	114.0	1.41	-1.84
5300	117.0	-1.27	-3.14
5310	114.0	1.4	-1.44
5310	117.0	-1.25	-3.11
5320	114.0	1.33	-1.03
5320	117.0	-1.22	-3.14
5330	114.0	1.38	-0.71
5330	117.0	-1.28	-3.14
5340	114.0	1.43	-0.34
5340	117.0	-1.22	-3.09
5350	114.0	1.41	0.04
5350	117.0	-1.21	-3.09
5360	114.0	1.32	0.39
5360	117.0	-1.16	-3.11
5370	114.0	1.33	0.75
5370	117.0	-1.35	-3.11
5680	118.0	2.39	-0.56
5680	119.0	1.3	3.75
5680	122.0	2.7	-8.14
5690	118.0	2.54	0.03
5690	119.0	1.23	3.21
5690	122.0	2.78	-7.37
5700	118.0	2.58	0.66
5700	119.0	1.25	2.68
5700	122.0	2.79	-6.6
5710	118.0	2.73	1.27
5710	119.0	1.24	2.15
5710	122.0	2.77	-5.79
5720	118.0	2.82	1.85
5720	119.0	1.23	1.65
5720	122.0	2.82	-5.0
5730	118.0	2.79	2.46
5730	119.0	1.21	1.03
5730	122.0	2.83	-4.19
5740	119.0	1.23	0.42
5740	122.0	2.89	-3.37
5750	119.0	1.29	-0.06
5750	122.0	2.88	-2.58
5760	119.0	1.32	-0.61
5760	122.0	2.79	-1.71
5770	119.0	1.38	-1.18
5770	122.0	2.81	-0.86
5780	119.0	1.47	-1.86
5780	122.0	2.75	-0.1
5790	119.0	1.53	-2.46
5790	122.0	2.73	0.67
5800	119.0	1.73	-3.04
5800	122.0	2.69	1.41
5810	119.0	1.83	-3.68
5810	122.0	2.68	2.15
5820	119.0	1.95	-4.21
5830	119.0	2.07	-4.79
5840	119.0	2.24	-5.45
5850	119.0	2.37	-5.91
5860	119.0	2.58	-6.61
5870	119.0	2.68	-7.26
5880	119.0	2.86	-7.87
5890	119.0	2.96	-8.47
5900	119.0	3.13	-9.2
6760	132.0	1.83	2.08
6770	132.0	1.78	1.45
6780	132.0	1.88	0.79
6790	132.0	1.92	0.16
6790	136.0	3.14	-1.41
6800	132.0	1.94	-0.49
6800	136.0	3.15	-1.43
6810	132.0	2.05	-1.14
6810	136.0	3.17	-1.46
6820	132.0	2.06	-1.8
6820	136.0	3.17	-1.49
6830	132.0	2.21	-2.47
6830	136.0	3.18	-1.52
6840	132.0	2.28	-3.08
6840	136.0	3.2	-1.52
6850	132.0	2.35	-3.75
6850	136.0	3.2	-1.54
6860	132.0	2.57	-4.42
6860	136.0	3.19	-1.56
6870	132.0	2.72	-5.08
6870	136.0	3.18	-1.56
6870	140.0	2.0	2.07
6870	141.0	2.61	3.32
6880	132.0	2.96	-5.92
6880	136.0	3.18	-1.56
6880	140.0	1.95	1.41
6880	141.0	2.65	2.7
6890	132.0	3.16	-6.58
6890	136.0	3.19	-1.54
6890	140.0	1.97	0.63
6890	141.0	2.59	2.11
6890	144.0	0.01	-6.93
6900	132.0	3.26	-7.33
6900	136.0	3.17	-1.52
6900	140.0	2.05	-0.02
6900	141.0	2.49	1.55
6900	144.0	0.01	-6.93
6910	132.0	3.42	-8.07
6910	136.0	3.15	-1.5
6910	140.0	2.0	-0.66
6910	141.0	2.43	0.95
6910	144.0	0.01	-6.93
6920	132.0	3.42	-8.84
6920	136.0	3.15	-1.49
6920	140.0	2.09	-1.34
6920	141.0	2.32	0.38
6920	144.0	-0.14	-6.84
6930	132.0	3.48	-9.63
6930	136.0	3.17	-1.5
6930	140.0	2.05	-1.98
6930	141.0	2.29	-0.32
6930	144.0	-0.23	-6.9
6940	136.0	3.18	-1.52
6940	140.0	2.11	-2.69
6940	141.0	2.25	-0.95
6940	144.0	-0.29	-6.79
6950	136.0	3.18	-1.55
6950	140.0	2.23	-3.37
6950	141.0	2.24	-1.53
6950	144.0	-0.26	-6.82
6960	136.0	3.2	-1.59
6960	140.0	2.31	-4.12
6960	141.0	2.31	-2.1
6960	144.0	-0.26	-6.81
6970	136.0	3.22	-1.6
6970	140.0	2.45	-4.8
6970	141.0	2.39	-2.7
6970	144.0	-0.24	-6.9
6970	145.0	2.46	2.98
6980	136.0	3.23	-1.6
6980	140.0	2.51	-5.49
6980	141.0	2.42	-3.44
6980	144.0	-0.33	-6.83
6980	145.0	2.51	2.45
6990	136.0	3.25	-1.61
6990	140.0	2.62	-6.13
6990	141.0	2.52	-4.15
6990	144.0	-0.25	-6.9
6990	145.0	2.6	1.9
7000	136.0	3.25	-1.62
7000	140.0	2.79	-6.81
7000	141.0	2.58	-4.83
7000	144.0	-0.24	-6.91
7000	145.0	2.66	1.36
7010	136.0	3.2	-1.64
7010	140.0	2.89	-7.49
7010	141.0	2.62	-5.49
7010	144.0	-0.24	-6.91
7010	145.0	2.68	0.84
7020	136.0	3.1	-1.62
7020	140.0	3.01	-8.19
7020	141.0	2.72	-6.15
7020	144.0	-0.24	-6.91
7020	145.0	2.69	0.31
7030	140.0	3.09	-8.85
7030	141.0	2.77	-6.84
7030	144.0	-0.24	-6.91
7030	145.0	2.53	-0.18
7040	140.0	2.98	-9.59
7040	141.0	2.93	-7.57
7040	144.0	-0.24	-6.91
7040	145.0	2.36	-0.61
7050	141.0	3.03	-8.29
7050	144.0	-0.24	-6.91
7050	145.0	2.17	-1.09
7060	144.0	-0.24	-6.91
7060	145.0	1.95	-1.56
7070	144.0	-0.24	-6.91
7070	145.0	1.85	-1.99
7080	144.0	-0.24	-6.91
7080	145.0	1.85	-2.54
7090	144.0	-0.24	-6.91
7090	145.0	1.82	-3.13
7100	144.0	-0.26	-6.87
7100	145.0	1.99	-3.67
7110	144.0	-0.24	-6.9
7110	145.0	2.1	-4.27
7120	144.0	-0.24	-6.83
7120	145.0	2.27	-4.96
7130	144.0	-0.24	-6.9
7130	145.0	2.44	-5.52
7140	144.0	-0.24	-6.91
7140	145.0	2.53	-6.17
7150	144.0	-0.24	-6.91
7150	145.0	2.57	-6.81
7160	144.0	-0.24	-6.91
7160	145.0	2.59	-7.47
7170	144.0	-0.24	-6.91
7170	145.0	2.56	-8.12
7180	144.0	-0.24	-6.91
7180	145.0	2.56	-8.78
7190	144.0	-0.24	-6.91
7190	145.0	2.53	-9.4
7200	144.0	-0.24	-6.91
7210	144.0	-0.24	-6.91
7220	144.0	-0.24	-6.91
7230	144.0	-0.24	-6.91
7240	144.0	-0.24	-6.91
7250	144.0	-0.24	-6.91
7260	144.0	-0.24	-6.91
7520	160.0	2.27	-9.71
7530	160.0	2.29	-9.06
7540	160.0	2.31	-8.45
7550	160.0	2.28	-7.71
7560	160.0	2.38	-6.92
7570	160.0	2.39	-6.24
7570	162.0	3.44	2.52
7580	160.0	2.41	-5.51
7580	162.0	3.4	2.02
7590	160.0	2.36	-4.82
7590	162.0	3.56	1.54
7600	160.0	2.35	-4.09
7600	162.0	3.66	1.13
7610	160.0	2.4	-3.37
7610	162.0	3.68	0.7
7620	160.0	2.34	-2.63
7620	162.0	3.93	0.23
7630	160.0	2.35	-1.9
7630	162.0	3.96	-0.36
7640	160.0	2.35	-1.25
7640	162.0	3.99	-0.79
7650	160.0	2.33	-0.64
7660	160.0	2.36	0.01
7670	160.0	2.35	0.66
8050	165.0	2.78	-8.31
8060	165.0	2.84	-7.67
8070	165.0	2.82	-7.06
8080	165.0	2.8	-6.44
8090	165.0	2.78	-5.84
8090	168.0	0.9	1.86
8100	165.0	2.77	-5.25
8100	168.0	0.96	1.55
8110	165.0	2.8	-4.64
8110	168.0	0.97	1.12
8120	165.0	2.8	-4.03
8120	168.0	0.9	0.68
8130	165.0	2.82	-3.37
8130	168.0	0.95	0.23
8140	165.0	2.9	-2.71
8140	168.0	0.94	-0.18
8150	165.0	2.89	-2.06
9320	178.0	-0.63	-2.95
9330	178.0	-0.83	-2.92
9410	184.0	-1.06	-2.53
9420	184.0	-1.06	-2.53
9420	188.0	3.91	-5.44
9430	184.0	-1.06	-2.53
9430	188.0	3.92	-5.15
9440	184.0	-1.06	-2.53
9440	188.0	3.98	-4.88
9450	184.0	-1.06	-2.53
9450	188.0	4.02	-4.54
9460	184.0	-1.06	-2.53
9470	184.0	-1.06	-2.53
9480	184.0	-1.06	-2.53
9480	193.0	0.45	3.7
9490	184.0	-1.06	-2.53
9490	193.0	0.56	3.02
9500	184.0	-1.18	-2.51
9500	193.0	0.57	2.26
9500	194.0	1.72	-8.94
9500	195.0	2.24	-9.13
9510	193.0	0.63	1.51
9510	194.0	1.78	-8.3
9510	195.0	2.31	-8.51
9520	193.0	0.63	0.75
9520	194.0	1.8	-7.81
9520	195.0	2.35	-7.95
9530	193.0	0.63	0.0
9530	194.0	1.88	-7.26
9530	195.0	2.43	-7.42
9540	193.0	0.59	-0.73
9540	194.0	1.96	-6.65
9540	195.0	2.48	-6.87
9550	193.0	0.51	-1.51
9550	194.0	1.98	-6.05
9550	195.0	2.47	-6.2
9550	200.0	2.01	-9.81
9560	193.0	0.48	-2.29
9560	194.0	2.04	-5.44
9560	195.0	2.53	-5.6
9560	200.0	1.99	-9.27
9570	193.0	0.49	-3.09
9570	194.0	2.06	-4.85
9570	195.0	2.56	-5.01
9570	200.0	2.06	-8.71
9580	193.0	0.55	-3.93
9580	194.0	2.09	-4.22
9580	195.0	2.58	-4.42
9580	200.0	2.13	-8.19
9590	193.0	0.62	-4.64
9590	194.0	2.16	-3.62
9590	195.0	2.61	-3.85
9590	200.0	2.13	-7.64
9600	193.0	0.62	-5.51
9600	194.0	2.15	-3.04
9600	195.0	2.59	-3.29
9600	200.0	2.14	-7.03
9610	193.0	0.63	-6.29
9610	194.0	2.14	-2.5
9610	195.0	2.55	-2.75
9610	200.0	2.12	-6.46
9620	193.0	0.49	-6.99
9620	194.0	2.1	-1.94
9620	195.0	2.51	-2.18
9620	200.0	2.13	-5.9
9630	193.0	0.52	-7.8
9630	194.0	1.99	-1.37
9630	195.0	2.43	-1.59
9630	200.0	2.2	-5.32
9640	193.0	0.47	-8.55
9640	194.0	1.92	-0.83
9640	195.0	2.42	-1.02
9640	200.0	2.15	-4.73
9650	193.0	0.42	-9.37
9650	194.0	1.84	-0.3
9650	195.0	2.38	-0.44
9650	200.0	2.04	-4.16
9660	194.0	1.79	0.24
9660	195.0	2.36	0.12
9660	200.0	1.96	-3.54
9670	194.0	1.75	0.86
9670	195.0	2.33	0.62
9670	200.0	1.85	-2.95
9680	194.0	1.69	1.29
9680	195.0	2.24	1.29
9680	200.0	1.79	-2.42
9690	194.0	1.73	1.84
9690	195.0	2.23	1.8
9690	200.0	1.78	-1.86
9700	194.0	1.77	2.35
9700	195.0	2.23	2.27
9700	200.0	1.68	-1.2
9710	194.0	1.82	2.96
9710	195.0	2.24	2.82
9710	200.0	1.73	-0.75
9720	200.0	1.86	-0.26
9730	200.0	1.79	0.32
9740	200.0	1.8	0.86
9750	200.0	1.76	1.26
9760	200.0	1.69	1.89
9770	200.0	1.7	2.39
9780	200.0	1.75	2.94
9790	214.0	1.41	-10.01
9800	214.0	1.74	-9.46
9810	214.0	1.98	-8.94
9820	214.0	2.25	-8.37
9830	214.0	2.53	-7.91
9840	214.0	2.67	-7.29
9850	214.0	2.92	-6.76
9860	214.0	3.15	-6.26
9870	214.0	3.42	-5.81
9880	214.0	3.81	-5.46
9890	214.0	4.19	-5.09
10050	222.0	-0.94	-0.96
10060	222.0	-0.99	-1.05
10070	222.0	-1.02	-1.15
10080	222.0	-1.02	-1.2
10080	226.0	1.62	-9.94
10090	222.0	-1.06	-1.2
10090	226.0	1.72	-9.5
10100	222.0	-1.09	-1.17
10100	226.0	1.71	-8.99
10110	222.0	-1.11	-1.15
10110	226.0	1.7	-8.5
10120	222.0	-1.11	-1.13
10120	226.0	1.64	-8.02
10130	222.0	-1.13	-1.11
10130	226.0	1.5	-7.49
10140	222.0	-1.15	-1.08
10140	226.0	1.45	-6.96
10150	222.0	-1.15	-1.08
10150	226.0	1.4	-6.46
10160	222.0	-1.15	-1.08
10160	226.0	1.31	-5.96
10170	222.0	-1.15	-1.08
10170	226.0	1.27	-5.46
10180	222.0	-1.15	-1.08
10180	226.0	1.21	-4.99
10190	222.0	-1.15	-1.08
10190	226.0	1.12	-4.52
10200	222.0	-1.15	-1.08
10200	226.0	1.1	-4.04
10210	222.0	-1.15	-1.1
10210	226.0	0.97	-3.58
10220	222.0	-1.21	-1.19
10220	226.0	0.85	-3.14
10230	222.0	-1.33	-1.31
10230	226.0	0.76	-2.65
10240	222.0	-1.34	-1.32
10240	226.0	0.67	-2.19
10250	222.0	-1.69	-1.46
10250	226.0	0.67	-1.75
10260	222.0	-1.76	-1.4
10260	226.0	0.74	-1.28
10260	230.0	0.93	-9.76
10260	232.0	3.52	-10.01
10270	226.0	0.81	-0.75
10270	230.0	0.76	-9.2
10270	232.0	3.43	-9.55
10280	226.0	0.96	-0.34
10280	230.0	0.63	-8.65
10280	232.0	3.44	-9.17
10290	226.0	1.12	0.22
10290	230.0	0.58	-8.08
10290	232.0	3.54	-8.78
10300	226.0	1.25	0.73
10300	230.0	0.45	-7.48
10300	232.0	3.56	-8.35
10310	226.0	1.45	1.21
10310	230.0	0.41	-6.95
10310	232.0	3.56	-7.92
10320	226.0	1.58	1.69
10320	230.0	0.41	-6.36
10320	232.0	3.63	-7.49
10330	230.0	0.35	-5.75
10330	232.0	3.59	-7.11
10340	230.0	0.43	-5.1
10340	232.0	3.65	-6.6
10350	230.0	0.52	-4.55
10350	232.0	3.64	-6.25
10360	230.0	0.56	-3.91
10360	232.0	3.71	-5.78
10370	230.0	0.73	-3.38
10370	232.0	3.64	-5.35
10380	230.0	0.79	-2.81
10380	232.0	3.63	-5.03
10390	230.0	0.84	-2.26
10390	232.0	3.63	-4.68
10400	230.0	0.94	-1.72
10400	232.0	3.64	-4.33
10410	230.0	0.95	-1.14
10410	232.0	3.58	-3.97
10420	230.0	1.02	-0.6
10420	232.0	3.48	-3.68
10420	237.0	2.73	-9.75
10430	230.0	1.13	-0.06
10430	232.0	3.52	-3.34
10430	237.0	2.59	-8.95
10440	230.0	1.19	0.53
10440	232.0	3.64	-2.96
10440	237.0	2.56	-8.17
10450	230.0	1.34	1.07
10450	232.0	3.65	-2.58
10450	237.0	2.48	-7.4
10460	230.0	1.45	1.61
10460	232.0	3.65	-2.2
10460	237.0	2.36	-6.62
10470	230.0	1.5	2.15
10470	232.0	3.66	-1.81
10470	237.0	2.34	-5.81
10480	230.0	1.65	2.67
10480	232.0	3.68	-1.37
10480	237.0	2.22	-4.98
10490	230.0	1.73	3.21
10490	232.0	3.65	-0.98
10490	237.0	2.13	-4.14
10500	230.0	1.76	3.75
10500	232.0	3.65	-0.62
10500	237.0	2.06	-3.35
10510	232.0	3.64	-0.13
10510	237.0	1.94	-2.58
10520	232.0	3.56	0.21
10520	237.0	1.93	-1.82
10530	232.0	3.49	0.61
10530	237.0	1.87	-1.1
10540	232.0	3.57	1.02
10540	237.0	1.82	-0.27
10550	232.0	3.58	1.36
10550	237.0	1.86	0.56
10560	232.0	3.42	1.73
10560	237.0	1.79	1.33
10570	232.0	3.42	2.12
10570	237.0	1.88	2.02
10570	243.0	2.73	-9.7
10580	232.0	3.53	2.47
10580	237.0	1.89	2.71
10580	243.0	2.74	-8.97
10590	232.0	3.05	2.94
10590	237.0	1.83	3.5
10590	243.0	2.8	-8.27
10600	243.0	2.83	-7.58
10610	243.0	2.78	-6.92
10610	251.0	0.59	4.25
10620	243.0	2.82	-6.25
10620	251.0	0.59	4.25
10630	243.0	2.8	-5.56
10640	243.0	2.92	-4.67
10650	243.0	2.79	-4.13
10660	243.0	2.87	-3.23
10670	243.0	2.74	-2.49
10680	243.0	2.62	-1.82
10690	243.0	2.58	-1.15
10700	243.0	2.49	-0.54
10710	243.0	2.4	0.05
10720	243.0	2.43	0.6
10730	243.0	2.44	1.1
10740	243.0	2.48	1.55
10750	243.0	2.62	2.03
10780	257.0	-0.26	-2.83
10790	257.0	0.3	-2.89
10800	257.0	0.85	-3.06
10810	257.0	1.49	-3.31
10820	257.0	2.12	-3.51
10830	257.0	2.7	-3.74
10840	257.0	3.27	-3.89
10850	257.0	3.94	-3.9
11000	262.0	3.39	-9.44
11010	262.0	3.45	-8.86
11020	262.0	3.43	-8.25
11030	262.0	3.48	-7.66
11040	262.0	3.43	-6.99
11050	262.0	3.37	-6.35
11060	262.0	3.31	-5.75
11070	262.0	3.22	-5.17
11080	262.0	3.22	-4.62
11090	262.0	3.23	-4.02
11100	262.0	3.17	-3.38
11110	262.0	3.19	-2.78
11120	262.0	3.28	-2.23
11130	262.0	3.28	-1.47
11140	262.0	3.36	-0.82
11150	262.0	3.38	-0.27
11160	262.0	3.36	0.33
11170	262.0	3.36	0.94
11180	262.0	3.22	1.51
11190	262.0	3.17	1.98
11200	262.0	3.11	2.6
11210	262.0	3.0	3.15
11350	265.0	0.78	3.0
11360	265.0	0.8	2.48
11360	267.0	1.57	3.49
11370	265.0	0.8	1.96
11370	267.0	1.61	2.85
11380	265.0	0.85	1.4
11380	267.0	1.73	2.12
11390	265.0	0.85	0.87
11390	267.0	1.75	1.57
11400	265.0	0.8	0.34
11400	267.0	1.75	0.94
11410	265.0	0.82	-0.22
11410	267.0	1.79	0.23
11420	265.0	0.8	-0.73
11420	267.0	1.83	-0.42
11430	265.0	0.75	-1.26
11430	267.0	1.84	-1.06
11440	265.0	0.85	-1.92
11440	267.0	1.91	-1.72
11450	265.0	0.83	-2.48
11450	267.0	1.95	-2.4
11460	265.0	0.81	-3.05
11460	267.0	2.02	-3.05
11470	265.0	0.77	-3.63
11470	267.0	2.09	-3.76
11480	265.0	0.7	-4.23
11480	267.0	2.13	-4.5
11490	265.0	0.63	-4.77
11490	267.0	2.2	-5.17
11500	265.0	0.67	-5.45
11500	267.0	2.22	-5.9
11510	265.0	0.61	-6.1
11510	267.0	2.19	-6.55
11520	265.0	0.49	-6.7
11520	267.0	2.14	-7.32
11530	265.0	0.5	-7.29
11530	267.0	2.06	-7.97
11540	265.0	0.47	-7.82
11540	267.0	2.13	-8.67
11770	275.0	3.07	2.55
11770	276.0	2.12	0.66
11770	277.0	0.28	1.49
11780	275.0	3.05	3.17
11780	276.0	2.04	1.3
11780	277.0	0.23	0.93
11790	275.0	2.86	3.75
11790	276.0	2.05	1.9
11790	277.0	0.21	0.37
11800	276.0	2.03	2.46
11800	277.0	0.2	-0.19
11810	276.0	1.99	3.06
11810	277.0	0.14	-0.71
11820	276.0	2.1	3.66
11820	277.0	0.1	-1.27
11830	277.0	0.2	-1.85
11840	277.0	0.24	-2.39
11850	277.0	0.25	-2.95
11860	277.0	0.34	-3.51
11870	277.0	0.42	-4.19
11880	277.0	0.28	-4.67
11890	277.0	0.32	-5.26
11900	277.0	0.28	-5.87
11910	277.0	0.19	-6.45
11920	277.0	0.21	-6.99
11920	283.0	3.6	-9.28
11930	277.0	0.09	-7.62
11930	283.0	3.61	-8.69
11940	277.0	0.06	-8.33
11940	283.0	3.58	-8.08
11950	277.0	0.1	-8.91
11950	283.0	3.59	-7.45
11960	277.0	0.17	-9.49
11960	283.0	3.56	-6.82
11970	283.0	3.52	-6.22
11980	283.0	3.46	-5.59
11990	283.0	3.37	-4.96
12450	288.0	3.1	-7.4
12460	288.0	3.03	-6.72
12470	288.0	2.95	-6.06
12480	288.0	2.91	-5.43
12480	289.0	2.98	-7.11
12490	288.0	2.91	-4.79
12490	289.0	2.98	-6.5
12500	288.0	2.86	-4.12
12500	289.0	2.88	-5.87
12500	290.0	3.58	-7.57
12510	288.0	2.77	-3.44
12510	289.0	2.81	-5.27
12510	290.0	3.58	-6.92
12520	288.0	2.59	-2.84
12520	289.0	2.79	-4.61
12520	290.0	3.69	-6.25
12520	293.0	-0.81	4.04
12530	288.0	2.36	-2.18
12530	289.0	2.65	-4.01
12530	290.0	3.78	-5.64
12530	293.0	-0.81	4.04
12540	288.0	2.15	-1.58
12540	289.0	2.54	-3.41
12540	290.0	3.84	-5.0
12540	293.0	-0.81	4.04
12550	288.0	1.89	-1.02
12550	289.0	2.39	-2.81
12550	290.0	3.99	-4.27
12550	293.0	-0.81	4.04
12560	288.0	1.68	-0.46
12560	289.0	2.15	-2.28
12560	290.0	4.04	-3.64
12560	293.0	-0.81	4.04
12570	288.0	1.48	0.07
12570	289.0	2.01	-1.68
12570	290.0	4.18	-3.07
12570	293.0	-0.81	4.04
12580	288.0	1.26	0.62
12580	289.0	1.86	-1.12
12580	293.0	-0.81	4.04
12590	288.0	1.07	1.14
12590	289.0	1.7	-0.59
12590	293.0	-0.81	4.04
12600	288.0	0.84	1.6
12600	289.0	1.64	0.07
12600	293.0	-0.81	4.04
12610	288.0	0.67	2.03
12610	289.0	1.53	0.64
12610	293.0	-0.81	4.04
12620	288.0	0.47	2.48
12620	289.0	1.53	1.2
12620	293.0	-0.81	4.04
12630	288.0	0.25	2.83
12630	289.0	1.52	1.74
12630	293.0	-0.81	4.04
12640	288.0	0.18	3.06
12640	289.0	1.41	2.27
12640	293.0	-0.81	4.04
12650	288.0	0.09	3.33
12650	289.0	1.36	2.83
12650	293.0	-0.81	4.04
12660	288.0	0.02	3.33
12660	289.0	1.22	3.36
12660	293.0	-0.81	4.04
12670	288.0	0.0	3.37
12670	289.0	0.92	3.9
12670	293.0	-0.81	4.04
12680	288.0	0.0	3.39
12680	293.0	-0.81	4.04
12690	288.0	0.0	3.39
12690	293.0	-0.81	4.04
12700	288.0	0.0	3.39
12700	293.0	-0.81	4.04
12710	288.0	0.0	3.39
12710	293.0	-0.81	4.04
12720	288.0	0.0	3.39
12720	293.0	-0.81	4.04
12730	288.0	0.0	3.39
12730	293.0	-0.81	4.04
12740	288.0	0.0	3.39
12740	293.0	-0.81	4.04
12740	298.0	3.56	-4.17
12750	288.0	0.13	3.49
12750	293.0	-0.81	4.04
12750	298.0	3.61	-3.55
12760	298.0	3.61	-2.96
12770	298.0	3.61	-2.39
12780	298.0	3.82	-1.73
12790	298.0	3.85	-1.12
12800	298.0	3.82	-0.57
12810	298.0	3.84	-0.03
12820	298.0	3.83	0.66
12830	298.0	3.91	1.13
13130	310.0	-1.49	-8.22
13130	312.0	-1.05	3.09
13140	310.0	-1.49	-8.22
13140	312.0	-1.03	3.09
13150	310.0	-1.49	-8.22
13150	312.0	-1.23	3.14
13160	310.0	-1.47	-8.22
13170	310.0	-1.45	-8.22
13170	315.0	1.13	-10.03
13180	310.0	-1.45	-8.19
13180	315.0	1.12	-9.54
13190	310.0	-1.45	-8.13
13190	315.0	1.0	-9.05
13200	310.0	-1.45	-8.12
13200	315.0	0.79	-8.66
13210	310.0	-1.45	-8.2
13210	315.0	0.77	-8.24
13220	310.0	-1.47	-8.28
13220	315.0	0.83	-7.78
13230	310.0	-1.48	-8.34
13230	315.0	0.79	-7.3
13240	310.0	-1.48	-8.33
13240	315.0	0.69	-6.89
13250	310.0	-1.48	-8.31
13250	315.0	0.73	-6.46
13260	310.0	-1.46	-8.29
13260	315.0	0.75	-5.98
13270	310.0	-1.44	-8.29
13270	315.0	0.62	-5.55
13280	310.0	-1.44	-8.29
13280	315.0	0.57	-5.14
13290	310.0	-1.44	-8.29
13290	315.0	0.59	-4.67
13300	310.0	-1.44	-8.29
13300	315.0	0.39	-4.29
13310	310.0	-1.44	-8.29
13310	315.0	0.16	-3.96
13320	310.0	-1.33	-8.28
13320	315.0	-0.05	-3.54
13330	310.0	-1.32	-8.27
13330	315.0	-0.27	-3.46
13340	310.0	-1.32	-8.29
13340	315.0	-0.45	-3.49
13350	310.0	-1.32	-8.31
13350	315.0	-0.56	-3.5
13360	310.0	-1.36	-8.31
13360	315.0	-0.57	-3.51
13370	310.0	-1.31	-8.37
13370	315.0	-0.6	-3.43
13380	310.0	-1.29	-8.36
13380	321.0	1.39	-0.79
13380	322.0	-1.09	-4.11
13390	310.0	-1.26	-8.3
13390	321.0	1.21	-0.68
13390	322.0	-1.09	-4.11
13400	310.0	-1.24	-8.23
13400	322.0	-1.09	-4.11
14180	332.0	-0.04	-6.8
14190	332.0	-0.04	-6.8
14200	332.0	-0.04	-6.8
14210	332.0	-0.04	-6.8
14220	332.0	-0.15	-6.83
14230	332.0	-0.06	-6.8
14240	332.0	-0.17	-6.83
14250	332.0	-0.14	-6.8
14260	332.0	-0.07	-6.74
14270	332.0	-0.07	-6.66
14390	335.0	1.09	2.95
14400	335.0	1.32	2.34
14410	335.0	1.23	1.72
14420	335.0	1.28	1.0
14430	335.0	1.42	0.32
14440	335.0	1.4	-0.39
14450	335.0	1.58	-1.06
14460	335.0	1.53	-1.69
14470	335.0	1.59	-2.37
14480	335.0	1.66	-3.1
14490	335.0	1.83	-3.83
14500	335.0	1.93	-4.67
14510	335.0	1.93	-5.42
14520	335.0	2.16	-6.1
14530	335.0	2.27	-6.8
14540	335.0	2.54	-7.59
14550	335.0	2.66	-8.3
14800	341.0	1.6	-9.16
14810	341.0	1.62	-8.46
14820	341.0	1.62	-7.79
14830	341.0	1.69	-7.08
14840	341.0	1.65	-6.34
14850	341.0	1.88	-5.73
14860	341.0	1.79	-5.01
14870	341.0	1.78	-4.29
14880	341.0	1.92	-3.57
14890	341.0	1.97	-2.86
14900	341.0	2.0	-2.16
14910	341.0	2.11	-1.5
14920	341.0	2.2	-0.88
14930	341.0	2.29	-0.27
14940	341.0	2.42	0.34
14950	341.0	2.54	0.97
14960	341.0	2.59	1.54
14960	345.0	2.07	-10.06
14970	341.0	2.67	2.14
14970	345.0	2.1	-9.44
14980	341.0	2.72	2.9
14980	345.0	2.19	-8.79
14990	345.0	2.28	-8.12
15000	345.0	2.36	-7.43
15010	345.0	2.46	-6.76
15010	346.0	2.27	2.86
15020	345.0	2.54	-6.07
15020	346.0	2.35	2.33
15030	345.0	2.6	-5.36
15030	346.0	2.4	1.87
15040	345.0	2.72	-4.66
15040	346.0	2.4	1.34
15050	345.0	2.8	-3.98
15050	346.0	2.44	0.81
15060	345.0	2.95	-3.31
15060	346.0	2.43	0.33
15070	345.0	3.06	-2.67
15070	346.0	2.47	-0.26
15080	345.0	3.16	-1.96
15080	346.0	2.43	-0.77
15090	345.0	3.29	-1.34
15090	346.0	2.38	-1.32
15100	345.0	3.37	-0.67
15100	346.0	2.35	-1.87
15100	347.0	3.77	-4.99
15110	345.0	3.41	-0.01
15110	346.0	2.24	-2.44
15110	347.0	3.81	-4.45
15120	345.0	3.48	0.64
15120	346.0	2.23	-3.02
15120	347.0	3.69	-3.83
15130	345.0	3.57	1.32
15130	346.0	2.22	-3.59
15130	347.0	3.67	-3.33
15140	345.0	3.56	1.99
15140	346.0	2.16	-4.18
15140	347.0	3.74	-2.73
15150	345.0	3.55	2.58
15150	346.0	2.1	-4.79
15150	347.0	3.74	-2.17
15160	346.0	2.11	-5.49
15160	347.0	3.74	-1.66
15170	346.0	1.99	-5.97
15170	347.0	3.73	-1.05
15180	346.0	2.05	-6.58
15180	347.0	3.71	-0.55
15190	346.0	1.92	-7.24
15190	347.0	3.7	-0.06
15200	347.0	3.84	0.49
15210	347.0	3.79	1.0
15220	347.0	3.73	1.46
15230	347.0	3.72	2.03
15240	347.0	3.69	2.51
15250	347.0	3.66	2.95
16120	371.0	-0.66	3.35
16130	371.0	-0.66	3.35
16140	371.0	-0.66	3.35
16140	373.0	2.58	2.43
16150	371.0	-0.66	3.35
16150	373.0	2.45	1.8
16150	374.0	0.78	1.89
16160	371.0	-0.66	3.35
16160	373.0	2.54	1.15
16160	374.0	0.85	1.06
16170	371.0	-0.66	3.35
16170	373.0	2.53	0.52
16170	374.0	0.9	0.2
16170	378.0	-0.82	-2.48
16180	371.0	-0.66	3.35
16180	373.0	2.6	-0.17
16180	374.0	0.84	-0.69
16180	378.0	-0.82	-2.48
16190	371.0	-0.66	3.35
16190	373.0	2.57	-0.84
16190	374.0	0.72	-1.51
16190	378.0	-1.06	-2.3
16200	371.0	-0.66	3.35
16200	373.0	2.53	-1.54
16200	374.0	0.68	-2.35
16200	378.0	-1.1	-2.19
16210	371.0	-0.66	3.35
16210	373.0	2.46	-2.26
16210	374.0	0.68	-3.12
16210	378.0	-1.14	-1.97
16220	371.0	-0.66	3.35
16220	373.0	2.4	-3.02
16220	374.0	0.72	-3.96
16220	378.0	-1.15	-1.8
16230	371.0	-0.66	3.35
16230	373.0	2.46	-3.72
16230	374.0	0.57	-4.91
16230	378.0	-1.4	-1.49
16240	371.0	-0.66	3.35
16240	373.0	2.5	-4.4
16240	374.0	0.83	-5.55
16240	378.0	-1.58	-1.34
16250	371.0	-0.66	3.35
16250	373.0	2.52	-5.1
16250	374.0	1.05	-6.47
16250	378.0	-1.45	-1.2
16250	380.0	1.82	3.63
16260	371.0	-0.66	3.35
16260	373.0	2.53	-5.79
16260	374.0	1.13	-7.26
16260	378.0	-1.41	-1.01
16260	380.0	1.9	3.12
16270	371.0	-0.66	3.35
16270	373.0	2.47	-6.48
16270	374.0	1.28	-7.96
16270	378.0	-1.38	-0.88
16270	380.0	2.01	2.57
16280	371.0	-0.66	3.35
16280	373.0	2.41	-7.19
16280	374.0	1.5	-8.71
16280	378.0	-1.66	-0.52
16280	380.0	2.09	2.01
16290	371.0	-0.66	3.35
16290	373.0	2.37	-7.89
16290	378.0	-1.73	-0.32
16290	380.0	2.17	1.46
16290	383.0	3.84	-10.31
16300	371.0	-0.66	3.35
16300	373.0	2.44	-8.73
16300	378.0	-1.71	-0.12
16300	380.0	2.24	0.9
16300	383.0	3.92	-9.78
16310	371.0	-0.66	3.35
16310	373.0	2.42	-9.43
16310	378.0	-1.81	0.04
16310	380.0	2.27	0.34
16310	383.0	3.93	-9.32
16320	371.0	-0.66	3.35
16320	378.0	-1.97	0.19
16320	380.0	2.31	-0.24
16320	383.0	3.92	-8.92
16330	371.0	-0.66	3.35
16330	378.0	-2.11	0.3
16330	380.0	2.3	-0.81
16330	383.0	3.93	-8.46
16340	371.0	-0.67	3.35
16340	378.0	-2.22	0.45
16340	380.0	2.27	-1.36
16340	383.0	3.83	-8.04
16340	384.0	1.56	3.74
16350	371.0	-0.69	3.35
16350	378.0	-2.37	0.53
16350	380.0	2.22	-1.94
16350	383.0	3.83	-7.61
16350	384.0	1.62	3.03
16360	371.0	-0.71	3.34
16360	378.0	-2.52	0.48
16360	380.0	2.17	-2.53
16360	383.0	3.83	-7.16
16360	384.0	1.64	2.35
16370	371.0	-0.72	3.34
16370	378.0	-2.61	0.48
16370	380.0	2.15	-3.09
16370	383.0	3.84	-6.65
16370	384.0	1.76	1.5
16380	371.0	-0.72	3.34
16380	378.0	-2.63	0.52
16380	380.0	2.16	-3.68
16380	383.0	3.78	-6.09
16380	384.0	1.71	0.74
16390	371.0	-0.78	3.18
16390	378.0	-2.63	0.54
16390	380.0	2.16	-4.28
16390	383.0	3.81	-5.75
16390	384.0	1.79	-0.02
16400	371.0	-0.75	3.2
16400	378.0	-2.63	0.56
16400	380.0	2.21	-4.88
16400	383.0	3.76	-5.26
16400	384.0	1.77	-0.76
16410	371.0	-0.72	3.32
16410	380.0	2.22	-5.48
16410	383.0	3.76	-4.78
16410	384.0	1.67	-1.54
16410	386.0	3.44	2.78
16420	371.0	-0.72	3.34
16420	380.0	2.2	-6.05
16420	383.0	3.71	-4.27
16420	384.0	1.66	-2.31
16420	386.0	3.21	2.76
16430	371.0	-0.67	3.29
16430	380.0	2.18	-6.65
16430	383.0	3.7	-3.75
16430	384.0	1.62	-3.12
16430	386.0	3.0	2.74
16440	371.0	-0.61	3.24
16440	380.0	2.18	-7.23
16440	383.0	3.69	-3.22
16440	384.0	1.67	-3.96
16440	386.0	2.89	2.74
16440	387.0	0.77	-9.65
16450	371.0	-0.6	3.24
16450	380.0	2.12	-7.86
16450	383.0	3.68	-2.73
16450	384.0	1.67	-4.89
16450	386.0	2.73	2.82
16450	387.0	0.78	-8.88
16460	371.0	-0.6	3.24
16460	380.0	2.14	-8.41
16460	383.0	3.46	-2.26
16460	384.0	1.67	-5.71
16460	386.0	2.56	2.96
16460	387.0	0.68	-8.09
16470	371.0	-0.6	3.24
16470	380.0	2.05	-9.18
16470	383.0	3.64	-1.77
16470	384.0	1.72	-6.48
16470	386.0	2.46	3.04
16470	387.0	0.69	-7.3
16480	371.0	-0.6	3.24
16480	380.0	1.98	-9.78
16480	383.0	3.43	-1.28
16480	384.0	1.68	-7.31
16480	386.0	2.27	3.05
16480	387.0	0.65	-6.58
16480	388.0	3.45	-9.94
16490	371.0	-0.67	3.27
16490	383.0	3.36	-0.84
16490	384.0	1.66	-8.13
16490	386.0	2.09	3.04
16490	387.0	0.58	-5.83
16490	388.0	3.34	-9.38
16500	371.0	-0.61	3.24
16500	383.0	3.36	-0.38
16500	384.0	1.58	-8.88
16500	386.0	1.97	3.02
16500	387.0	0.64	-5.07
16500	388.0	3.31	-8.72
16510	371.0	-0.6	3.24
16510	383.0	3.35	0.06
16510	384.0	1.54	-9.65
16510	386.0	1.83	3.04
16510	387.0	0.66	-4.3
16510	388.0	3.16	-8.13
16520	371.0	-0.6	3.24
16520	383.0	3.3	0.51
16520	386.0	1.62	3.14
16520	387.0	0.73	-3.54
16520	388.0	3.14	-7.5
16530	371.0	-0.6	3.24
16530	383.0	3.34	0.97
16530	386.0	1.5	3.18
16530	387.0	0.77	-2.82
16530	388.0	3.05	-6.9
16540	371.0	-0.6	3.24
16540	383.0	3.33	1.41
16540	386.0	1.45	3.17
16540	387.0	0.85	-2.03
16540	388.0	2.94	-6.31
16540	390.0	3.84	-2.7
16550	371.0	-0.6	3.24
16550	383.0	3.4	1.86
16550	386.0	1.43	3.16
16550	387.0	0.9	-1.23
16550	388.0	2.88	-5.71
16550	390.0	3.83	-2.25
16560	371.0	-0.6	3.24
16560	383.0	3.44	2.3
16560	386.0	1.43	3.16
16560	387.0	1.01	-0.55
16560	388.0	2.77	-5.13
16560	390.0	3.82	-1.84
16570	371.0	-0.6	3.24
16570	383.0	3.44	2.72
16570	386.0	1.43	3.16
16570	387.0	1.01	0.2
16570	388.0	2.69	-4.57
16570	390.0	3.61	-1.38
16580	371.0	-0.6	3.24
16580	383.0	3.44	3.16
16580	386.0	1.43	3.16
16580	387.0	0.94	0.95
16580	388.0	2.66	-3.99
16580	390.0	3.69	-0.98
16590	371.0	-0.6	3.24
16590	386.0	1.43	3.16
16590	387.0	0.87	1.67
16590	388.0	2.61	-3.39
16590	390.0	3.69	-0.57
16590	392.0	3.92	-4.09
16600	371.0	-0.6	3.24
16600	386.0	1.43	3.16
16600	387.0	0.81	2.29
16600	388.0	2.6	-2.77
16600	390.0	3.61	-0.15
16600	392.0	3.56	-4.25
16600	393.0	0.75	-9.32
16610	371.0	-0.67	3.28
16610	386.0	1.43	3.16
16610	387.0	0.76	3.06
16610	388.0	2.62	-2.21
16610	390.0	3.6	0.24
16610	392.0	3.16	-4.19
16610	393.0	0.74	-8.59
16610	395.0	2.05	3.59
16620	371.0	-0.61	3.24
16620	386.0	1.43	3.16
16620	387.0	0.63	3.68
16620	388.0	2.61	-1.64
16620	390.0	3.61	0.63
16620	392.0	2.82	-4.18
16620	393.0	0.91	-7.78
16620	395.0	2.15	3.02
16630	371.0	-0.6	3.24
16630	386.0	1.43	3.16
16630	388.0	2.66	-1.07
16630	390.0	3.6	1.05
16630	392.0	2.49	-4.3
16630	393.0	0.95	-7.03
16630	395.0	2.12	2.28
16640	371.0	-0.6	3.24
16640	386.0	1.43	3.16
16640	388.0	2.65	-0.45
16640	390.0	3.6	1.41
16640	392.0	2.19	-4.3
16640	393.0	0.79	-6.25
16640	395.0	2.1	1.64
16650	371.0	-0.6	3.24
16650	386.0	1.43	3.16
16650	388.0	2.65	0.15
16650	390.0	3.75	1.86
16650	392.0	1.9	-4.24
16650	393.0	0.75	-5.46
16650	395.0	2.03	0.93
16660	371.0	-0.6	3.24
16660	386.0	1.43	3.16
16660	388.0	2.66	0.68
16660	390.0	3.75	2.27
16660	392.0	1.65	-4.24
16660	393.0	0.69	-4.71
16660	395.0	2.06	0.23
16670	371.0	-0.6	3.24
16670	386.0	1.43	3.16
16670	388.0	2.68	1.12
16670	390.0	3.78	2.67
16670	392.0	1.37	-4.38
16670	393.0	0.61	-3.88
16670	395.0	2.04	-0.45
16680	371.0	-0.6	3.24
16680	386.0	1.43	3.14
16680	388.0	2.62	1.78
16680	390.0	3.82	2.97
16680	392.0	1.05	-4.42
16680	393.0	0.49	-3.11
16680	395.0	1.92	-1.12
16690	371.0	-0.6	3.24
16690	386.0	1.31	3.12
16690	392.0	0.72	-4.36
16690	393.0	0.56	-2.24
16690	395.0	1.92	-1.92
16700	371.0	-0.6	3.24
16700	386.0	1.28	3.1
16700	392.0	0.4	-4.35
16700	393.0	0.55	-1.46
16700	395.0	1.8	-2.65
16710	371.0	-0.6	3.24
16710	392.0	-0.09	-4.47
16710	393.0	0.58	-0.83
16710	395.0	1.8	-3.46
16720	371.0	-0.6	3.24
16720	392.0	-0.36	-4.34
16720	393.0	0.6	-0.14
16720	395.0	1.77	-4.15
16720	398.0	2.02	2.65
16730	371.0	-0.6	3.24
16730	392.0	-0.65	-4.37
16730	393.0	0.61	0.51
16730	395.0	1.72	-5.06
16730	398.0	1.94	1.95
16740	371.0	-0.6	3.24
16740	392.0	-0.95	-4.44
16740	393.0	0.5	1.15
16740	395.0	1.72	-5.85
16740	398.0	1.95	1.29
16750	371.0	-0.6	3.24
16750	392.0	-1.21	-4.44
16750	393.0	0.5	1.76
16750	395.0	1.68	-6.65
16750	398.0	1.97	0.67
16760	371.0	-0.67	3.32
16760	392.0	-1.35	-4.39
16760	393.0	0.61	2.4
16760	395.0	1.71	-7.45
16760	398.0	1.99	0.07
16770	371.0	-0.76	3.42
16770	392.0	-1.37	-4.39
16770	393.0	0.63	3.03
16770	395.0	1.72	-8.22
16770	398.0	2.06	-0.59
16780	371.0	-0.89	3.45
16780	392.0	-1.37	-4.39
16780	393.0	0.63	3.67
16780	395.0	1.72	-9.02
16780	398.0	2.02	-1.27
16790	398.0	1.96	-1.96
16800	398.0	1.94	-2.65
16800	401.0	2.88	-2.24
16810	398.0	1.93	-3.38
16810	401.0	2.46	-1.99
16820	398.0	2.0	-4.13
16820	401.0	2.0	-1.68
16830	398.0	2.05	-4.89
16840	398.0	2.17	-5.8
16850	398.0	2.32	-6.53
16860	398.0	2.35	-7.16
16870	398.0	2.47	-7.85
16880	398.0	2.51	-8.57
17550	408.0	0.99	-3.39
17560	408.0	1.0	-2.77
17570	408.0	1.04	-2.14
17580	408.0	1.04	-1.5
17590	408.0	1.04	-0.91
17590	410.0	3.7	-2.0
17590	411.0	3.63	-5.72
17600	408.0	1.05	-0.28
17600	410.0	3.69	-1.53
17600	411.0	3.62	-5.19
17610	408.0	1.05	0.35
17610	410.0	3.69	-1.15
17610	411.0	3.62	-4.62
17620	408.0	1.08	0.93
17620	410.0	3.47	-0.7
17620	411.0	3.62	-4.09
17630	408.0	1.13	1.57
17630	410.0	3.42	-0.26
17630	411.0	3.62	-3.56
17640	408.0	1.15	2.17
17640	410.0	3.41	0.17
17640	411.0	3.61	-3.03
17650	408.0	1.23	2.74
17650	410.0	3.36	0.64
17650	411.0	3.62	-2.58
17660	410.0	3.36	1.05
17660	411.0	3.61	-2.06
17670	410.0	3.33	1.45
17670	411.0	3.6	-1.55
17680	410.0	3.19	1.81
17680	411.0	3.6	-1.16
17690	410.0	3.15	2.01
17690	411.0	3.69	-0.87
17750	413.0	0.67	-9.43
17760	413.0	0.7	-8.8
17770	413.0	0.74	-8.19
17770	414.0	2.79	-10.1
17780	413.0	0.8	-7.59
17780	414.0	2.69	-9.56
17790	413.0	0.89	-7.01
17790	414.0	2.63	-8.95
17800	413.0	1.0	-6.4
17800	414.0	2.66	-8.25
17810	413.0	1.16	-5.78
17810	414.0	2.63	-7.57
17820	413.0	1.34	-5.2
17820	414.0	2.68	-6.89
17830	413.0	1.5	-4.61
17830	414.0	2.71	-6.26
17840	413.0	1.68	-4.03
17840	414.0	2.73	-5.57
17850	413.0	1.85	-3.43
17850	414.0	2.82	-4.89
17860	413.0	2.08	-2.82
17860	414.0	2.81	-4.25
17870	413.0	2.26	-2.21
17870	414.0	2.82	-3.62
17880	413.0	2.39	-1.59
17880	414.0	2.89	-2.94
17880	416.0	1.63	1.68
17890	413.0	2.52	-0.94
17890	414.0	2.84	-2.46
17890	416.0	1.58	1.19
17900	413.0	2.61	-0.32
17900	414.0	2.8	-2.0
17900	416.0	1.6	0.66
17910	413.0	2.73	0.29
17910	414.0	2.81	-1.52
17910	416.0	1.56	0.11
17920	413.0	2.87	0.9
17920	414.0	2.75	-1.0
17920	416.0	1.56	-0.39
17920	417.0	3.71	-0.95
17930	413.0	3.01	1.48
17930	414.0	2.75	-0.38
17930	416.0	1.55	-0.95
17930	417.0	3.54	-1.45
17940	413.0	3.22	2.05
17940	414.0	2.78	0.23
17940	416.0	1.51	-1.5
17940	417.0	3.36	-1.92
17940	419.0	3.37	-9.71
17950	413.0	3.48	2.73
17950	414.0	2.76	0.85
17950	416.0	1.51	-2.06
17950	417.0	3.1	-2.33
17950	419.0	3.35	-9.05
17960	414.0	2.82	1.45
17960	416.0	1.43	-2.62
17960	417.0	2.95	-2.79
17960	419.0	3.3	-8.36
17970	414.0	2.89	2.05
17970	416.0	1.38	-3.14
17970	417.0	2.84	-3.31
17970	419.0	3.33	-7.66
17980	416.0	1.34	-3.73
17980	417.0	2.7	-3.83
17980	419.0	3.33	-6.98
17990	416.0	1.28	-4.31
17990	417.0	2.62	-4.37
17990	419.0	3.33	-6.31
18000	416.0	1.28	-4.85
18000	417.0	2.57	-4.9
18000	419.0	3.34	-5.65
18010	416.0	1.27	-5.41
18010	417.0	2.49	-5.41
18010	419.0	3.3	-4.96
18020	416.0	1.22	-5.94
18020	417.0	2.51	-5.95
18020	419.0	3.29	-4.27
18030	416.0	1.22	-6.5
18030	417.0	2.55	-6.5
18030	419.0	3.3	-3.58
18040	416.0	1.16	-7.04
18040	417.0	2.54	-7.04
18040	419.0	3.28	-2.87
18050	416.0	1.15	-7.53
18050	417.0	2.61	-7.65
18050	419.0	3.35	-2.18
18060	416.0	1.13	-8.1
18060	417.0	2.69	-8.24
18060	419.0	3.35	-1.49
