0.0	2.0	12.375348446	7.92350535049
0.0	8.0	7.02953466149	4.5822681545
0.0	9.0	7.02953466149	5.17891765378
10.0	2.0	12.2187624044	7.78890122345
10.0	8.0	7.53465092459	4.52761506036
10.0	9.0	7.45572650848	5.17891765378
20.0	2.0	12.062386828	7.65429709641
20.0	8.0	8.0397671877	4.47320062603
20.0	9.0	7.88191835548	5.17891765378
30.0	2.0	11.9058007864	7.51969296937
30.0	8.0	8.5448834508	4.41854753189
30.0	9.0	8.30811020247	5.17891765378
40.0	2.0	11.7277473037	7.38938471873
40.0	8.0	9.01842994745	4.39730680972
40.0	9.0	8.73430204946	5.17891765378
50.0	2.0	11.3554345247	7.29750069584
50.0	8.0	9.46040667767	4.40923979971
50.0	9.0	9.20658575546	5.17891765378
60.0	2.0	10.9831217458	7.20561667295
60.0	8.0	9.90238340788	4.42117278969
60.0	9.0	9.67886946146	5.17891765378
70.0	2.0	10.5443019922	7.1645671874
70.0	8.0	10.3443601381	4.43310577968
70.0	9.0	10.1511531675	5.17891765378
80.0	2.0	10.0391857291	7.17411357939
80.0	8.0	10.762764776	4.43907227467
80.0	9.0	10.6234368735	5.17891765378
90.0	2.0	9.53406946604	7.18365997137
90.0	8.0	11.1573868566	4.43907227467
90.0	9.0	11.0576263946	5.17891765378
100.0	2.0	9.06767878311	7.20943522974
100.0	8.0	11.5520089371	4.43907227467
100.0	9.0	11.4878170787	5.17891765378
110.0	2.0	8.60128810018	7.23521048811
110.0	8.0	11.9466310177	4.43907227467
110.0	9.0	11.9177972977	5.17891765378
110.0	10.0	14.9884832471	6.01494293218
110.0	11.0	15.063198361	5.37485734935
120.0	2.0	8.13468695214	7.26098574648
120.0	8.0	12.3496717026	4.43907227467
120.0	9.0	12.3479879817	5.17891765378
120.0	10.0	14.5082018669	6.09704190328
120.0	11.0	14.5801809344	5.42378260829
130.0	2.0	7.66534975767	7.28413574705
130.0	8.0	12.7611309919	4.43907227467
130.0	9.0	12.763235643	5.19156662317
130.0	10.0	14.0281309519	6.17914087438
130.0	11.0	14.0973739729	5.47294652703
140.0	2.0	7.18948814481	7.30131925263
140.0	8.0	13.1728007464	4.43907227467
140.0	9.0	13.1437565612	5.23357074792
140.0	10.0	13.54448213	6.25789860829
140.0	11.0	13.6145670115	5.52211044577
150.0	2.0	6.71341606684	7.31826409841
150.0	8.0	13.5842600357	4.43907227467
150.0	9.0	13.5244879445	5.27581353247
150.0	10.0	13.0294740067	6.30825582603
150.0	11.0	13.0921926094	5.4951418884
160.0	2.0	6.23734398886	7.33544760399
160.0	8.0	13.9959297901	4.43907227467
160.0	9.0	13.9052193278	5.31781765722
160.0	10.0	12.5144658834	6.35837438397
160.0	11.0	12.5529809985	5.43547693847
170.0	2.0	5.76085098067	7.34952853218
170.0	8.0	14.4673716357	4.45816505865
170.0	9.0	14.2859507112	5.36006044176
170.0	10.0	11.9992472951	6.40873160171
170.0	11.0	12.0135589225	5.37581198855
180.0	2.0	5.2805696005	7.33735688239
180.0	8.0	14.9388134812	4.47725784262
180.0	9.0	14.6666820945	5.40206456651
180.0	10.0	11.488448474	6.46935119083
180.0	11.0	11.4949728924	5.38392642174
190.0	2.0	4.80028822034	7.32494657281
190.0	8.0	15.4102553268	4.4963506266
190.0	9.0	15.0474134778	5.44430735106
190.0	10.0	10.987331048	6.55455273933
190.0	11.0	10.997012443	5.45958157824
200.0	2.0	4.32000684017	7.31277492302
200.0	9.0	15.427934396	5.48631147581
200.0	10.0	10.486213622	6.63975428783
200.0	11.0	10.4990519937	5.53523673475
210.0	2.0	3.83909406468	7.29392079884
210.0	10.0	9.98509619596	6.72519449613
210.0	11.0	10.0013020094	5.61089189126
220.0	2.0	3.35544524276	7.2488140967
220.0	10.0	9.4894508628	6.81660119942
220.0	11.0	9.51407528062	5.72664189412
230.0	2.0	2.87200688595	7.20370739455
230.0	10.0	9.0434752955	6.96433161544
230.0	11.0	9.04305436528	5.90277282631
240.0	2.0	2.38856852914	7.1586006924
240.0	10.0	8.5974997282	7.11206203146
240.0	11.0	8.57203344994	6.0789037585
250.0	2.0	1.9089185443	7.10991409326
250.0	10.0	8.15152416091	7.25979244748
250.0	11.0	8.10080206949	6.25527335049
260.0	2.0	1.43305693144	7.05812491673
260.0	10.0	7.70554859361	7.40752286351
260.0	11.0	7.63988347941	6.4115955193
270.0	2.0	0.957195318577	7.00633574019
270.0	10.0	7.25368000324	7.497497608
270.0	11.0	7.21895326016	6.48939861401
280.0	2.0	0.481333705714	6.95430790385
280.0	10.0	6.80118001755	7.5810285379
280.0	11.0	6.7980230409	6.56696304892
290.0	2.0	0.00547209285026	6.90251872731
290.0	10.0	6.34868003185	7.6645594678
290.0	11.0	6.37709282165	6.64476614362
300.0	10.0	5.89618004616	7.7480903977
300.0	11.0	5.9561626024	6.72233057853
310.0	10.0	5.44620564178	7.76121668668
310.0	11.0	5.49734866342	6.75693624949
320.0	10.0	4.99665216762	7.76670586207
320.0	11.0	5.03432542224	6.78676872445
320.0	14.0	0.242455806289	4.79658465464
330.0	10.0	4.54709869346	7.77219503747
330.0	11.0	4.57130218107	6.81660119942
330.0	14.0	0.6012988182	4.7476593957
340.0	10.0	4.09733475419	7.77768421286
340.0	11.0	4.10827893989	6.84643367438
340.0	14.0	0.959931365002	4.69897279656
350.0	10.0	3.64462430339	7.81730173961
350.0	11.0	3.65472662865	6.9139743977
350.0	14.0	1.31877437691	4.65004753762
360.0	10.0	3.18854641083	7.89104761773
360.0	11.0	3.20222664295	6.98557233761
360.0	14.0	1.67740692372	4.60541815507
370.0	10.0	2.73246851827	7.96503215564
370.0	11.0	2.74972665726	7.05717027753
370.0	14.0	2.03624993563	4.59754238168
380.0	10.0	2.27660109082	8.03877803375
380.0	11.0	2.29722667156	7.12876821744
380.0	14.0	2.39509294754	4.58966660829
390.0	10.0	1.85314529025	8.14235638682
390.0	11.0	1.84241156966	7.25191667409
390.0	14.0	2.75393595945	4.5817908349
400.0	10.0	1.50587785937	8.31538474162
400.0	11.0	1.38738600265	7.38103162574
400.0	14.0	3.11277897136	4.57415372131
410.0	10.0	1.15861042849	8.48841309641
410.0	11.0	0.932360435641	7.51014657738
410.0	14.0	3.47162198327	4.56627794792
420.0	10.0	0.811342997606	8.6614414512
420.0	11.0	0.507852309526	7.6650367874
420.0	14.0	3.83046499518	4.55840217453
430.0	10.0	0.52847789027	8.85260795077
430.0	11.0	0.205834877214	7.92445998969
430.0	14.0	4.1282731253	4.55840217453
440.0	10.0	0.395674406096	9.08625589469
440.0	11.0	-0.0961825550989	8.18388319197
440.0	14.0	4.42587079032	4.55840217453
450.0	10.0	0.263081387032	9.31966517881
450.0	14.0	4.72367892044	4.55840217453
460.0	10.0	0.130488367968	9.55307446293
460.0	14.0	5.02148705056	4.55840217453
470.0	10.0	-0.00231511620588	9.78672240685
470.0	14.0	5.38790680641	4.54050268955
480.0	14.0	5.76211377133	4.52069392617
490.0	14.0	6.13632073624	4.500646503
500.0	14.0	6.53010095635	4.50589701859
510.0	14.0	6.96976257036	4.56985784491
520.0	14.0	7.40942418437	4.63381867124
530.0	14.0	7.84929626348	4.69777949756
540.0	14.0	8.28895787749	4.76174032388
550.0	14.0	8.7286194915	4.82570115021
560.0	14.0	9.17122761704	4.83763414019
570.0	14.0	9.61509853324	4.827133109
580.0	14.0	10.0587589843	4.81687073762
590.0	14.0	10.5026299005	4.80636970643
600.0	14.0	10.9416601192	4.80517640743
610.0	14.0	11.3373345253	4.88632073933
620.0	14.0	11.7330089314	4.96746507124
620.0	22.0	14.9034553428	3.83955885779
630.0	14.0	12.1286833375	5.04860940314
630.0	22.0	14.3610867553	3.73860576251
640.0	14.0	12.5243577436	5.12975373504
640.0	22.0	13.8187181678	3.63765266723
650.0	14.0	12.9154019173	5.20946610815
650.0	22.0	13.3032891143	3.52500524177
660.0	14.0	13.2647739993	5.27533621287
660.0	22.0	12.7908065724	3.4106871977
670.0	14.0	13.6139356161	5.34144497739
670.0	22.0	12.2490693802	3.40806193991
680.0	14.0	13.9633076981	5.40731508211
680.0	22.0	11.6877589328	3.47965987982
690.0	14.0	14.312469315	5.47342384663
690.0	22.0	11.1266589506	3.55125781974
700.0	14.0	14.6212216308	5.56077333332
700.0	22.0	10.5920775721	3.64075524463
710.0	14.0	14.869359995	5.68010323318
710.0	22.0	10.0755961931	3.74194699971
720.0	14.0	15.1174983593	5.79943313304
720.0	22.0	9.55890434897	3.84313875479
730.0	22.0	9.03274157491	3.93478411788
740.0	22.0	8.48447996433	4.00375679999
750.0	22.0	7.93621835376	4.07296814191
750.0	29.0	0.203730226118	5.05863311473
760.0	22.0	7.38795674318	4.14194082403
760.0	29.0	0.812605788264	5.13548157023
770.0	22.0	6.85063931831	4.17654649499
770.0	29.0	1.42148135041	5.21209136594
780.0	22.0	6.32447654425	4.17654649499
780.0	29.0	2.02656854058	5.31185116222
790.0	22.0	5.79831377018	4.17654649499
790.0	29.0	2.62786735878	5.43452229927
800.0	22.0	5.27215099612	4.17654649499
800.0	29.0	3.22916617698	5.55743209613
810.0	22.0	4.74598822206	4.17654649499
810.0	29.0	3.83046499518	5.68010323318
820.0	22.0	4.25307893531	4.16007896881
820.0	29.0	4.42797544141	5.71852746093
830.0	22.0	3.77427081091	4.13669030843
830.0	29.0	5.02527542253	5.75719034849
840.0	22.0	3.29567315163	4.11330164806
840.0	29.0	5.62278586876	5.79561457624
850.0	22.0	2.81686502723	4.08991298769
850.0	29.0	6.18935794387	5.75122385349
860.0	22.0	2.33826736794	4.06652432732
860.0	29.0	6.75214164701	5.69752539856
870.0	22.0	1.82325924469	4.05029546094
870.0	29.0	7.31513581525	5.64382694362
880.0	22.0	1.28425809893	4.03860113075
880.0	29.0	7.8781299835	5.59012848869
890.0	22.0	0.745256953184	4.02690680057
890.0	29.0	8.46785322067	5.55074962174
900.0	22.0	0.206255807433	4.01521247038
900.0	29.0	9.06052296938	5.51304137338
910.0	22.0	-0.332534873208	4.00375679999
910.0	29.0	9.65319271808	5.47533312503
920.0	29.0	10.2235531652	5.44860322746
930.0	29.0	10.5933403628	5.52091714677
940.0	29.0	10.9633380255	5.59323106608
950.0	29.0	11.3331252231	5.6655449854
960.0	29.0	11.6195682373	5.78797746265
970.0	29.0	11.8849647406	5.92282024949
980.0	29.0	12.0985868268	6.01780684977
990.0	29.0	12.2604344961	6.07293726351
1000.0	29.0	12.4222821654	6.12806767724
1010.0	29.0	12.4397507695	6.13403417224
1020.0	29.0	12.4412240253	6.13451149183
1030.0	29.0	12.4429077462	6.13522747123
1040.0	29.0	12.4443810019	6.13570479083
1050.0	29.0	12.4458542577	6.13642077023
1060.0	29.0	12.4473275135	6.13689808983
1070.0	29.0	12.4488007692	6.13737540943
1080.0	29.0	12.450274025	6.13809138883
1090.0	29.0	12.4517472808	6.13856870843
1100.0	29.0	12.4532205365	6.13904602803
1110.0	29.0	12.4546937923	6.13976200743
1120.0	29.0	12.4561670481	6.14023932703
1130.0	29.0	12.4576403038	6.14071664663
1140.0	29.0	12.4591135596	6.14143262603
1150.0	29.0	12.4605868154	6.14190994563
1160.0	29.0	12.4622705363	6.14238726523
1170.0	29.0	12.463743792	6.14310324462
1180.0	29.0	12.4652170478	6.14358056422
1190.0	29.0	12.4666903036	6.14429654362
1190.0	31.0	-0.0858697647272	9.72944405492
1200.0	29.0	12.4681635593	6.14477386322
1200.0	31.0	0.343689524018	9.29174198224
1210.0	29.0	12.4696368151	6.14525118282
1210.0	31.0	0.773459277874	8.85427856937
1220.0	29.0	12.4711100709	6.14596716222
1220.0	31.0	1.23269414708	8.50321000399
1230.0	29.0	12.4725833266	6.14644448182
1230.0	31.0	1.73633715441	8.28149505006
1240.0	29.0	12.4740565824	6.14692180142
1240.0	31.0	2.23998016174	8.05978009612
1250.0	29.0	12.4755298382	6.14763778082
1250.0	31.0	2.81581270168	7.85763524577
1260.0	29.0	12.4770030939	6.14811510042
1260.0	31.0	3.44005221683	7.66837802459
1270.0	29.0	12.4784763497	6.14859242002
1270.0	31.0	4.06408126687	7.47912080342
1280.0	29.0	12.4799496055	6.14930839942
1280.0	31.0	4.66117078288	7.27100945807
1280.0	32.0	-0.0841860438502	4.44599340886
1290.0	29.0	12.4814228612	6.14978571902
1290.0	31.0	5.24647425275	7.05454501973
1290.0	32.0	0.547209285026	4.53119495736
1300.0	29.0	12.4831065821	6.15050169842
1300.0	31.0	5.83177772261	6.83831924119
1300.0	32.0	1.1786046139	4.61639650586
1310.0	29.0	12.4845798379	6.15097901801
1310.0	31.0	6.43118235483	6.63474243203
1310.0	32.0	1.80999994278	4.70159805435
1320.0	29.0	12.4860530936	6.15145633761
1320.0	31.0	7.04447768428	6.44381459226
1320.0	32.0	2.46938713124	4.7493300143
1330.0	29.0	12.4875263494	6.15217231701
1330.0	31.0	7.65798347883	6.25288675249
1330.0	32.0	3.1289847848	4.79706197424
1340.0	29.0	12.4889996052	6.15264963661
1340.0	31.0	8.27127880828	6.06195891272
1340.0	32.0	3.78837197326	4.84479393418
1350.0	29.0	12.4904728609	6.15312695621
1350.0	31.0	8.92477297367	5.88606664033
1350.0	32.0	4.43386846448	4.85266970757
1360.0	29.0	12.4919461167	6.15384293561
1360.0	31.0	9.57847760417	5.71017436794
1360.0	32.0	5.07915449059	4.86078414076
1370.0	29.0	12.4934193725	6.15432025521
1370.0	31.0	10.2319717696	5.53428209556
1370.0	32.0	5.72465098181	4.86865991415
1380.0	29.0	12.4948926282	6.15479757481
1380.0	31.0	10.8871496558	5.38177848354
1380.0	32.0	6.39203584444	4.88918465693
1390.0	29.0	12.496365884	6.15551355421
1390.0	31.0	11.5484310303	5.32211353361
1390.0	32.0	7.05963117217	4.90947073991
1400.0	29.0	12.4978391398	6.15599087381
1400.0	31.0	12.2099228698	5.26244858368
1400.0	32.0	7.72701603479	4.92999548268
1410.0	29.0	12.4993123956	6.15646819341
1410.0	31.0	12.8659426165	5.27796147066
1410.0	32.0	8.39692647873	4.95362280285
1420.0	29.0	12.5007856513	6.15718417281
1420.0	31.0	13.5135437588	5.40659910271
1420.0	32.0	9.06936250398	4.98011404062
1430.0	29.0	12.5024693722	6.15766149241
1430.0	31.0	14.1611449012	5.53499807495
1430.0	32.0	9.74158806413	5.00660527839
1440.0	29.0	12.503942628	6.15837747181
1440.0	31.0	14.8087460435	5.663635707
1440.0	32.0	10.4140240894	5.03309651616
1450.0	29.0	12.5054158837	6.15885479141
1450.0	31.0	15.4561367207	5.79203467925
1450.0	32.0	11.0746740685	5.09300012589
1460.0	29.0	12.5068891395	6.159332111
1460.0	32.0	11.734061257	5.15672229241
1470.0	29.0	12.5083623953	6.1600480904
1470.0	32.0	12.3936589105	5.22020579913
1480.0	29.0	12.509835651	6.16052541
1480.0	32.0	13.0025344727	5.31734033762
1490.0	29.0	12.5113089068	6.1610027296
1490.0	32.0	13.605937942	5.41805477309
1500.0	29.0	12.5127821626	6.161718709
1500.0	32.0	14.2091309461	5.51876920857
1510.0	29.0	12.5142554183	6.1621960286
1510.0	32.0	14.8125344154	5.61972230385
1520.0	29.0	12.5157286741	6.1626733482
1520.0	32.0	15.4159378847	5.72043673933
1530.0	29.0	12.5172019299	6.1633893276
1530.0	33.0	0.0833441834117	8.76143990728
1540.0	29.0	12.5186751856	6.1638666472
1540.0	33.0	0.496487193607	8.54927134534
1550.0	29.0	12.5201484414	6.1643439668
1550.0	33.0	0.909630203802	8.33710278339
1560.0	29.0	12.5218321623	6.1650599462
1560.0	33.0	1.33119181838	8.18006463518
1570.0	29.0	12.523305418	6.1655372658
1570.0	33.0	1.76517087443	8.10560277767
1580.0	29.0	12.5247786738	6.1662532452
1580.0	33.0	2.19936039559	8.03090226036
1590.0	29.0	12.5262519296	6.1667305648
1590.0	33.0	2.62660456813	7.96813473303
1600.0	29.0	12.5277251853	6.1672078844
1600.0	33.0	3.02648827642	7.95214452645
1610.0	29.0	12.5291984411	6.16792386379
1610.0	33.0	3.4263719847	7.93615431987
1620.0	29.0	12.5306716969	6.16840118339
1620.0	33.0	3.82899173942	7.90703782431
1630.0	29.0	12.5321449527	6.16887850299
1630.0	33.0	4.24276614494	7.82470019341
1640.0	29.0	12.5336182084	6.16959448239
1640.0	33.0	4.65633008536	7.7423625625
1650.0	29.0	12.5350914642	6.17007180199
1650.0	33.0	5.09704402491	7.67171926179
1660.0	29.0	12.53656472	6.17054912159
1660.0	33.0	5.60089749735	7.62852183804
1670.0	29.0	12.5380379757	6.17126510099
1670.0	33.0	6.1047509698	7.58508575449
1680.0	29.0	12.5395112315	6.17174242059
1680.0	33.0	6.60860444224	7.54164967095
1690.0	29.0	12.5411949524	6.17221974019
1690.0	33.0	7.11372070534	7.39845379112
1700.0	29.0	12.5426682081	6.17293571959
1700.0	33.0	7.61883696844	7.25525791129
1710.0	29.0	12.5441414639	6.17341303919
1710.0	33.0	8.12395323155	7.11206203146
1720.0	29.0	12.5456147197	6.17412901859
1720.0	33.0	8.59560554222	6.94738676966
1730.0	29.0	12.5470879754	6.17460633819
1730.0	33.0	9.067468318	6.78295016766
1740.0	29.0	12.5485612312	6.17508365779
1740.0	33.0	9.53575318691	6.60634191587
1750.0	29.0	12.550034487	6.17579963718
1750.0	33.0	9.97373108004	6.32257541401
1760.0	29.0	12.5515077427	6.17627695678
1760.0	33.0	10.4117089732	6.03880891215
1770.0	29.0	12.5529809985	6.17675427638
1770.0	33.0	10.8496868663	5.75504241029
1780.0	29.0	12.5544542543	6.17747025578
1780.0	33.0	11.2950310383	5.47962900142
1790.0	29.0	12.55592751	6.17794757538
1790.0	33.0	11.7508984657	5.21710322174
1800.0	29.0	12.5574007658	6.17842489498
1800.0	33.0	12.2069763583	4.95457744205
1810.0	29.0	12.5588740216	6.17914087438
1810.0	33.0	12.6272751822	4.661503208
1820.0	29.0	12.5603472773	6.17961819398
1820.0	33.0	12.9939054032	4.32284495221
1830.0	29.0	12.5620309982	6.18033417338
1830.0	33.0	13.3605356241	3.98418669642
1840.0	29.0	12.563504254	6.18081149298
1840.0	33.0	13.694333288	3.69516967896
1850.0	29.0	12.5498240219	6.16052541
1850.0	33.0	13.951521652	3.52285730357
1860.0	29.0	12.400393794	5.95265272445
1860.0	33.0	14.172299552	3.28753874105
1870.0	29.0	12.2511740313	5.7447800389
1870.0	33.0	14.3564565229	2.98921399141
1880.0	29.0	12.1017438035	5.53690735335
1880.0	33.0	14.6008065152	2.59900521888
1890.0	29.0	12.0813286878	4.88250218254
1890.0	33.0	14.8521018561	2.19877273476
1900.0	29.0	12.0609135722	4.22809701172
1900.0	33.0	15.1031867318	1.79830159084
1910.0	29.0	12.0407089217	3.57369184091
1920.0	29.0	12.058598456	2.68301346838
1920.0	49.0	2.29091271827	0.123864436051
1930.0	29.0	12.0806972925	1.76608251788
1930.0	49.0	2.25850109139	0.647245376823
1940.0	29.0	12.102796129	0.84915156738
1940.0	49.0	2.22608946451	1.17038765779
1950.0	29.0	12.1251054306	-0.0677793831186
1950.0	49.0	2.16084528053	1.69042736137
1950.0	47.0	0.0616662771203	5.66769292359
1960.0	49.0	2.06255807433	2.20760314735
1960.0	47.0	0.498170914484	5.79155735965
1970.0	49.0	1.96427086814	2.72477893333
1970.0	47.0	0.934675551847	5.9151831359
1970.0	50.0	-0.186893017347	5.18655476737
1980.0	49.0	1.79042668758	3.18205110958
1980.0	47.0	1.36297204993	6.01231767438
1980.0	50.0	0.385572080834	5.1674619834
1980.0	52.0	15.1250751032	4.98703517481
1990.0	49.0	1.54102553268	3.5798969957
1990.0	47.0	1.75864645603	6.00277128239
1990.0	50.0	0.958037179015	5.14836919942
1990.0	52.0	14.5669216325	4.9972975462
2000.0	49.0	1.29162437777	3.97774288182
2000.0	47.0	2.15432086213	5.9932248904
2000.0	50.0	1.53134413764	5.11877538425
2000.0	52.0	14.0087681618	5.00779857739
2010.0	49.0	1.11925345299	4.34647227238
2010.0	47.0	2.53357898967	5.9968047874
2010.0	50.0	2.1122278402	4.9946722884
2010.0	52.0	13.4520879468	5.07486198111
2020.0	49.0	0.966245318291	4.70804186895
2020.0	47.0	2.90610223371	6.00587385979
2020.0	50.0	2.69311154277	4.87056919255
2020.0	52.0	12.8964600574	5.17987229298
2030.0	49.0	0.813237183593	5.06961146551
2030.0	47.0	3.27231152446	6.03045581916
2030.0	50.0	3.26536617584	4.76579754048
2030.0	52.0	12.3456728655	5.28058672846
2040.0	49.0	0.671594164815	5.4154295153
2040.0	47.0	3.5837998867	6.19274448296
2040.0	50.0	3.83214871606	4.67415217739
2040.0	52.0	11.8390833467	5.34239961659
2050.0	49.0	0.541737192176	5.7454960183
2050.0	47.0	3.89528824895	6.35503314677
2050.0	50.0	4.39872079117	4.5822681545
2050.0	52.0	11.3322833627	5.40421250471
2060.0	49.0	0.411669754428	6.07532386151
2060.0	47.0	4.24950102845	6.53713057395
2060.0	50.0	5.00759635332	4.53954805035
2060.0	52.0	10.8475822152	5.45910425865
2070.0	49.0	0.282654642227	6.39870789012
2070.0	47.0	4.63212659775	6.73235429012
2070.0	50.0	5.61647191547	4.497066606
2070.0	52.0	10.3955031597	5.50325632159
2080.0	49.0	0.162268599521	6.6648135668
2080.0	47.0	5.03011612005	6.9144517173
2080.0	50.0	6.22008584987	4.45744907925
2080.0	52.0	9.94321363915	5.54740838454
2090.0	49.0	0.0420930219251	6.93068058368
2090.0	47.0	5.4510463393	7.0767403811
2090.0	50.0	6.80286373843	4.43000320228
2090.0	52.0	9.5376473729	5.65814653161
2100.0	49.0	-0.0780825556711	7.19654760056
2100.0	47.0	5.87197655855	7.23902904491
2100.0	50.0	7.38564162698	4.40231866551
2100.0	52.0	9.15165436185	5.79752385464
2110.0	47.0	6.33605212528	7.28461306665
2110.0	50.0	7.99346486358	4.33883515879
2110.0	52.0	8.77786832715	5.97150684863
2120.0	47.0	6.80475792441	7.31707079941
2120.0	50.0	8.61791484384	4.2512470123
2120.0	52.0	8.43207415204	6.22735015392
2130.0	47.0	7.23263349228	7.29344347924
2130.0	50.0	9.24215435899	4.1638975256
2130.0	52.0	8.0944881162	6.35312386837
2140.0	47.0	7.64304045605	7.2457115193
2140.0	50.0	9.86239503705	4.11926814305
2140.0	52.0	7.67439975739	6.43307490128
2150.0	47.0	8.09280439532	7.1588393522
2150.0	50.0	10.4796892036	4.10327793647
2150.0	52.0	7.12908465835	6.46553263404
2160.0	47.0	8.55961600847	7.05502233933
2160.0	50.0	11.0971938352	4.08752638969
2160.0	52.0	6.5749300247	6.46481665464
2170.0	47.0	9.03358343535	6.98032182202
2170.0	50.0	11.7155403273	4.07678669871
2170.0	52.0	5.98562771775	6.3311671668
2180.0	47.0	9.51849504792	6.94905738826
2180.0	50.0	12.3345182147	4.06986556451
2180.0	52.0	5.3963254108	6.19751767896
2190.0	47.0	10.0071950325	6.92877130528
2190.0	50.0	12.9534961021	4.06294443032
2190.0	52.0	4.80491845275	6.12639705864
2200.0	47.0	10.5291485043	7.00514244119
2200.0	50.0	13.5815239892	4.07201350271
2200.0	52.0	4.21245916915	6.0822449957
2210.0	47.0	11.0511019762	7.0815135771
2210.0	50.0	14.245330945	4.14528206122
2210.0	52.0	3.61999988556	6.03809293275
2220.0	47.0	11.5583228904	7.2421316223
2220.0	50.0	14.9089274357	4.21878927953
2220.0	52.0	2.98860455668	5.88248674334
2230.0	47.0	12.0558624096	7.45931204004
2230.0	52.0	2.35720922781	5.72688055392
2240.0	47.0	12.5296193713	7.6609795708
2240.0	52.0	1.74496622391	5.56387591072
2250.0	47.0	12.9682286598	7.83997442059
2250.0	52.0	1.14114182439	5.39776869012
2260.0	47.0	13.4066274831	8.01896927037
2260.0	52.0	0.537317424874	5.2474130163
2270.0	47.0	13.9142693276	8.04713112674
2270.0	52.0	-0.0658755793128	5.11996868325
2280.0	47.0	14.421911172	8.0750543233
2290.0	47.0	14.9293425513	8.10321617967
2680.0	55.0	14.9916402237	5.75719034849
2690.0	55.0	14.4265414044	5.81160478282
2700.0	55.0	13.8612321199	5.86625787696
2710.0	55.0	13.2959228355	5.92091097109
2720.0	55.0	12.6946240173	5.95909653905
2730.0	55.0	12.0693321766	5.98630375621
2740.0	55.0	11.4438298708	6.01351097338
2750.0	55.0	10.8244310532	6.03546767495
2760.0	55.0	10.2593322338	6.00802179799
2770.0	55.0	9.69402294935	5.98081458082
2780.0	55.0	9.1287136649	5.95360736365
2790.0	55.0	8.56487763621	5.91924035249
2800.0	55.0	8.00209393307	5.88057746494
2810.0	55.0	7.43931022993	5.84167591759
2820.0	55.0	6.87631606169	5.80277437023
2830.0	55.0	6.33100096265	5.72902849212
2840.0	55.0	5.82693702509	5.57342230271
2850.0	55.0	5.32287308754	5.41805477309
2860.0	55.0	4.81859868488	5.26268724348
2870.0	55.0	4.31453474732	5.10731971387
2880.0	55.0	3.75974871835	4.98798981401
2890.0	55.0	3.20475222427	4.86865991415
2900.0	55.0	2.63228712609	4.80947228383
2910.0	55.0	2.05561272571	4.76532022088
2920.0	55.0	1.47872786023	4.72379341573
2930.0	55.0	0.901842994745	4.70613259055
2940.0	55.0	0.324958129262	4.68823310557
2950.0	55.0	-0.251716271112	4.67057228039
2980.0	62.0	14.7565506963	4.51067021458
2990.0	62.0	14.1312588556	4.51067021458
3000.0	62.0	13.5057565498	4.51067021458
3010.0	62.0	12.8804647091	4.51067021458
3020.0	62.0	12.3256786801	4.50518103919
3020.0	63.0	-0.138906972353	7.32446925321
3030.0	62.0	11.770682186	4.4999305236
3030.0	63.0	0.324116268823	7.3323450266
3040.0	62.0	11.2158961571	4.4944413482
3040.0	63.0	0.787139509999	7.34045945979
3050.0	62.0	10.6611101281	4.48895217281
3050.0	63.0	1.25016275118	7.34833523318
3050.0	64.0	-0.14038022812	5.28631456365
3050.0	65.0	-0.130488367968	4.62045372245
3060.0	62.0	10.134947354	4.47367794563
3060.0	63.0	1.44168600093	7.43425276107
3060.0	64.0	0.315697664438	5.19681713876
3060.0	65.0	0.374627895133	4.65219547581
3070.0	62.0	9.62772643982	4.45219856365
3070.0	63.0	1.41853483888	7.63234039484
3070.0	64.0	0.771775556997	5.10731971387
3070.0	65.0	0.873009274727	4.65505939341
3080.0	62.0	9.08598924764	4.43907227467
3080.0	63.0	1.20617554326	7.96527081544
3080.0	64.0	1.22953717043	5.01376507238
3080.0	65.0	1.34403019007	4.54145732875
3090.0	62.0	8.49163577806	4.43907227467
3090.0	63.0	1.08789415165	8.18412185177
3090.0	64.0	1.69424413249	4.90445888411
3090.0	65.0	1.81673482629	4.43525371787
3100.0	62.0	7.91559277302	4.44456145006
3100.0	63.0	0.969402294935	8.40273422831
3100.0	64.0	2.15895109454	4.79515269584
3100.0	65.0	2.30564527595	4.39682949012
3110.0	62.0	7.34733697703	4.45267588325
3110.0	63.0	0.851120903326	8.62158526465
3110.0	64.0	2.56367550035	4.72379341573
3110.0	65.0	2.7943452605	4.35816660257
3120.0	62.0	6.77908118104	4.46055165664
3120.0	63.0	0.732629046606	8.84043630099
3120.0	64.0	2.95345688338	4.6617418678
3120.0	65.0	3.28325571016	4.31974237481
3130.0	62.0	6.23145096579	4.56317537052
3130.0	63.0	0.650758118962	9.05523012073
3130.0	64.0	3.33902896421	4.60303155707
3130.0	65.0	3.76227429967	4.27869288926
3140.0	62.0	5.69266028515	4.70637125035
3140.0	63.0	0.605087190173	9.26596672387
3140.0	64.0	3.68671732531	4.57200578311
3140.0	65.0	4.24129288917	4.23740474391
3150.0	62.0	5.15218588363	4.84002073819
3150.0	63.0	0.559416261385	9.47670332702
3150.0	64.0	4.03461615152	4.54074134935
3150.0	65.0	4.71378706028	4.20184443375
3160.0	62.0	4.60497659861	4.93548465807
3160.0	63.0	0.513955797706	9.68767858997
3160.0	64.0	4.47617195152	4.53453619456
3160.0	65.0	5.12882425646	4.21497072274
3170.0	62.0	4.04492894189	4.9982521854
3170.0	63.0	0.468284868917	9.89841519312
3170.0	64.0	4.9415103089	4.53453619456
3170.0	65.0	5.54407191776	4.22833567152
3180.0	62.0	3.43352779843	4.92999548268
3180.0	63.0	0.422613940128	10.1091517963
3180.0	64.0	5.51208122109	4.63477331044
3180.0	65.0	5.95910911394	4.24146196051
3190.0	62.0	2.82444177117	4.86293207896
3190.0	63.0	0.377153476449	10.3201270592
3190.0	64.0	6.09443817943	4.7462274369
3190.0	65.0	6.42465793643	4.26747587868
3190.0	67.0	1.20870112458	0.514789187982
3200.0	62.0	2.23513946422	4.80565372703
3200.0	64.0	6.67658467265	4.85744290357
3200.0	65.0	6.94050792012	4.30590010643
3200.0	67.0	1.09841740714	1.27635260887
3210.0	62.0	1.64583715727	4.7483753751
3210.0	64.0	7.21705907417	4.9142439359
3210.0	65.0	7.45656836892	4.34432433418
3210.0	67.0	1.03401508359	2.02646035937
3210.0	68.0	3.02417316021	3.18324440858
3220.0	62.0	1.07989647749	4.74193156051
3220.0	64.0	7.75269277817	4.96483981344
3220.0	65.0	7.98778230562	4.37391814935
3220.0	67.0	1.15292787053	2.73217738712
3220.0	68.0	2.8863185134	3.58657947009
3230.0	62.0	0.529319750708	4.76961609727
3230.0	64.0	8.28853694727	5.01543569098
3230.0	65.0	8.54214740437	4.38966969613
3230.0	67.0	1.27184065747	3.43765575507
3230.0	68.0	2.7484638666	3.98967587181
3240.0	62.0	-0.0210465109626	4.79706197424
3240.0	64.0	8.84184972048	5.03572177395
3240.0	65.0	9.09630203802	4.40565990271
3240.0	67.0	1.52902902143	3.78633772245
3240.0	68.0	2.60029642942	4.41854753189
3250.0	64.0	9.40715900493	5.03572177395
3250.0	65.0	9.65971713648	4.40900113991
3250.0	67.0	1.84409529054	4.06270577052
3250.0	68.0	2.42792550464	4.90660682231
3260.0	64.0	9.97246828939	5.03572177395
3260.0	65.0	10.2368124671	4.39372691272
3260.0	67.0	2.32963829844	4.20948154735
3260.0	68.0	2.23871737109	5.38774497853
3270.0	64.0	10.5386194343	5.03238053676
3270.0	65.0	10.8139077977	4.37821402574
3270.0	67.0	2.92651734934	4.26938515707
3270.0	68.0	1.89671156795	5.80539962803
3280.0	64.0	11.1131891836	5.0001614638
3280.0	65.0	11.3872147563	4.35816660257
3280.0	67.0	3.53581384171	4.31974237481
3280.0	68.0	1.5547057648	6.22305427753
3290.0	64.0	11.6875484677	4.96794239084
3290.0	65.0	11.9521031105	4.32666350901
3290.0	67.0	4.09712428908	4.29706969384
3290.0	68.0	1.165345312	6.53736923375
3300.0	64.0	12.262118217	4.93572331787
3300.0	65.0	12.5172019299	4.29516041544
3300.0	67.0	4.65822427134	4.27439701287
3300.0	68.0	0.755359278446	6.80753212703
3310.0	64.0	12.8295321526	4.93333671988
3310.0	65.0	13.0820902841	4.26389598168
3310.0	67.0	5.19238471957	4.15960164921
3310.0	68.0	0.345583710005	7.0774563605
3320.0	64.0	13.3860019024	4.97581816423
3320.0	65.0	13.6324565458	4.25530422889
3320.0	67.0	5.72359865627	4.03454391416
3320.0	68.0	-0.0641918584358	7.34761925378
3330.0	64.0	13.9426821174	5.01829960857
3330.0	65.0	14.1680902498	4.26986247667
3330.0	67.0	6.14263468953	3.94576246866
3340.0	64.0	14.4991518672	5.06054239312
3340.0	65.0	14.7039344189	4.28442072446
3340.0	67.0	6.53346839811	3.86628875536
3350.0	64.0	15.0558320822	5.10302383747
3350.0	65.0	15.2395681229	4.29874031244
3350.0	67.0	6.9531358267	3.88633617853
3360.0	67.0	7.38501023165	3.94910370586
3370.0	67.0	7.75206138284	4.1617495874
3380.0	67.0	8.10290672058	4.4118650575
3390.0	67.0	8.3941904323	4.4956346472
3400.0	67.0	8.66000786576	4.50804495679
3410.0	67.0	8.71493925937	4.5016011422
3420.0	67.0	8.71725437558	4.49014547181
3430.0	67.0	8.71956949179	4.47892846122
3440.0	67.0	8.72167414288	4.46747279084
3450.0	67.0	8.72398925909	4.45601712045
3460.0	67.0	8.72609391018	4.44480010986
3470.0	67.0	8.72840902639	4.43334443948
3480.0	67.0	8.7307241426	4.42212742889
3490.0	67.0	8.73282879369	4.4106717585
3500.0	67.0	8.7351439099	4.39921608812
3510.0	67.0	8.73724856099	4.38799907753
3520.0	67.0	8.7395636772	4.37654340715
3530.0	67.0	8.7416683283	4.36508773676
3540.0	67.0	8.7439834445	4.35387072617
3550.0	67.0	8.74629856071	4.34241505579
3560.0	67.0	8.7484032118	4.3311980452
3570.0	67.0	8.75071832801	4.31974237481
3580.0	67.0	8.75282297911	4.30828670443
3590.0	67.0	8.75513809531	4.29706969384
3600.0	67.0	8.87847064955	4.167000103
3610.0	67.0	9.01527297081	4.02380422317
3620.0	67.0	9.52501946632	3.92762432388
3630.0	67.0	10.0762275884	3.83669494019
3640.0	67.0	10.6653194303	3.84838927038
3650.0	67.0	11.263882202	3.88562019913
3660.0	67.0	11.8624449738	3.92285112789
3670.0	67.0	12.419546119	3.99230112961
3680.0	67.0	12.949497265	4.0827531937
3690.0	67.0	13.479237946	4.17320525779
3700.0	67.0	14.0256053706	4.25602020829
3710.0	67.0	14.5789181438	4.33573258139
3720.0	67.0	15.1324413821	4.4152062947
4030.0	75.0	15.0903483602	8.09056721029
4040.0	75.0	14.7239286043	8.03758473475
4050.0	75.0	14.3577193135	7.98460225921
4060.0	75.0	14.003506534	7.93209710328
4070.0	75.0	13.6783379397	7.88150122574
4080.0	75.0	13.3529588802	7.8309053482
4090.0	75.0	13.0277902858	7.78030947066
4100.0	75.0	12.6910461104	7.62923781744
4110.0	75.0	12.354301935	7.47792750442
4120.0	75.0	12.0175577596	7.3268558512
4130.0	75.0	11.6923891652	7.21826564233
4140.0	75.0	11.3670101058	7.10991409326
4150.0	75.0	11.0418415114	7.00132388439
4160.0	75.0	10.7156205915	7.00347182259
4170.0	75.0	10.3889787413	7.05287440113
4180.0	75.0	10.0623368912	7.10227697967
4190.0	75.0	9.73401132018	7.1597939914
4190.0	79.0	15.1806378922	4.93524599827
4200.0	75.0	9.40526481895	7.21945894133
4200.0	79.0	14.6243786074	4.96078259684
4210.0	75.0	9.0763078526	7.27912389126
4210.0	79.0	14.0681193227	4.98631919541
4220.0	75.0	8.74124739808	7.31086564462
4220.0	79.0	13.511860038	5.01185579398
4230.0	75.0	8.40218810647	7.32423059341
4230.0	79.0	12.9791728455	5.0789191977
4240.0	75.0	8.06312881486	7.33735688239
4240.0	79.0	12.446485653	5.14598260142
4250.0	75.0	7.72406952326	7.35072183117
4250.0	79.0	11.9135879955	5.21328466494
4250.0	80.0	14.8704123206	4.84312331559
4260.0	75.0	7.42815557912	7.29105688125
4260.0	79.0	11.3937391747	5.27294961487
4260.0	80.0	14.3478274534	4.9171078535
4270.0	75.0	7.13203116988	7.23139193132
4270.0	79.0	10.8772577957	5.3307052864
4270.0	80.0	13.8254530513	4.99133105121
4280.0	75.0	6.83611722575	7.17172698139
4280.0	79.0	10.3605659515	5.38869961773
4280.0	80.0	13.2809798127	5.10970631186
4290.0	75.0	6.50631839896	7.11898316565
4290.0	79.0	9.87270782742	5.46817333103
4290.0	80.0	12.7038844821	5.29442899684
4300.0	75.0	6.1681009678	7.06767130871
4300.0	79.0	9.41347295822	5.56936508611
4300.0	80.0	12.1267891515	5.47915168182
4300.0	82.0	15.232201844	5.0013547628
4310.0	75.0	5.82988353663	7.01659811158
4310.0	79.0	8.95423808902	5.67079550099
4310.0	80.0	11.5509566116	5.67031818139
4310.0	82.0	14.7333995342	5.05433723833
4320.0	75.0	5.49987424473	7.04881718454
4320.0	79.0	8.48911019675	5.77222591587
4320.0	80.0	10.977649653	5.87604292874
4320.0	82.0	14.2343867593	5.10731971387
4330.0	75.0	5.17007541795	7.0810362575
4330.0	79.0	7.99998928198	5.87556560915
4330.0	80.0	10.4041322292	6.0817676761
4330.0	82.0	13.7347425891	5.1657913648
4340.0	75.0	4.84006612606	7.11325533046
4340.0	79.0	7.5106579021	5.97866664262
4340.0	80.0	9.86471015326	6.31422232102
4340.0	82.0	13.2266798144	5.27271095507
4350.0	75.0	4.49827078803	7.13592801143
4350.0	79.0	7.02153698733	6.0820063359
4350.0	80.0	9.37622063382	6.58701047209
4350.0	82.0	12.7186170398	5.37963054534
4360.0	75.0	4.12869405552	7.13592801143
4360.0	79.0	6.55367304863	6.18773262717
4360.0	80.0	8.88773111438	6.85979862316
4360.0	82.0	12.2097124047	5.48440219742
4370.0	75.0	3.75911732302	7.13592801143
4370.0	79.0	6.10727655111	6.29632283604
4370.0	80.0	8.41944624546	7.14070120743
4370.0	82.0	11.697650793	5.5798661173
4380.0	75.0	3.38954059052	7.13592801143
4380.0	79.0	5.6608800536	6.40467438511
4380.0	80.0	7.96484160867	7.42709296708
4380.0	82.0	11.1855891813	5.67533003719
4390.0	75.0	3.02564641598	7.13497337223
4390.0	79.0	5.21953471871	6.52185634677
4390.0	80.0	7.50665906501	7.70346101515
4390.0	82.0	10.6891019877	5.76506612188
4400.0	75.0	2.68406154305	7.12948419684
4400.0	79.0	4.79860449946	6.67292799999
4400.0	80.0	7.01543349915	7.88913833933
4400.0	82.0	10.2549124665	5.8321295256
4410.0	75.0	2.34268713524	7.12423368125
4410.0	79.0	4.37767428021	6.82399965321
4410.0	80.0	6.53978235139	8.04164195134
4410.0	82.0	9.82093341046	5.89943158912
4420.0	75.0	2.00131272743	7.11898316565
4420.0	79.0	3.96495220024	6.96218367724
4420.0	80.0	6.09969980717	8.11777442745
4420.0	82.0	9.3867438893	5.96649499284
4430.0	75.0	1.65993831962	7.11373265006
4430.0	79.0	3.58485221225	7.04833986494
4430.0	80.0	5.65183005388	8.18603113017
4430.0	82.0	8.98917529722	6.12568107925
4440.0	75.0	1.33645344612	7.09273058768
4440.0	79.0	3.20496268938	7.13449605263
4440.0	80.0	5.13366495399	8.18603113017
4440.0	82.0	8.59160670513	6.28462850585
4450.0	75.0	1.02075578168	7.06528471072
4450.0	79.0	2.82486270139	7.22089090013
4450.0	80.0	4.6157103192	8.18603113017
4450.0	82.0	8.19403811305	6.44381459226
4460.0	75.0	0.705058117246	7.03760017395
4460.0	79.0	2.43339759749	7.32446925321
4460.0	80.0	4.16363126372	8.19008834677
4460.0	82.0	7.79878463717	6.5788960389
4470.0	75.0	0.389360452807	7.01015429698
4470.0	79.0	2.03435574964	7.43950327667
4470.0	80.0	3.77784871778	8.19796412016
4470.0	82.0	7.40689860305	6.67746253618
4480.0	75.0	0.0736627883689	6.98270842002
4480.0	79.0	1.63510343668	7.55477595993
4480.0	80.0	3.39206617183	8.20583989355
4480.0	82.0	7.01501256893	6.77626769326
4490.0	75.0	-0.242034876069	6.95502388325
4490.0	79.0	1.25184647205	7.67553781858
4490.0	80.0	3.0567952522	8.20345329555
4490.0	82.0	6.65701141746	6.89010841773
4500.0	79.0	0.875745321152	7.79844761544
4500.0	80.0	2.7724568891	8.19056566637
4500.0	82.0	6.33268468352	7.01922336937
4500.0	85.0	0.0601930213529	9.825862614
4510.0	79.0	0.499433705141	7.92135741229
4510.0	80.0	2.48811852599	8.17767803718
4510.0	82.0	6.0085684147	7.14809966122
4510.0	85.0	0.120175577596	9.72371621973
4520.0	79.0	0.154270925356	8.05071102373
4520.0	80.0	2.20356969778	8.164790408
4520.0	82.0	5.68424168077	7.27721461286
4520.0	85.0	0.180368598949	9.62133116565
4530.0	79.0	-0.143747669874	8.19008834677
4530.0	80.0	1.86808831304	8.10297751987
4530.0	82.0	5.35970448172	7.38485018253
4530.0	85.0	0.240561620302	9.51918477137
4540.0	80.0	1.51976855661	8.02875432216
4540.0	82.0	5.03495681757	7.48699657681
4540.0	85.0	0.302438362532	9.4101172429
4550.0	80.0	1.17144880018	7.95476978425
4550.0	82.0	4.71020915342	7.58938163089
4550.0	85.0	0.379889522874	9.24043012531
4560.0	80.0	0.826496485499	7.84975947238
4560.0	82.0	4.39009172168	7.68412957137
4560.0	85.0	0.457551148326	9.07098166751
4570.0	80.0	0.482175566152	7.74116926351
4570.0	82.0	4.08049754542	7.76145534648
4570.0	85.0	0.535002308668	8.90129454991
4580.0	80.0	0.137854646805	7.63281771444
4580.0	82.0	3.77111383427	7.83854246179
4580.0	85.0	0.603403469296	8.71370794734
4590.0	82.0	3.46151965801	7.9158682369
4590.0	85.0	0.650126723633	8.48387856021
4600.0	82.0	3.18812548061	7.92350535049
4600.0	85.0	0.69684997797	8.25404917309
4610.0	82.0	2.91873014029	7.92350535049
4610.0	85.0	0.684011606283	8.05930277652
4620.0	82.0	2.65838479968	7.93161978368
4620.0	85.0	0.631395328877	7.88770638053
4630.0	82.0	2.41193015631	7.95214452645
4630.0	85.0	0.57877905147	7.71610998454
4640.0	82.0	2.16547551294	7.97266926923
4640.0	85.0	0.463023241176	7.56121977452
4650.0	82.0	1.91881040446	7.9929553522
4650.0	85.0	0.252558131551	7.43091152388
4660.0	82.0	1.57848832219	8.02111720857
4660.0	85.0	0.0420930219251	7.30084193303
4670.0	82.0	1.22764298445	8.04999504433
4680.0	82.0	0.87700811181	8.0791115399
4690.0	82.0	0.560889517152	8.22135278053
4700.0	82.0	0.268132549663	8.43924917767
4710.0	82.0	-0.0246244178262	8.65714557481
5140.0	95.0	0.116597670733	7.93138112388
5150.0	95.0	0.384098825067	7.97123731043
5160.0	95.0	0.651599979401	8.01109349698
5170.0	95.0	0.919101133735	8.05071102373
5180.0	95.0	1.18639182296	8.09056721029
5190.0	95.0	1.43116274545	8.14140174762
5200.0	95.0	1.64162785508	8.20894247094
5200.0	98.0	0.347898826211	4.59014392789
5210.0	95.0	1.8520929647	8.27624453446
5210.0	98.0	0.797031370152	4.55052640114
5220.0	95.0	2.06255807433	8.34378525778
5220.0	98.0	1.24595344898	4.51067021458
5230.0	95.0	2.27302318396	8.4110873213
5230.0	98.0	1.72244645718	4.46365423404
5240.0	95.0	2.43529178348	8.45595536365
5240.0	98.0	2.23998016174	4.40542124291
5250.0	95.0	2.58577433686	8.494856911
5250.0	98.0	2.75772433142	4.34742691158
5260.0	95.0	2.73604642513	8.53375845835
5260.0	98.0	3.27525803599	4.28943258025
5270.0	95.0	2.8863185134	8.57266000571
5270.0	98.0	3.81004987955	4.2469511359
5280.0	95.0	3.03680106679	8.61180021286
5280.0	98.0	4.35199753684	4.21115216594
5290.0	95.0	3.19949059653	8.63662083203
5290.0	98.0	4.89394519412	4.17535319599
5300.0	95.0	3.36386384714	8.6597708326
5300.0	98.0	5.43589285141	4.13955422603
5310.0	95.0	3.52802663265	8.68315949297
5310.0	98.0	5.97257888095	4.12427999885
5320.0	95.0	3.69239988327	8.70630949355
5320.0	98.0	6.50737072451	4.11783618426
5330.0	95.0	3.88518592369	8.69676310156
5330.0	98.0	7.04195210296	4.11139236966
5340.0	95.0	4.08512777783	8.67886361658
5340.0	98.0	7.57674394652	4.10494855507
5350.0	95.0	4.28506963198	8.6609641316
5350.0	98.0	8.1361602079	4.14886195822
5360.0	95.0	4.48501148612	8.64306464662
5360.0	98.0	8.69557646929	4.19277536137
5370.0	95.0	4.65401496915	8.63542753303
5370.0	98.0	9.25499273067	4.23692742431
5380.0	95.0	4.81523124312	8.63041567724
5380.0	98.0	9.81251480607	4.27081711587
5390.0	95.0	4.9764475171	8.62516516164
5390.0	98.0	10.3628810677	4.26461196108
5400.0	95.0	5.13766379107	8.62015330585
5400.0	98.0	10.9134577945	4.25864546609
5410.0	95.0	5.29698587906	8.61418681086
5410.0	98.0	11.4638240562	4.25244031129
5410.0	100.0	0.122911624021	9.00415692359
5420.0	95.0	5.43989168849	8.60082186207
5420.0	98.0	12.0194519456	4.23955268211
5420.0	100.0	0.392306964342	8.70821877194
5430.0	95.0	5.58279749793	8.58721825349
5430.0	98.0	12.5870763463	4.21043618654
5430.0	100.0	0.661702304663	8.4122806203
5440.0	95.0	5.72591377247	8.57385330471
5440.0	98.0	13.1547007469	4.18155835078
5440.0	100.0	1.0298057814	8.15572133561
5450.0	95.0	5.86881958191	8.56024969612
5450.0	98.0	13.7223251476	4.15268051501
5450.0	100.0	1.42274414107	7.9091857625
5460.0	95.0	6.01172539134	8.54664608754
5460.0	98.0	14.2947902458	4.12404133905
5460.0	100.0	1.81568250074	7.6626501894
5470.0	95.0	5.98562771775	8.56621619111
5470.0	98.0	14.8672553439	4.09540216308
5470.0	100.0	2.20546388377	7.497497608
5480.0	95.0	5.91701609201	8.59390072788
5480.0	98.0	15.4397204421	4.06676298712
5480.0	100.0	2.59440340635	7.35286976937
5490.0	95.0	5.84840446627	8.62182392445
5490.0	100.0	2.98355339405	7.20824193075
5500.0	95.0	5.78000330565	8.64950846121
5500.0	100.0	3.38554175344	7.0779336801
5510.0	95.0	5.66782540222	8.64783784262
5510.0	100.0	3.80036848451	6.96194501744
5520.0	95.0	5.5122916862	8.61657340885
5520.0	100.0	4.21540568069	6.84619501458
5520.0	102.0	15.2902902143	5.75170117309
5530.0	95.0	5.35675797019	8.58554763489
5530.0	100.0	4.63023241176	6.73020635192
5530.0	102.0	14.6852030241	5.69203622317
5540.0	95.0	5.20122425418	8.55428320113
5540.0	100.0	4.93582775094	6.65311923661
5540.0	102.0	14.0801158339	5.63237127324
5550.0	95.0	5.04569053816	8.52325742717
5550.0	100.0	5.241212625	6.5762707811
5550.0	102.0	13.4676623649	5.56793312731
5560.0	95.0	4.90488937982	8.55476052073
5560.0	100.0	5.54680796418	6.4991836658
5560.0	102.0	12.8257437806	5.48440219742
5570.0	95.0	4.76598240747	8.59294608868
5570.0	100.0	5.85029865226	6.46004345864
5570.0	102.0	12.1897182193	5.39729137052
5580.0	95.0	4.62686497001	8.63137031644
5580.0	100.0	6.15357887523	6.42496046809
5580.0	102.0	11.5774752154	5.29609961544
5590.0	95.0	4.48774753255	8.66979454419
5590.0	100.0	6.4568590982	6.38987747753
5590.0	102.0	10.9652322115	5.19490786036
5600.0	95.0	4.34863009508	8.70821877194
5600.0	100.0	6.79191955273	6.35861304377
5600.0	102.0	10.3529892076	5.09347744548
5610.0	95.0	4.20383009966	8.72564093732
5610.0	100.0	7.1587602388	6.3314058266
5610.0	102.0	9.70896597214	5.03381249556
5620.0	95.0	4.045139407	8.69437650356
5620.0	100.0	7.52560092488	6.30395994963
5620.0	102.0	9.06136482982	4.97892074162
5630.0	95.0	3.88644871435	8.66287341
5630.0	100.0	7.89244161096	6.27675273246
5630.0	102.0	8.42365554765	4.95720269985
5640.0	95.0	3.72754755658	8.63160897624
5640.0	100.0	8.30726834203	6.23594190671
5640.0	102.0	7.80888696244	5.01376507238
5650.0	95.0	3.56885686392	8.60034454247
5650.0	100.0	8.72230553821	6.19489242116
5650.0	102.0	7.19411837722	5.07032744491
5660.0	95.0	3.41016617126	8.56908010871
5660.0	100.0	9.13713226928	6.15408159541
5660.0	102.0	6.579349792	5.12688981744
5670.0	95.0	3.25273826926	8.53351979855
5670.0	100.0	9.56563923248	6.11374808926
5670.0	102.0	5.97110562519	5.15505167381
5680.0	95.0	3.09951966946	8.48149196222
5680.0	100.0	10.0076159627	6.07389190271
5680.0	102.0	5.36980680699	5.15505167381
5690.0	95.0	2.94651153476	8.42946412588
5690.0	100.0	10.4495926929	6.03403571616
5690.0	102.0	4.76850798879	5.15505167381
5700.0	95.0	2.79350340006	8.37743628954
5700.0	100.0	10.9267170964	5.9944181894
5700.0	102.0	4.16720917059	5.15505167381
5710.0	95.0	2.64028480025	8.3254084532
5710.0	100.0	11.4387787081	5.95456200285
5710.0	102.0	3.55686035267	5.13404961144
5720.0	95.0	2.48727666555	8.27314195707
5720.0	100.0	11.9508403199	5.9147058163
5720.0	102.0	2.92546502379	5.06388363032
5730.0	95.0	2.33321620531	8.25237855449
5730.0	100.0	12.4862635588	5.85814344377
5730.0	102.0	2.29406969492	4.9937176492
5730.0	105.0	14.5096751227	12.3716466975
5740.0	95.0	2.17873481484	8.2449801007
5740.0	100.0	13.0448379597	5.78463622545
5740.0	102.0	1.66267436604	4.92331300829
5740.0	105.0	14.5532414004	12.0590023599
5750.0	95.0	2.02404295927	8.23758164691
5750.0	100.0	13.6034123606	5.71136766694
5750.0	102.0	1.08999880275	4.9163918741
5750.0	105.0	14.5968076781	11.7461193625
5760.0	95.0	1.8695615688	8.22994453332
5760.0	100.0	14.1097914144	5.71136766694
5760.0	102.0	0.524058122968	4.9163918741
5760.0	105.0	14.6355332582	11.4394415199
5770.0	95.0	1.71486971323	8.22254607953
5770.0	100.0	14.6106983753	5.71972075993
5770.0	102.0	-0.0420930219251	4.9163918741
5770.0	105.0	14.6626832574	11.1468446054
5780.0	95.0	1.56038832276	8.21514762574
5780.0	100.0	15.1113948711	5.72783519312
5780.0	105.0	14.6898332565	10.8544863508
5790.0	95.0	1.41285228092	8.20989711014
5790.0	105.0	14.7045658142	10.5552069619
5800.0	95.0	1.28173251762	8.20989711014
5800.0	105.0	14.6694181409	10.2289590157
5810.0	95.0	1.15061275432	8.20989711014
5810.0	105.0	14.6342704676	9.90271106951
5820.0	95.0	1.01949299103	8.20989711014
5820.0	105.0	14.6027007011	9.58887343289
5830.0	95.0	0.888373227729	8.20989711014
5830.0	105.0	14.585232097	9.32372239541
5840.0	95.0	0.757253464433	8.20989711014
5840.0	105.0	14.567763493	9.05857135792
5850.0	95.0	0.665701141746	8.20225999655
5850.0	105.0	14.5500844237	8.79318166064
5860.0	95.0	0.732208116387	8.164790408
5860.0	105.0	14.5536623306	8.52803062316
5870.0	95.0	0.798715091029	8.12708215964
5870.0	105.0	14.5711309347	8.26287958568
5880.0	95.0	0.865222065671	8.08937391129
5880.0	105.0	14.5888100039	7.9977285482
5890.0	95.0	0.931518575203	8.05166566293
5890.0	105.0	14.606278608	7.73257751072
5900.0	95.0	0.998025549844	8.01395741458
5900.0	105.0	14.7140367441	7.46480121544
5910.0	95.0	1.11588601123	7.99987648639
5910.0	105.0	14.8217948803	7.19702492016
5920.0	95.0	1.28509995937	8.00918421858
5920.0	105.0	14.9297634815	6.92924862488
5930.0	95.0	1.45431390751	8.01849195077
5930.0	105.0	15.0375216176	6.6614723296
5940.0	95.0	1.62352785565	8.02779968296
5940.0	105.0	15.168851846	6.43951871587
5950.0	95.0	1.79274180379	8.03710741515
5960.0	95.0	1.97837203048	8.06049607552
5970.0	95.0	2.18883714011	8.10488679827
5980.0	95.0	2.39930224973	8.14951618082
5990.0	95.0	2.60976735936	8.19390690356
6000.0	95.0	2.81454991102	8.23614968811
6010.0	95.0	2.9692417666	8.26049298768
6020.0	95.0	3.12393362217	8.28483628725
6030.0	95.0	3.27862547775	8.30917958682
6040.0	95.0	3.43310686821	8.33352288639
6050.0	95.0	3.5924289562	8.35309298997
6050.0	107.0	15.2423041693	4.46031299684
6060.0	95.0	3.76985104361	8.35309298997
6060.0	107.0	14.7357146504	4.54861712274
6070.0	95.0	3.94727313103	8.35309298997
6070.0	107.0	14.2289146665	4.63715990843
6080.0	95.0	4.12469521844	8.35309298997
6080.0	107.0	13.7223251476	4.72546403433
6090.0	95.0	4.30211730586	8.35309298997
6090.0	107.0	13.2132100474	4.8333382638
6100.0	95.0	4.47827660261	8.35261567037
6100.0	107.0	12.7038844821	4.94097383347
6110.0	95.0	4.6420184579	8.34831979398
6110.0	107.0	12.1947693819	5.04884806294
6120.0	95.0	4.80554984808	8.34378525778
6120.0	107.0	11.6925996304	5.14168672503
6130.0	95.0	4.96929170337	8.33948938139
6130.0	107.0	11.1912717392	5.23285476852
6140.0	95.0	5.13303355866	8.33495484519
6140.0	107.0	10.689733383	5.32426147181
6150.0	95.0	5.29677541395	8.3306589688
6150.0	107.0	10.2504926992	5.41948673189
6160.0	95.0	5.39148471328	8.34903577338
6160.0	107.0	9.87354968786	5.51900786837
6170.0	95.0	5.45651843215	8.37743628954
6170.0	107.0	9.49471249054	5.62306354105
6180.0	95.0	5.52176261614	8.40583680571
6180.0	107.0	9.10093227043	5.76936199827
6190.0	95.0	5.58679633501	8.43423732187
6190.0	107.0	8.70715205032	5.9156604555
6200.0	95.0	5.59879284626	8.44975020885
6200.0	107.0	8.31337183021	6.06195891272
6210.0	95.0	5.55754168477	8.45213680685
6210.0	107.0	7.85308463546	6.18128881258
6210.0	111.0	15.1236018475	5.34597951358
6220.0	95.0	5.51629052329	8.45476206465
6220.0	107.0	7.3925869756	6.30061871244
6220.0	111.0	14.7916983696	5.34597951358
6220.0	110.0	15.1652739392	8.3273177316
6230.0	95.0	5.4750393618	8.45714866265
6230.0	107.0	6.93208931574	6.41994861229
6230.0	111.0	14.4597948917	5.34597951358
6230.0	110.0	14.8453669725	8.17457545979
6240.0	95.0	5.43399866542	8.45953526064
6240.0	107.0	6.44907188915	6.54238108954
6240.0	111.0	14.1403088553	5.3290346678
6240.0	110.0	14.5254600059	8.02183318797
6250.0	95.0	5.39274750393	8.46216051844
6250.0	107.0	5.96016143949	6.6655295462
6250.0	111.0	13.8496565389	5.27199497567
6250.0	110.0	14.2120774577	7.85835122516
6260.0	95.0	5.35149634245	8.46454711644
6260.0	107.0	5.47146145493	6.78867800285
6260.0	111.0	13.6591856147	5.20493157195
6260.0	110.0	13.9243716528	7.65143317881
6270.0	95.0	5.31024518096	8.46693371443
6270.0	107.0	4.99896728383	6.94714810986
6270.0	111.0	13.878700724	5.07629393991
6270.0	110.0	13.636665848	7.44451513246
6280.0	95.0	5.26899401948	8.46955897223
6280.0	107.0	4.53320799622	7.12065378425
6280.0	111.0	14.1807181563	4.76484290128
6280.0	110.0	13.3148646953	7.2433249213
6290.0	95.0	5.22774285799	8.47194557023
6290.0	107.0	4.06765917373	7.29439811844
6290.0	111.0	14.4827355887	4.45363052245
6290.0	110.0	12.8564716866	7.06433007152
6300.0	95.0	5.0924137925	8.48316258081
6300.0	107.0	3.60463593256	7.45620946265
6300.0	111.0	14.9188192958	4.22976763032
6300.0	110.0	12.3978682127	6.88533522173
6310.0	95.0	4.93372309984	8.4967661894
6310.0	107.0	3.14540106335	7.60083730127
6310.0	111.0	15.3881564903	4.02786143976
6310.0	110.0	11.9424217155	6.75407233189
6310.0	114.0	15.0097402232	4.93930321487
6320.0	95.0	4.77482194207	8.51013113818
6320.0	107.0	2.68637665926	7.7457037997
6320.0	110.0	11.4913949856	6.69440738196
6320.0	114.0	14.6071204685	5.05338259913
6330.0	95.0	4.61592078431	8.52373474677
6330.0	107.0	2.22482667385	7.88197854534
6330.0	110.0	11.0403682556	6.63474243203
6330.0	114.0	14.2045007137	5.1674619834
6340.0	95.0	4.45701962654	8.53733835535
6340.0	107.0	1.74286157281	7.94355277366
6340.0	110.0	10.6232264083	6.67340531959
6340.0	114.0	13.7433716585	5.22664961372
6350.0	95.0	4.2987498641	8.53328113875
6350.0	107.0	1.26068600666	8.00512700199
6350.0	110.0	10.2286043278	6.77793831186
6350.0	114.0	13.275718185	5.27963208926
6360.0	95.0	4.14090103188	8.51204041658
6360.0	107.0	0.778720905614	8.06670123031
6360.0	110.0	9.83398224725	6.88247130414
6360.0	114.0	12.8147995949	5.3266480698
6370.0	95.0	3.98305219966	8.49079969441
6370.0	107.0	0.433558125829	8.20989711014
6370.0	110.0	9.4568287708	6.98628831701
6370.0	114.0	12.3806100737	5.34884343118
6380.0	95.0	3.82520336744	8.46955897223
6380.0	107.0	0.0883953460427	8.35309298997
6380.0	110.0	9.10619389817	7.08986667009
6380.0	114.0	11.9466310177	5.37127745235
6390.0	95.0	3.66735453522	8.44807959026
6390.0	107.0	-0.256767433743	8.4962888698
6390.0	110.0	8.75534856042	7.19320636336
6390.0	114.0	11.5124414965	5.39371147352
6400.0	95.0	3.50950570301	8.42683886808
6400.0	110.0	8.41986717568	7.27697595306
6400.0	114.0	11.0915112773	5.42354394849
6410.0	95.0	3.38006966059	8.42898680628
6410.0	110.0	8.10711602278	7.3316290472
6410.0	114.0	10.670581058	5.45337642345
6420.0	95.0	3.25379059481	8.43376000227
6420.0	110.0	7.79436486987	7.38628214133
6420.0	114.0	10.2496508388	5.48320889842
6430.0	95.0	3.12751152904	8.43853319827
6430.0	110.0	7.48182418208	7.44069657567
6430.0	114.0	9.83482410769	5.4960965276
6440.0	95.0	3.00123246326	8.44330639426
6440.0	110.0	7.14381721602	7.47172234963
6440.0	114.0	9.42126016728	5.50444962059
6450.0	95.0	2.87495339748	8.44807959026
6450.0	110.0	6.80307420354	7.50012286579
6450.0	114.0	9.00790669197	5.51304137338
6460.0	95.0	2.93156851197	8.49056103461
6460.0	110.0	6.46233119105	7.52852338196
6460.0	114.0	8.63559391305	5.54979498254
6470.0	95.0	3.0085987421	8.53709969555
6470.0	110.0	6.12158817857	7.55692389813
6470.0	114.0	8.26328113412	5.58654859169
6480.0	95.0	3.08562897222	8.58363835649
6480.0	110.0	5.72107307495	7.53210327896
6480.0	114.0	7.89075789008	5.62330220085
6490.0	95.0	3.16265920234	8.63017701744
6490.0	110.0	5.29488122796	7.48437131901
6490.0	114.0	7.52286487845	5.66960220199
6500.0	95.0	3.28683361702	8.62349454305
6500.0	110.0	4.86847891586	7.43663935907
6500.0	114.0	7.19559163299	5.80205839083
6510.0	95.0	3.42258361273	8.60368577967
6510.0	110.0	4.44228706887	7.38890739913
6510.0	114.0	6.86810792241	5.93475323947
6520.0	95.0	3.55854407355	8.58387701629
6520.0	110.0	4.0034673153	7.37912234734
6520.0	114.0	6.54083467694	6.06720942832
6530.0	95.0	3.69450453437	8.56382959312
6530.0	110.0	3.55917546888	7.38580482173
6530.0	114.0	6.23902770974	6.22687283432
6530.0	116.0	0.105232554813	4.96412383404
6530.0	117.0	0.0631395328877	5.48917539341
6540.0	95.0	3.83046499518	8.54402082974
6540.0	110.0	3.11488362246	7.39248729612
6540.0	114.0	5.9626870208	6.4132661379
6540.0	116.0	0.656440676922	5.02092486637
6540.0	117.0	0.58467207454	5.56172797252
6550.0	95.0	3.96242661892	8.46454711644
6550.0	110.0	2.67227549692	7.40394296651
6550.0	114.0	5.68655679697	6.59965944148
6550.0	116.0	1.20764879903	5.0777258987
6550.0	117.0	1.1064150813	5.63451921143
6560.0	95.0	4.09459870776	8.38483474333
6560.0	110.0	2.24461039416	7.45764142145
6560.0	114.0	5.42452773549	6.77221047667
6560.0	116.0	1.71381738768	5.11424084806
6560.0	117.0	1.62352785565	5.71375426494
6570.0	95.0	4.2265603315	8.30536103003
6570.0	110.0	1.81673482629	7.51157853618
6570.0	114.0	5.19533123111	6.9127810987
6570.0	116.0	2.2149348137	5.14813053962
6570.0	117.0	2.13874644401	5.79609189584
6580.0	95.0	4.35873242034	8.22588731672
6580.0	110.0	1.38906972353	7.56551565092
6580.0	114.0	4.96634519183	7.05311306093
6580.0	116.0	2.75435688967	5.15505167381
6580.0	117.0	2.65396503238	5.87842952674
6590.0	95.0	4.49069404408	8.14617494362
6590.0	110.0	0.975084852895	7.72470173733
6590.0	114.0	4.73735915256	7.19344502316
6590.0	116.0	3.30346036068	5.15505167381
6590.0	117.0	3.17802315535	5.89489705292
6600.0	95.0	4.49195683474	8.13161669584
6600.0	110.0	0.561310447371	7.88364916393
6600.0	114.0	4.52499985695	7.31492286122
6600.0	116.0	3.8285708092	5.17271249899
6600.0	117.0	3.70418592941	5.89489705292
6610.0	95.0	4.47869753283	8.12397958225
6610.0	110.0	0.147325576738	8.04283525034
6610.0	114.0	4.31453474732	7.43425276107
6610.0	116.0	4.33010916544	5.20779548955
6610.0	117.0	4.23034870347	5.89489705292
6620.0	95.0	4.46543823092	8.11634246865
6620.0	114.0	4.24697544713	7.47434760743
6620.0	116.0	4.83143705656	5.24287848011
6620.0	117.0	4.74009519899	5.86840581515
6630.0	95.0	4.45196846391	8.10894401486
6630.0	114.0	4.24087195895	7.48031410242
6630.0	116.0	5.33465913368	5.28106404806
6630.0	117.0	5.23910797391	5.82425375221
6640.0	95.0	4.438709162	8.10130690127
6640.0	114.0	4.23476847078	7.48628059741
6640.0	116.0	5.85429748934	5.34812745178
6640.0	117.0	5.73791028372	5.78010168926
6650.0	95.0	4.4254498601	8.09366978768
6650.0	114.0	4.2286649826	7.4922470924
6650.0	116.0	6.3737253799	5.4154295153
6650.0	117.0	6.19377771117	5.80635426723
6660.0	95.0	4.41219055819	8.08627133389
6660.0	114.0	4.22235102931	7.4982135874
6660.0	116.0	6.89336373556	5.48249291902
6660.0	117.0	6.64459397599	5.84024395879
6670.0	95.0	4.39872079117	8.0786342203
6670.0	114.0	4.21624754113	7.50418008239
6670.0	116.0	7.36059627893	5.55528415793
6670.0	117.0	7.12277070506	5.90515942431
6680.0	95.0	4.38546148927	8.07123576651
6680.0	114.0	4.21014405295	7.51014657738
6680.0	116.0	7.82193579923	5.62879137624
6680.0	117.0	7.60789278274	5.97795066322
6690.0	95.0	4.37220218736	8.06359865292
6690.0	114.0	4.20383009966	7.51611307238
6690.0	116.0	8.27127880828	5.67676199598
6690.0	117.0	8.07996602363	6.05766303633
6700.0	95.0	4.35894288545	8.05596153933
6700.0	114.0	4.19772661148	7.52207956737
6700.0	116.0	8.69220902753	5.6653063256
6700.0	117.0	8.53920089284	6.14429654362
6710.0	95.0	4.34547311844	8.04856308554
6710.0	114.0	4.1916231233	7.52828472216
6710.0	116.0	9.1221892465	5.63404189184
6710.0	117.0	8.99443692496	6.1650599462
6720.0	95.0	4.33221381653	8.04092597195
6720.0	114.0	4.18551963512	7.53425121715
6720.0	116.0	9.58815899921	5.52330374477
6720.0	117.0	9.44062295736	6.03141045836
6730.0	95.0	4.31895451463	8.03328885835
6730.0	114.0	4.17920568183	7.54021771215
6730.0	116.0	10.0541287519	5.4125655977
6730.0	117.0	9.88680898977	5.89776097052
6740.0	95.0	4.30569521272	8.02589040456
6740.0	114.0	4.17310219365	7.54618420714
6740.0	116.0	10.5320950159	5.333569204
6740.0	117.0	10.3801392067	5.78201096766
6750.0	95.0	4.2922254457	8.01825329097
6750.0	114.0	4.16699870548	7.55215070213
6750.0	116.0	11.027740349	5.30278208983
6750.0	117.0	10.8928322138	5.68678570757
6760.0	95.0	4.2789661438	8.01085483718
6760.0	114.0	4.16068475219	7.55811719713
6760.0	116.0	11.5233856822	5.27199497567
6760.0	117.0	11.42320429	5.62950735564
6770.0	95.0	4.26570684189	8.00321772359
6770.0	114.0	4.15458126401	7.56408369212
6770.0	116.0	12.0343949684	5.2505155937
6770.0	117.0	11.9535763663	5.57222900371
6780.0	95.0	4.25244753998	7.99558061
6780.0	114.0	4.14847777583	7.57005018711
6780.0	116.0	12.5816042534	5.2505155937
6780.0	117.0	12.4988914653	5.60230013847
6790.0	95.0	4.23918823808	7.98818215621
6790.0	114.0	4.14237428765	7.5760166821
6790.0	116.0	13.1288135384	5.2505155937
6790.0	117.0	13.0479949363	5.65408931501
6800.0	95.0	4.22571847106	7.98054504262
6800.0	114.0	4.13606033436	7.5819831771
6800.0	116.0	13.6526611963	5.26077796508
6800.0	117.0	13.5613193387	5.69299086236
6810.0	95.0	4.21245916915	7.97314658883
6810.0	114.0	4.12995684618	7.58818833189
6810.0	116.0	14.1215774605	5.29490631644
6810.0	117.0	14.0390751376	5.71876612073
6820.0	95.0	4.19919986725	7.96550947524
6820.0	114.0	4.123853358	7.59415482688
6820.0	116.0	14.5907041899	5.3290346678
6820.0	117.0	14.5170414015	5.7445413791
6830.0	95.0	4.18594056534	7.95787236165
6830.0	114.0	4.11753940471	7.60012132187
6830.0	116.0	15.0596204541	5.36292435936
6830.0	117.0	14.9947972004	5.77031663747
6840.0	95.0	4.17247079833	7.95047390785
6840.0	114.0	4.11143591653	7.60608781687
6850.0	95.0	4.16426265905	7.95071256765
6850.0	114.0	4.10533242836	7.61205431186
6860.0	95.0	4.15900103131	7.95667906265
6860.0	114.0	4.11817080004	7.60919039426
6870.0	95.0	4.15394986868	7.96240689784
6870.0	114.0	4.13563940414	7.60441719827
6880.0	95.0	4.14889870605	7.96813473303
6880.0	114.0	4.15310800824	7.59940534248
6890.0	95.0	4.14384754342	7.97386256823
6890.0	114.0	4.17078707745	7.59439348668
6900.0	95.0	4.13879638079	7.97959040342
6900.0	114.0	4.18825568155	7.58938163089
6910.0	95.0	4.13374521815	7.98531823861
6910.0	114.0	4.20572428565	7.58436977509
6920.0	95.0	4.12869405552	7.99104607381
6920.0	114.0	4.22340335486	7.5793579193
6930.0	95.0	4.12364289289	7.996773909
6930.0	114.0	4.24087195895	7.57458472331
6940.0	95.0	4.11838126515	8.00274040399
6940.0	114.0	4.25834056305	7.56957286751
6950.0	95.0	4.11333010252	8.00846823918
6950.0	114.0	4.27601963226	7.56456101172
6960.0	95.0	4.10827893989	8.01419607438
6960.0	114.0	4.29348823636	7.55954915592
6970.0	95.0	4.10322777726	8.01992390957
6970.0	114.0	4.31095684046	7.55453730013
6980.0	95.0	4.09817661463	8.02565174476
6980.0	114.0	4.32863590967	7.54952544434
6990.0	95.0	4.093125452	8.03137957996
6990.0	114.0	4.34610451377	7.54475224834
7000.0	95.0	4.08807428937	8.03710741515
7000.0	114.0	4.34336846734	7.54164967095
7010.0	95.0	4.08302312674	8.04283525034
7010.0	114.0	4.31053591024	7.54164967095
7020.0	95.0	4.07776149899	8.04880174534
7020.0	114.0	4.27770335314	7.54164967095
7030.0	95.0	4.07271033636	8.05452958053
7030.0	114.0	4.24487079604	7.54164967095
7040.0	95.0	4.06765917373	8.06025741572
7040.0	114.0	4.21182777383	7.54164967095
7050.0	95.0	4.0626080111	8.06598525092
7050.0	114.0	4.17899521672	7.54164967095
7060.0	95.0	4.05755684847	8.07171308611
7060.0	114.0	4.14616265962	7.54164967095
7060.0	127.0	14.29331699	12.1124621551
7070.0	95.0	4.05250568584	8.0774409213
7070.0	114.0	4.11333010252	7.54164967095
7070.0	127.0	14.2476460612	11.6664069894
7080.0	95.0	4.04745452321	8.08316875649
7080.0	114.0	4.08028708031	7.54164967095
7080.0	127.0	14.1986076907	11.2189198649
7090.0	95.0	4.04240336058	8.08889659169
7090.0	114.0	4.04745452321	7.54164967095
7090.0	127.0	14.1196832746	10.7616476887
7100.0	95.0	4.03714173284	8.09486308668
7100.0	114.0	4.01462196611	7.54164967095
7100.0	127.0	14.0407588584	10.3041368526
7110.0	95.0	4.03209057021	8.10059092187
7110.0	114.0	3.98178940901	7.54164967095
7110.0	127.0	13.8744914218	9.86070694476
7120.0	95.0	4.02703940757	8.10631875707
7120.0	114.0	3.94874638679	7.54164967095
7120.0	127.0	13.6711821259	9.42300487209
7130.0	95.0	4.02198824494	8.11204659226
7130.0	114.0	3.87255801711	7.5750620429
7130.0	127.0	13.4676623649	8.98554145921
7140.0	95.0	4.01693708231	8.11777442745
7140.0	114.0	3.7673254623	7.63066977624
7140.0	127.0	13.1342856313	8.59103681029
7150.0	95.0	4.01188591968	8.12350226265
7150.0	114.0	3.66209290748	7.68651616937
7150.0	127.0	12.7453461087	8.21490896594
7160.0	95.0	4.00683475705	8.12923009784
7160.0	114.0	3.58548360758	7.76073936708
7160.0	127.0	12.356196121	7.83878112159
7170.0	95.0	4.00178359442	8.13495793303
7170.0	114.0	3.52823709776	7.84761153418
7170.0	127.0	11.9058007864	7.54713884634
7180.0	95.0	3.99652196668	8.14092442803
7180.0	114.0	3.47078012283	7.93424504147
7180.0	127.0	11.3634321989	7.38198626494
7190.0	95.0	3.99147080405	8.14665226322
7190.0	114.0	3.43899989128	8.01729865177
7190.0	127.0	10.8210636114	7.21659502374
7200.0	95.0	3.98641964142	8.15238009841
7200.0	114.0	3.46699175086	8.09152184948
7200.0	127.0	10.242495025	7.20346873475
7210.0	95.0	3.98136847879	8.1581079336
7210.0	114.0	3.49519407555	8.165983707
7210.0	127.0	9.65445550874	7.22805069412
7220.0	95.0	3.97631731616	8.1638357688
7220.0	114.0	3.52318593513	8.24020690471
7220.0	127.0	9.06662645756	7.25287131329
7230.0	95.0	3.97126615352	8.16956360399
7230.0	114.0	3.55117779471	8.31443010242
7230.0	127.0	8.48174391791	7.23926770471
7240.0	95.0	3.96621499089	8.17529143918
7240.0	114.0	3.53013128375	8.32015793761
7240.0	127.0	7.89707184337	7.22160687953
7250.0	95.0	3.96116382826	8.18101927438
7250.0	114.0	3.49666733132	8.30870226722
7250.0	127.0	7.32355441964	7.21301512674
7250.0	131.0	0.0677697652994	4.61233928926
7260.0	95.0	3.95590220052	8.18698576937
7260.0	114.0	3.463413844	8.29748525664
7260.0	127.0	6.79444513404	7.24022234391
7260.0	131.0	0.534370913339	4.67462949699
7270.0	95.0	3.95085103789	8.19271360456
7270.0	114.0	3.42994989157	8.28602958625
7270.0	127.0	6.26533584844	7.26742956107
7270.0	131.0	1.00118252649	4.73691970471
7280.0	95.0	3.94579987526	8.19844143976
7280.0	114.0	3.39648593914	8.27457391587
7280.0	127.0	5.73601609773	7.29487543804
7280.0	131.0	1.480201116	4.90851610071
7290.0	95.0	3.94074871263	8.20416927495
7290.0	114.0	3.36302198671	8.26335690528
7290.0	127.0	5.21364169564	7.27172543747
7290.0	131.0	1.96258714726	5.10731971387
7300.0	95.0	3.93569755	8.20989711014
7300.0	114.0	3.26115687365	8.22922855392
7300.0	127.0	4.69400333998	7.22685739512
7300.0	131.0	2.50095689768	5.25839136709
7310.0	95.0	3.84267197154	8.22827391472
7310.0	114.0	3.09089059996	8.17242752159
7310.0	127.0	4.17436498431	7.18222801258
7310.0	131.0	3.12372315706	5.33810374019
7320.0	95.0	3.74943592798	8.2466507193
7320.0	114.0	2.85327549119	8.158823913
7320.0	127.0	3.70123941787	7.1664764658
7320.0	131.0	3.74627895133	5.4175774535
7330.0	95.0	3.65641034952	8.26502752388
7330.0	114.0	2.51505806003	8.20989711014
7330.0	127.0	3.27441617555	7.17960275478
7330.0	131.0	4.33263474675	5.42616920628
7340.0	95.0	3.56338477107	8.28340432845
7340.0	114.0	2.17684062886	8.26097030728
7340.0	127.0	2.84780339834	7.19296770356
7340.0	131.0	4.91878007706	5.43452229927
7350.0	95.0	3.47014872751	8.30178113303
7350.0	114.0	1.86640459216	8.32302185521
7350.0	127.0	2.42098015602	7.20609399255
7350.0	131.0	5.49461261699	5.42068003089
7360.0	95.0	3.43394872865	8.30130381343
7360.0	114.0	1.57448948511	8.39247185692
7360.0	127.0	2.13874644401	7.35286976937
7360.0	131.0	6.02772073968	5.31734033762
7370.0	95.0	3.41184989214	8.29629195764
7370.0	114.0	1.28257437806	8.46168319884
7370.0	127.0	1.87250808034	7.51420379398
7370.0	131.0	6.56082886236	5.21400064434
7370.0	134.0	0.154270925356	4.42570732589
7380.0	95.0	3.38954059052	8.29128010184
7380.0	114.0	1.0277011303	8.54974866493
7380.0	127.0	1.60626971666	7.67577647838
7380.0	131.0	7.09541024081	5.10636507467
7380.0	134.0	0.598562771775	4.54074134935
7390.0	95.0	3.36744175401	8.28626824605
7390.0	114.0	0.809869741839	8.65666825521
7390.0	127.0	1.36507670103	7.83711050299
7390.0	131.0	7.63525324699	4.98178465922
7390.0	134.0	1.0430650833	4.65553671301
7400.0	95.0	3.3453429175	8.28125639026
7400.0	114.0	0.592248818486	8.76382650528
7400.0	127.0	1.14892903345	7.9984445276
7400.0	131.0	8.17509625318	4.85720424377
7400.0	134.0	1.50377320827	4.74121558111
7410.0	95.0	3.32303361588	8.27624453446
7410.0	114.0	0.463023241176	8.9132275399
7410.0	127.0	0.93278136586	8.1595398924
7410.0	131.0	8.78397181533	4.75267125149
7410.0	134.0	1.97542551895	4.80684702603
7420.0	95.0	3.30093477937	8.27123267867
7420.0	114.0	0.392938359671	9.09102909068
7420.0	127.0	0.716633698275	8.32087391701
7420.0	131.0	9.40021365631	4.65052485722
7420.0	134.0	2.44728829473	4.87271713075
7430.0	95.0	3.27883594286	8.26622082288
7430.0	114.0	0.322643013056	9.26883064147
7430.0	127.0	0.57877905147	8.47648010642
7430.0	131.0	10.0181392182	4.55768619513
7430.0	134.0	2.90694409415	4.87916094534
7440.0	95.0	3.25673710635	8.26120896708
7440.0	114.0	0.252558131551	9.44663219226
7440.0	127.0	0.460287194751	8.63065433704
7440.0	131.0	10.6495345471	4.54933310214
7440.0	134.0	3.36154873094	4.86006816136
7450.0	95.0	3.25694757146	8.27696051386
7450.0	114.0	0.182473250045	9.62443374304
7450.0	127.0	0.342005803141	8.78458990785
7450.0	131.0	11.2809298759	4.54121866895
7450.0	134.0	3.82920220453	4.84169135679
7460.0	95.0	3.30956384886	8.34115999999
7460.0	114.0	0.11217790343	9.80247395363
7460.0	127.0	0.223513946422	8.93876413847
7460.0	131.0	11.9095891584	4.51759134878
7460.0	134.0	4.34863009508	4.8268944492
7470.0	95.0	3.36218012627	8.40535948611
7470.0	127.0	0.105232554813	9.09293836908
7470.0	131.0	12.5275147202	4.43286711988
7470.0	134.0	4.86826845075	4.81185888182
7480.0	95.0	3.41479640367	8.46955897223
7480.0	131.0	13.145229817	4.34814289098
7480.0	134.0	5.38790680641	4.79706197424
7490.0	95.0	3.46741268108	8.53399711815
7490.0	131.0	13.7618925882	4.27296505407
7490.0	134.0	5.89786376704	4.78799290185
7500.0	95.0	3.52002895849	8.59819660428
7500.0	131.0	14.3669797784	4.28298876566
7500.0	134.0	6.40782072766	4.77868516966
7510.0	131.0	14.9720669685	4.29277381745
7510.0	134.0	6.90746489791	4.75887640629
7520.0	134.0	7.39153465005	4.72307743633
7530.0	134.0	7.87560440219	4.68727846637
