0.0	6.0	8.12395323155	3.46056709585
0.0	8.0	4.33558125829	7.35072183117
10.0	6.0	8.61075903011	3.4156990535
10.0	8.0	4.5544649723	7.27435069527
20.0	6.0	9.09735436356	3.37106967095
20.0	8.0	4.77334868631	7.19797955936
20.0	9.0	15.2423041693	3.6682011216
30.0	6.0	9.58416016213	3.32620162861
30.0	8.0	4.95540100613	7.17124966179
30.0	9.0	14.665840234	3.53311967496
40.0	6.0	9.99014735859	3.32524698941
40.0	8.0	5.10083239688	7.19392234276
40.0	9.0	14.0891658337	3.39827688812
50.0	6.0	10.3759299045	3.335270701
50.0	8.0	5.24605332253	7.21659502374
50.0	9.0	13.5446925951	3.30973410243
60.0	6.0	10.7290903585	3.39947018712
60.0	8.0	5.39148471328	7.23926770471
60.0	9.0	13.0479949363	3.29064131845
70.0	6.0	11.0330019768	3.54552998454
70.0	8.0	5.54217773177	7.25931512788
70.0	9.0	12.5512972776	3.27154853447
80.0	6.0	11.3792170821	3.79469081544
80.0	8.0	5.70591958706	7.27244141687
80.0	9.0	12.0992182222	3.31426863862
90.0	6.0	11.7532135819	4.11282432846
90.0	8.0	5.86966144235	7.28580636565
90.0	9.0	11.6519798642	3.36414853676
100.0	6.0	12.1274205468	4.43119650128
100.0	8.0	6.03340329764	7.29893265464
100.0	9.0	11.2217891801	3.3314521442
110.0	6.0	12.4490112343	4.77916248926
110.0	8.0	6.13505794558	7.3328223462
110.0	9.0	10.8086461699	3.21665678054
120.0	6.0	12.7647088988	5.13046971444
120.0	8.0	6.21019398972	7.37554245034
120.0	9.0	10.3955031597	3.10162275708
130.0	6.0	13.0804065632	5.48177693962
130.0	8.0	6.28533003386	7.41802389469
130.0	9.0	9.87502294363	3.01761450758
140.0	6.0	13.3329646948	5.87508828955
140.0	8.0	6.27943701079	7.46838111243
140.0	9.0	9.3278136586	2.94124337167
150.0	6.0	13.4381972496	6.36553417796
150.0	8.0	6.26428352289	7.51945430957
150.0	9.0	8.81070088425	2.90114852532
160.0	6.0	13.5415356184	6.8318754266
160.0	8.0	6.22703119849	7.56360637252
160.0	9.0	8.3634625263	2.94601656766
170.0	6.0	13.6427693361	7.27387337567
170.0	8.0	5.98962655483	7.54522956794
170.0	9.0	7.91622416834	2.99064595021
180.0	6.0	13.744213519	7.71587132474
180.0	8.0	5.75222191118	7.52685276336
180.0	9.0	7.46603929886	3.02835419856
190.0	6.0	13.7553681698	8.13949246923
190.0	8.0	5.51481726752	7.50871461858
190.0	9.0	6.99101954643	3.0009083216
200.0	6.0	13.7440030539	8.55881773732
200.0	8.0	5.28625215846	7.50060018539
200.0	9.0	6.51599979401	2.97370110443
200.0	11.0	0.473546496657	7.30298987123
210.0	6.0	13.732637938	8.97814300542
210.0	8.0	5.09325565294	7.53377389755
210.0	9.0	6.04098004158	2.94649388726
210.0	11.0	0.999709270721	7.06433007152
220.0	6.0	13.7208518918	9.39460435592
220.0	8.0	4.90025914741	7.56694760971
220.0	9.0	5.57101145179	2.95866553705
220.0	11.0	1.56249297386	6.88294862374
230.0	6.0	13.7065402644	9.78505178825
230.0	8.0	4.70747310699	7.59988266208
230.0	9.0	5.10462076886	2.9973284246
230.0	11.0	2.21072551151	6.83521666379
240.0	6.0	13.6922286369	10.1754992206
240.0	8.0	4.50942543884	7.59773472388
240.0	9.0	4.63823008593	3.03622997195
240.0	11.0	2.85895804915	6.78748470385
250.0	6.0	13.6779170095	10.5661853127
250.0	8.0	4.30822079403	7.57172080571
250.0	9.0	4.171839403	3.07489285951
250.0	11.0	3.53897081835	6.63116253504
260.0	6.0	13.6633949169	10.956632745
260.0	8.0	4.10680568412	7.54570688754
260.0	9.0	3.71976034752	3.09875883948
260.0	11.0	4.22719172683	6.44739448926
270.0	8.0	3.90560103932	7.51993162917
270.0	9.0	3.26957547803	3.12095420085
270.0	11.0	4.91520217019	6.25479603089
280.0	8.0	3.70418592941	7.493917711
280.0	9.0	2.81918014343	3.14314956223
280.0	11.0	5.60321261356	6.02520530357
290.0	8.0	3.52529058623	7.48795121601
290.0	9.0	2.36899527394	3.1653449236
290.0	11.0	6.29122305693	5.79585323604
300.0	8.0	3.34639524305	7.48198472102
300.0	9.0	2.03098830789	3.18754028497
300.0	11.0	6.97902303518	5.55600013733
310.0	8.0	3.16749989986	7.47601822602
310.0	9.0	1.76790692085	3.20997430615
310.0	11.0	7.66661254833	5.30946456423
320.0	8.0	2.98860455668	7.47005173103
320.0	9.0	1.50482553382	3.23240832732
320.0	11.0	8.35399159637	5.06269033132
330.0	8.0	2.95282548805	7.41921719369
330.0	9.0	1.34087321342	3.2483985339
330.0	11.0	9.06915203887	4.92951816308
330.0	12.0	15.0366797572	3.79898669184
330.0	13.0	14.8948262733	3.2448186369
340.0	8.0	2.91704641941	7.36838265635
340.0	9.0	1.32571972553	3.25484234849
340.0	11.0	9.80262294592	4.87152383175
340.0	12.0	14.5010460532	3.84242277539
340.0	13.0	14.3236239658	3.25341038969
350.0	8.0	2.88105688566	7.31778677881
350.0	9.0	1.31056623764	3.26128616308
350.0	11.0	10.536093853	4.81376816022
350.0	12.0	13.9654123492	3.88585885893
350.0	13.0	13.7524216583	3.26200214248
360.0	8.0	2.84527781703	7.26695224147
360.0	9.0	1.29541274975	3.26772997768
360.0	11.0	11.2626194114	4.7462274369
360.0	12.0	13.4295681801	3.92929494248
360.0	13.0	13.1833240018	3.27130987467
370.0	8.0	2.79308246984	7.22733471472
370.0	9.0	1.28025926185	3.27417379227
370.0	11.0	11.9729391564	4.65673001201
370.0	12.0	12.8695205234	3.97082174763
370.0	13.0	12.634641461	3.28849338025
380.0	8.0	2.70300340292	7.21373110614
380.0	9.0	1.26510577396	3.28061760686
380.0	11.0	12.6832589014	4.56723258712
380.0	12.0	12.3035798436	4.01187123318
380.0	13.0	12.0859589202	3.30543822603
390.0	8.0	2.61271387089	7.20012749756
390.0	9.0	1.24995228607	3.28706142145
390.0	11.0	13.3921053906	4.48036042002
390.0	12.0	11.7374286987	4.05315937853
390.0	13.0	11.5398019608	3.36032997997
400.0	8.0	2.52263480397	7.18628522917
400.0	9.0	1.23479879817	3.29350523605
400.0	11.0	14.0881135081	4.4161609339
400.0	12.0	11.2072670876	4.15745371101
400.0	13.0	10.9995380244	3.50352585979
410.0	8.0	2.40582666813	7.13759863003
410.0	9.0	1.21964531028	3.29994905064
410.0	11.0	14.7843320908	4.35196144777
410.0	12.0	10.6811043135	4.26890783747
410.0	13.0	10.4594845531	3.64672173962
420.0	8.0	2.28249411389	7.0800816183
420.0	9.0	1.20449182239	3.30639286523
420.0	11.0	15.4805506734	4.28752330185
420.0	12.0	10.1549415394	4.38012330414
420.0	13.0	9.92090433753	3.77798462946
430.0	8.0	2.15916155965	7.02232594677
430.0	9.0	1.18912786938	3.31283667982
430.0	12.0	9.66034853181	4.46890474963
430.0	13.0	9.38611249397	3.88108566294
440.0	8.0	2.08360458529	7.02304192617
440.0	9.0	1.17397438149	3.31928049441
440.0	12.0	9.16933343106	4.55506093733
440.0	13.0	8.85153111552	3.98442535622
450.0	8.0	2.01351970379	7.03044037996
450.0	9.0	1.1588208936	3.32572430901
450.0	12.0	8.67810786519	4.64121712503
450.0	13.0	8.31673927196	4.08752638969
460.0	8.0	1.94322435717	7.03760017395
460.0	9.0	1.14366740571	3.3321681236
460.0	12.0	8.18604043888	4.72832795192
460.0	13.0	7.82761835719	4.18394494878
460.0	14.0	14.6904646519	3.2479212143
470.0	8.0	1.85040924383	7.02566718396
470.0	9.0	1.12851391781	3.33861193819
470.0	12.0	7.69144743126	4.81782537682
470.0	13.0	7.36901488332	4.27559031187
470.0	14.0	14.059069323	3.31307533962
480.0	8.0	1.74244064259	7.00132388439
480.0	9.0	1.11336042992	3.34505575278
480.0	12.0	7.19685442364	4.90732280171
480.0	13.0	6.91020094433	4.36747433476
480.0	14.0	13.4276739941	3.37822946494
490.0	8.0	1.63468250646	6.97674192502
490.0	9.0	1.09820694203	3.35149956738
490.0	12.0	6.70226141602	4.9968202266
490.0	13.0	6.45159747046	4.45935835765
490.0	14.0	12.7988042465	3.44505420886
500.0	8.0	1.52671390522	6.95239862545
500.0	9.0	1.08305345413	3.35794338197
500.0	12.0	6.22976724492	5.09538672388
500.0	13.0	5.99678236856	4.54861712274
500.0	14.0	12.1920333355	3.52930111816
510.0	8.0	1.48419995308	7.03712285435
510.0	9.0	1.06789996624	3.36438719656
510.0	12.0	5.80883702566	5.21471662374
510.0	13.0	5.54386145265	4.63668258883
510.0	14.0	11.5854728896	3.61354802746
520.0	8.0	1.46967786052	7.16886306379
520.0	9.0	1.05274647835	3.37083101115
520.0	12.0	5.38790680641	5.3340465236
520.0	13.0	5.09094053673	4.72498671473
520.0	14.0	10.9789124436	3.69779493676
530.0	8.0	1.45515576795	7.30060327323
530.0	9.0	1.03759299045	3.37727482575
530.0	12.0	4.96697658716	5.45337642345
530.0	13.0	4.63801962082	4.81305218082
530.0	14.0	10.3877159507	3.84385473418
540.0	8.0	1.45263018664	7.33353832559
540.0	9.0	1.02243950256	3.38371864034
540.0	12.0	4.53952194951	5.56315993132
540.0	13.0	4.17878475161	4.89634445092
540.0	14.0	9.80304387614	4.01616710958
550.0	8.0	1.45305111685	7.34189141858
550.0	9.0	0.996131363858	3.39421967152
550.0	12.0	4.05397894161	5.58774189069
550.0	13.0	3.66377662836	4.93405269928
550.0	14.0	9.2183718016	4.18847948497
560.0	8.0	1.45368251218	7.35000585178
560.0	9.0	0.926046482352	3.42071090929
560.0	12.0	3.56822546859	5.61208519026
560.0	13.0	3.14876850511	4.97176094763
560.0	14.0	8.63664623859	4.34981350958
570.0	8.0	1.4541034424	7.35835894477
570.0	9.0	0.855961600847	3.44720214706
570.0	12.0	3.08247199558	5.63666714963
570.0	13.0	2.63354991674	5.00923053619
570.0	14.0	8.08080788407	4.4109104183
580.0	8.0	1.45473483773	7.36671203776
580.0	9.0	0.785666254232	3.47393204463
580.0	12.0	2.61103015001	5.67175014019
580.0	13.0	2.13201156051	5.0810671359
580.0	14.0	7.52496952955	4.47200732703
590.0	8.0	1.45515576795	7.37482647095
590.0	9.0	0.694534861764	3.48729699341
590.0	12.0	2.19704527938	5.7485985957
590.0	13.0	1.66204297071	5.23213878912
590.0	14.0	6.96913117503	4.53334289556
600.0	8.0	1.45578716328	7.38317956394
600.0	9.0	0.589302306951	3.49207018941
600.0	12.0	1.78284994364	5.82568571101
600.0	13.0	1.19186391581	5.38344910214
600.0	14.0	6.41245096007	4.60231557767
610.0	8.0	1.4562080935	7.39153265693
610.0	9.0	0.484069752139	3.4968433854
610.0	12.0	1.37854646805	5.89083983633
610.0	13.0	0.729261604852	5.53977127095
610.0	14.0	5.8532451638	4.70279135335
620.0	8.0	1.45683948883	7.39988574992
620.0	9.0	0.378837197326	3.5016165814
620.0	12.0	1.06284880361	5.85122230957
620.0	13.0	0.283496502666	5.70826508955
620.0	14.0	5.29382890241	4.80326712903
630.0	8.0	1.45726041905	7.40800018311
630.0	9.0	0.273604642513	3.50638977739
630.0	12.0	0.747151139171	5.81136612302
630.0	14.0	4.73441264103	4.90374290471
640.0	8.0	1.45789181438	7.4163532761
640.0	12.0	0.347898826211	5.92186561029
640.0	14.0	4.20530335543	4.97963672102
650.0	8.0	1.4583127446	7.42470636909
650.0	12.0	-0.0869220902753	6.09704190328
650.0	14.0	3.72186499862	5.01829960857
660.0	8.0	1.45894413992	7.43305946208
660.0	14.0	3.2382161767	5.05696249613
670.0	8.0	1.45936507014	7.44117389527
670.0	14.0	2.75477781989	5.09562538368
680.0	8.0	1.45999646547	7.44952698826
680.0	14.0	2.28838713696	5.09968260028
690.0	8.0	1.46041739569	7.45788008125
690.0	14.0	1.82915226776	5.08894290929
700.0	8.0	1.46104879102	7.46623317424
700.0	14.0	1.38212437491	5.12330992045
710.0	8.0	1.46146972124	7.47434760743
710.0	14.0	0.947092993315	5.20278363375
720.0	8.0	1.46210111657	7.48270070042
720.0	14.0	0.59014416739	5.48297023862
730.0	8.0	1.46252204679	7.49105379341
730.0	14.0	0.233405806575	5.76315684348
740.0	8.0	1.46315344212	7.4994068864
750.0	8.0	1.46357437234	7.50752131959
760.0	8.0	1.46420576766	7.51587441258
770.0	8.0	1.46462669788	7.52422750557
780.0	8.0	1.46525809321	7.53258059856
790.0	8.0	1.46567902343	7.54069503175
800.0	8.0	1.46631041876	7.54904812474
810.0	8.0	1.46673134898	7.55740121773
820.0	8.0	1.4671522792	7.56551565092
830.0	8.0	1.46778367453	7.57386874391
840.0	8.0	1.46820460475	7.5822218369
850.0	8.0	1.46883600008	7.59057492989
850.0	22.0	0.358632546802	8.73709660771
860.0	8.0	1.4692569303	7.59868936308
860.0	22.0	0.468495334026	8.50869917938
870.0	8.0	1.46988832562	7.60704245607
870.0	22.0	0.578358121251	8.28054041086
880.0	8.0	1.47030925584	7.61539554906
880.0	22.0	0.688220908475	8.05214298253
890.0	8.0	1.47094065117	7.62374864205
890.0	22.0	0.79787323059	7.82398421401
900.0	8.0	1.47136158139	7.63186307524
900.0	22.0	1.00097206138	7.53114863976
910.0	8.0	1.47199297672	7.64021616823
910.0	22.0	1.2659476344	7.19511564176
920.0	8.0	1.47241390694	7.64856926122
920.0	22.0	1.53092320742	6.85932130356
930.0	8.0	1.47304530227	7.65692235421
930.0	22.0	1.8956592424	6.75669758969
940.0	8.0	1.45999646547	7.63114709584
940.0	22.0	2.27154992819	6.67984913418
950.0	8.0	1.43368832677	7.57148214591
950.0	22.0	2.64744061398	6.61159243146
960.0	8.0	1.40738018807	7.51181719598
960.0	22.0	3.02522548576	6.61851356565
970.0	8.0	1.37644181695	7.45573214305
970.0	22.0	3.40279989243	6.62567335964
980.0	8.0	1.33434879503	7.40800018311
980.0	22.0	3.78037429909	6.63259449384
990.0	8.0	1.2922557731	7.36026822316
990.0	22.0	4.23582079632	6.62400274105
1000.0	8.0	1.25121507672	7.30800172703
1000.0	22.0	4.72452078087	6.60848985407
1010.0	8.0	1.21248949655	7.2452341997
1010.0	22.0	5.21343123053	6.59321562688
1020.0	8.0	1.17355345127	7.18246667238
1020.0	22.0	5.68003237857	6.54500634734
1030.0	8.0	1.1348278711	7.11969914505
1030.0	22.0	6.13190096894	6.47460170643
1040.0	8.0	1.1259883365	7.0796042987
1040.0	22.0	6.58376955931	6.40443572531
1050.0	8.0	1.14724531257	7.06265945292
1050.0	22.0	7.0383741961	6.32376871301
1060.0	8.0	1.16829182353	7.04571460714
1060.0	22.0	7.5041334837	6.20085891615
1070.0	8.0	1.1895487996	7.02876976136
1070.0	22.0	7.96968230619	6.0779491193
1080.0	8.0	1.21080577568	7.01182491558
1080.0	22.0	8.43523112868	5.95503932245
1090.0	8.0	1.23185228664	6.9948800698
1090.0	22.0	8.9188799506	5.86816715535
1100.0	8.0	1.25310926271	6.97793522402
1100.0	22.0	9.40463342362	5.78559086465
1110.0	8.0	1.27415577367	6.96099037824
1110.0	22.0	9.89606945459	5.69680941916
1120.0	8.0	1.29541274975	6.94404553246
1120.0	22.0	10.4011857177	5.59346972588
1130.0	8.0	1.31666972582	6.92710068668
1130.0	22.0	10.9063019808	5.48989137281
1140.0	8.0	1.33771623678	6.9101558409
1140.0	22.0	11.4046833604	5.38798363833
1150.0	8.0	1.35897321285	6.89321099512
1150.0	22.0	11.8874903219	5.28989446065
1160.0	8.0	1.38001972381	6.87626614934
1160.0	22.0	12.3928170501	5.17486043719
1160.0	26.0	0.411248824208	3.28992533905
1170.0	8.0	1.40127669989	6.85932130356
1170.0	22.0	12.9130868011	5.04884806294
1170.0	26.0	1.0102325262	3.43670111587
1180.0	8.0	1.42253367596	6.84237645778
1180.0	22.0	13.433146087	4.92259702889
1180.0	26.0	1.6092162282	3.5834768927
1190.0	8.0	1.44358018692	6.825431612
1190.0	22.0	13.953415838	4.79658465464
1190.0	26.0	2.17073714068	3.78705370185
1200.0	8.0	1.46483716299	6.80848676623
1200.0	22.0	14.4736855889	4.67057228039
1200.0	26.0	2.71605223972	4.01497381058
1210.0	8.0	1.59953483315	6.83903522059
1210.0	22.0	14.9939553399	4.54455990614
1210.0	26.0	3.29377896564	4.20637896995
1220.0	8.0	1.80999994278	6.90084810871
1220.0	26.0	3.90412778355	4.36150783976
1230.0	8.0	2.02046505241	6.96266099684
1230.0	26.0	4.48038125371	4.54002536995
1240.0	8.0	2.26881388176	6.98103780142
1240.0	26.0	5.02274984121	4.74193156051
1250.0	8.0	2.52137201331	6.9948800698
1250.0	26.0	5.56511842872	4.94383775106
1260.0	8.0	2.77393014486	7.00848367839
1260.0	26.0	6.10643469068	5.02545940257
1270.0	8.0	3.01933246269	7.02757646236
1270.0	26.0	6.64775095263	5.09371610528
1280.0	8.0	3.25379059481	7.05478367953
1280.0	26.0	7.18001721487	5.10731971387
1290.0	8.0	3.48824872693	7.0819908967
1290.0	26.0	7.70996836091	5.10731971387
1300.0	8.0	3.72291732417	7.10943677366
1300.0	26.0	8.23823578607	5.09371610528
1300.0	27.0	15.2267297512	6.94738676966
1310.0	8.0	3.88034522617	7.12113110385
1310.0	26.0	8.7505078629	4.95863465865
1310.0	27.0	14.6755216291	6.82232903461
1320.0	8.0	4.02956498889	7.13091615564
1320.0	26.0	9.26256947462	4.82331455221
1320.0	27.0	14.124313507	6.69727129956
1330.0	8.0	4.17857428651	7.14093986723
1330.0	26.0	9.77757759787	4.67940269298
1330.0	27.0	13.5602670132	6.56218985292
1340.0	8.0	4.32758358412	7.15096357881
1340.0	26.0	10.3176310692	4.45649444005
1340.0	27.0	12.9838030779	6.4168460349
1350.0	8.0	4.47091032378	7.163851208
1350.0	26.0	10.8578950056	4.23382484692
1350.0	27.0	12.3919751896	6.27293417567
1360.0	8.0	4.56035799537	7.20442337395
1360.0	26.0	11.4046833604	4.01616710958
1360.0	27.0	11.7384810243	6.13475015163
1370.0	8.0	4.65001613207	7.2449955399
1370.0	26.0	12.0108228761	3.84433205378
1370.0	27.0	11.0915112773	6.02186406637
1380.0	8.0	4.73946380366	7.28580636565
1380.0	26.0	12.6169623918	3.67249699799
1380.0	27.0	10.4601159484	5.96768829183
1390.0	8.0	4.82912194036	7.3263785316
1390.0	26.0	13.2420437674	3.56462276852
1390.0	27.0	9.83208806127	5.92425220829
1400.0	8.0	4.86048124169	7.34236873818
1400.0	26.0	13.8797530496	3.499707303
1400.0	27.0	9.23457761504	5.97795066322
1410.0	8.0	4.80470798764	7.32112801601
1410.0	26.0	14.5176727969	3.43455317768
1410.0	27.0	8.63727763392	6.03188777796
1420.0	8.0	4.7491451987	7.30012595363
1420.0	26.0	15.155382079	3.36939905235
1420.0	27.0	8.0397671877	6.08582489269
1430.0	8.0	4.69337194465	7.27912389126
1430.0	27.0	7.37553930172	6.12305582145
1440.0	8.0	4.53552311243	7.2466661585
1440.0	27.0	6.71110095063	6.1602867502
1450.0	8.0	4.37767428021	7.21396976594
1450.0	27.0	6.04687306465	6.19775633876
1460.0	8.0	4.21982544799	7.18151203318
1460.0	27.0	5.42999982834	6.25288675249
1470.0	8.0	4.06197661577	7.14905430042
1470.0	27.0	4.82491263817	6.31255170242
1480.0	8.0	3.90496964399	7.12113110385
1480.0	27.0	4.21982544799	6.37221665235
1490.0	8.0	3.74838360243	7.09678780428
1490.0	27.0	3.63052314104	6.48104552102
1500.0	8.0	3.59200802598	7.07220584491
1500.0	27.0	3.05174408957	6.62280944205
1510.0	8.0	3.43542198442	7.04786254534
1510.0	27.0	2.4729650381	6.76457336308
1520.0	8.0	3.27631036154	7.04762388554
1520.0	27.0	1.94406621761	6.96504759484
1530.0	8.0	3.11635687823	7.05812491673
1530.0	27.0	1.48988251104	7.25406461229
1540.0	8.0	2.9561929298	7.06838728811
1540.0	27.0	1.12493601095	7.56312905292
1550.0	8.0	2.79602898138	7.0788883193
1550.0	27.0	0.849016252229	7.89224091672
1560.0	8.0	2.64175805602	7.08915069069
1560.0	27.0	0.57330695862	8.22135278053
1570.0	8.0	2.54115573362	7.09965172188
1570.0	27.0	0.372733709147	8.53709969555
1580.0	8.0	2.44055341122	7.10991409326
1580.0	27.0	0.222461620874	8.84401619798
1590.0	8.0	2.34647550722	7.11206203146
1590.0	27.0	0.0721895326016	9.15093270041
1600.0	8.0	2.25408132409	7.11206203146
1610.0	8.0	2.16168714096	7.11206203146
1620.0	8.0	2.06929295784	7.11206203146
1630.0	8.0	1.97605691427	7.0824682163
1640.0	8.0	1.88239994049	7.03998677195
1650.0	8.0	1.78895343182	6.9975053276
1660.0	8.0	1.69550692314	6.95502388325
1670.0	8.0	1.62500111142	6.91994089269
1680.0	8.0	1.64709994793	6.9134970781
1690.0	8.0	1.66940924955	6.90729192331
1700.0	8.0	1.69150808606	6.90108676851
1710.0	8.0	1.71360692257	6.89464295392
1720.0	8.0	1.73570575908	6.88843779913
1730.0	8.0	1.7580150607	6.88223264434
1740.0	8.0	1.78011389721	6.87602748954
1750.0	8.0	1.84830459273	6.87053831415
1760.0	8.0	1.94743365937	6.86600377796
1770.0	8.0	2.046562726	6.86123058196
1780.0	8.0	2.14548132752	6.85645738597
1790.0	8.0	2.24461039416	6.85192284977
1800.0	8.0	2.26797202132	6.85812800457
1810.0	8.0	2.21598713925	6.87531151015
1820.0	8.0	2.16379179206	6.89249501572
1820.0	34.0	0.20814999342	7.03067903976
1830.0	8.0	2.11180690998	6.9099171811
1830.0	34.0	0.395253475877	6.93354450128
1840.0	8.0	2.05982202791	6.92710068668
1840.0	34.0	0.582356958334	6.83617130299
1850.0	8.0	2.00762668072	6.94428419226
1850.0	34.0	0.774090673203	6.71421614534
1860.0	8.0	1.95564179864	6.96146769784
1860.0	34.0	0.972769736689	6.55526871873
1870.0	8.0	1.90344645145	6.97865120342
1870.0	34.0	1.17165926529	6.39608263232
1880.0	8.0	1.85146156938	6.995834709
1880.0	34.0	1.37033832877	6.23689654591
1890.0	8.0	1.79926622219	7.01325687438
1890.0	34.0	1.53534297472	6.1660145854
1900.0	8.0	1.63026273916	6.96743419283
1900.0	34.0	1.69171855117	6.11708932646
1910.0	8.0	1.43179414078	6.90609862431
1910.0	34.0	1.84830459273	6.06816406751
1920.0	8.0	1.23332554241	6.84476305578
1920.0	34.0	2.00489063429	6.01923880857
1930.0	8.0	1.01254764241	6.81158934362
1930.0	34.0	2.21451388348	5.9982367462
1940.0	8.0	0.739574395224	6.84380841658
1940.0	34.0	2.43024062085	5.98033726122
1950.0	8.0	0.46639068293	6.87602748954
1950.0	34.0	2.64596735821	5.96243777624
1960.0	8.0	0.193417435746	6.90824656251
1960.0	34.0	2.86169409558	5.94453829126
1970.0	34.0	3.04037897365	6.00539654019
1980.0	34.0	3.21506501464	6.07532386151
1990.0	34.0	3.38954059052	6.14525118282
2000.0	34.0	3.5640161664	6.21493984434
2010.0	34.0	3.63052314104	6.26171716508
2020.0	34.0	3.66988011654	6.30276665063
2030.0	34.0	3.70944755715	6.34381613618
2040.0	34.0	3.74880453265	6.38486562173
2050.0	34.0	3.78837197326	6.42591510728
2060.0	34.0	3.82772894876	6.46696459284
2070.0	34.0	3.97652778126	6.49417181
2080.0	34.0	4.28927893417	6.50109294419
2090.0	34.0	4.60203008707	6.50801407839
2100.0	34.0	4.91457077487	6.51469655278
2110.0	34.0	5.28688355379	6.46720325264
2120.0	34.0	5.66572075112	6.4135047977
2130.0	34.0	6.04455794845	6.35980634276
2140.0	34.0	6.42339514577	6.30610788783
2150.0	34.0	6.76161257694	6.21159860714
2160.0	34.0	7.0951997757	6.11255479026
2170.0	34.0	7.42899743956	6.01374963318
2180.0	34.0	7.76258463832	5.9147058163
2190.0	34.0	8.09659276729	5.82425375221
2200.0	34.0	8.43060089627	5.73618828611
2210.0	34.0	8.76439856014	5.64788416022
2220.0	34.0	9.09840668911	5.55981869412
2230.0	34.0	9.42104970217	5.48225425922
2240.0	34.0	9.69844271665	5.44836456766
2250.0	34.0	9.97562526603	5.4142362163
2260.0	34.0	10.2530182805	5.38010786494
2270.0	34.0	10.5302008299	5.34597951358
2280.0	34.0	10.8075938444	5.31185116222
2290.0	34.0	11.0847763938	5.27772281086
2300.0	34.0	11.3390182462	5.21543260314
2310.0	34.0	11.5909449824	5.14980115822
2320.0	34.0	11.8426612535	5.0844083731
2330.0	34.0	12.0943775246	5.01877692817
2340.0	34.0	12.3460937957	4.95338414305
2350.0	34.0	12.6603182044	4.88608207953
2360.0	34.0	12.9903274963	4.81830269641
2370.0	34.0	13.3201263231	4.7505233133
2380.0	34.0	13.650135615	4.68298258998
2390.0	34.0	13.9799344418	4.61520320686
2400.0	34.0	14.3099437337	4.54742382374
2410.0	34.0	14.6397425604	4.47964444062
2420.0	34.0	14.9697518523	4.4118650575
2530.0	39.0	14.7205611625	5.03906301115
2540.0	39.0	14.2169181552	5.10731971387
2550.0	39.0	13.7132751479	5.17557641659
2560.0	39.0	13.1403891195	5.25337951129
2570.0	39.0	12.5214112321	5.33762642059
2580.0	39.0	11.9024333447	5.42187332989
2590.0	39.0	11.3030287124	5.4970511668
2600.0	39.0	10.781917101	5.53690735335
2610.0	39.0	10.2605950245	5.5767635399
2620.0	39.0	9.73948341303	5.61638106666
2630.0	39.0	9.2183718016	5.65623725321
2640.0	39.0	8.71914856157	5.65074807782
2650.0	39.0	8.21992532153	5.64502024262
2660.0	39.0	7.7207020815	5.63953106723
2670.0	39.0	7.22147884147	5.63404189184
2680.0	39.0	6.73362071736	5.65194137681
2690.0	39.0	6.25081375588	5.68010323318
2700.0	39.0	5.7680067944	5.70826508955
2710.0	39.0	5.26709983349	5.67890993418
2720.0	39.0	4.72431031576	5.51566663118
2730.0	39.0	4.18152079804	5.35218466837
2740.0	39.0	3.63873128032	5.18894136537
2750.0	39.0	3.10246618099	5.03667641315
2760.0	39.0	2.57230456984	4.89515115192
2770.0	39.0	2.04235342381	4.75386455049
2780.0	39.0	1.50251041762	4.65601403261
2790.0	39.0	0.960562760331	4.56914186551
2800.0	39.0	0.418404637936	4.48250835822
2810.0	39.0	-0.12375348446	4.39563619112
2870.0	40.0	15.0358378968	3.83574030099
2880.0	40.0	14.5279855872	3.90161040572
2890.0	40.0	14.0199228126	3.96748051044
2900.0	40.0	13.511860038	4.03335061516
2910.0	40.0	13.0526251688	4.09850474048
2920.0	40.0	12.5933902996	4.163420206
2930.0	40.0	12.1343658955	4.22857433132
2940.0	40.0	11.6340903299	4.27964752846
2950.0	40.0	11.1165566253	4.32499289041
2960.0	40.0	10.5988124556	4.37009959255
2970.0	40.0	10.0812787511	4.4152062947
2980.0	40.0	9.6294101607	4.499453204
2990.0	40.0	9.17754157033	4.5837001133
3000.0	40.0	8.72567297996	4.6679470226
3010.0	40.0	8.26706950609	4.7481367153
3020.0	40.0	7.80404626491	4.82570115021
3030.0	40.0	7.34102302374	4.90326558511
3040.0	40.0	6.87799978256	4.98083002002
3050.0	40.0	6.44023235454	5.02736868096
3060.0	40.0	6.01930213529	5.05314393933
3070.0	40.0	5.59837191604	5.0789191977
3080.0	40.0	5.17744169679	5.10469445607
3090.0	40.0	4.77334868631	5.17414445779
3100.0	40.0	4.37114986181	5.2483676555
3110.0	40.0	3.96895103732	5.32259085321
3120.0	40.0	3.56675221282	5.39681405092
3130.0	40.0	3.18012780644	5.4963351874
3140.0	40.0	2.81707549234	5.63356457224
3150.0	40.0	2.45402317823	5.77079395707
3160.0	40.0	2.09097086413	5.90802334191
3170.0	40.0	1.71444878301	6.07222128411
3180.0	40.0	1.31751158626	6.27675273246
3190.0	40.0	0.920574389502	6.48128418082
3200.0	40.0	0.523847657858	6.68581562917
3210.0	40.0	0.2864430142	6.92113419169
3220.0	40.0	0.0667174397513	7.1597939914
3580.0	55.0	15.0432041756	4.67343619799
3590.0	55.0	14.9503890622	4.50494237939
3600.0	55.0	14.8575739489	4.33668722059
3610.0	55.0	14.7647588356	4.168193402
3620.0	55.0	14.61006698	4.00304082059
3630.0	55.0	14.2082890857	3.85101452818
3640.0	55.0	13.8065111914	3.69922689556
3650.0	55.0	13.2677205108	3.73741246351
3660.0	55.0	12.7289298302	3.77559803147
3670.0	55.0	12.2151844976	3.80614648583
3680.0	55.0	11.7262740479	3.8292964864
3690.0	55.0	11.2375740633	3.85244648697
3700.0	55.0	10.7436124511	3.86628875536
3710.0	55.0	10.2422845599	3.86628875536
3720.0	55.0	9.74074620369	3.86628875536
3730.0	55.0	9.23941831256	3.86628875536
3740.0	55.0	8.77639507138	3.90614494191
3750.0	55.0	8.31337183021	3.94576246866
3760.0	55.0	7.85034858903	3.98561865521
3770.0	55.0	7.40563581239	3.9992222638
3780.0	55.0	6.96092303575	4.01258721258
3790.0	55.0	6.51599979401	4.02619082117
3800.0	55.0	6.07128701737	4.03955576995
3810.0	55.0	5.62657424073	4.05315937853
3820.0	55.0	5.17659983635	4.12523463805
3830.0	55.0	4.72452078087	4.22260783633
3840.0	55.0	4.2724417254	4.31974237481
3850.0	55.0	3.8024731356	4.26413464148
3860.0	55.0	3.3322940807	4.20828824835
3870.0	55.0	2.86232549091	4.15268051501
3880.0	55.0	2.37131039015	4.03693051215
3890.0	55.0	1.88008482428	3.92118050929
3900.0	55.0	1.38906972353	3.80543050643
3910.0	55.0	0.869852298082	3.71521710214
3920.0	55.0	0.338848826497	3.63550472903
4460.0	70.0	5.12671960537	4.55148104034
4470.0	70.0	5.57227424245	4.53740011215
4480.0	70.0	6.01803934463	4.52331918397
4490.0	70.0	6.46022653996	4.51138619398
4500.0	70.0	6.86979164329	4.51783000858
4510.0	70.0	7.27914628151	4.52427382317
4520.0	70.0	7.68871138484	4.53071763776
4530.0	70.0	8.08459625605	4.54646918454
4540.0	70.0	8.45943461629	4.57630165951
4550.0	70.0	8.83427297653	4.60613413447
4560.0	70.0	9.19037994202	4.64455836222
4570.0	70.0	9.47092993315	4.71758826094
4580.0	70.0	9.75147992428	4.79037949985
4590.0	70.0	10.0322403805	4.86340939856
4600.0	70.0	10.2940589769	4.94025785407
4610.0	70.0	10.5434601318	5.01973156737
4620.0	70.0	10.7928612867	5.09944394048
4630.0	70.0	11.0471031391	5.18655476737
4640.0	70.0	11.3019763869	5.27438157367
4650.0	70.0	11.5749496341	5.42282796909
4660.0	70.0	11.8481333464	5.57103570471
4670.0	70.0	12.1211065936	5.71948210013
4680.0	70.0	12.3671403067	5.87413365035
4690.0	70.0	12.5498240219	6.04382076794
4700.0	70.0	12.732507737	6.21326922574
4710.0	70.0	12.9154019173	6.38295634334
4720.0	70.0	13.1403891195	6.50634345979
4730.0	70.0	13.4076798087	6.5836692349
4740.0	70.0	13.675180963	6.6612336698
4750.0	70.0	13.9424716523	6.73855944491
4750.0	74.0	15.0482553382	5.17891765378
4760.0	70.0	14.2409111777	6.88127800514
4760.0	74.0	14.5023088439	5.20875012875
4770.0	70.0	14.5469274471	7.04046409155
4770.0	74.0	13.9565728146	5.23858260371
4780.0	70.0	14.8531541816	7.19965017796
4780.0	74.0	13.4106263202	5.26841507867
4790.0	70.0	15.159170451	7.35859760456
4790.0	74.0	12.8316368036	5.29944085264
4800.0	74.0	12.2446496129	5.3309439462
4810.0	74.0	11.657451957	5.36220837996
4820.0	74.0	11.0704647663	5.39371147352
4820.0	75.0	15.2713483544	4.35315474677
4830.0	74.0	10.5074705981	5.39967796852
4830.0	75.0	14.5557669817	4.44861866666
4840.0	74.0	9.94447642981	5.40564446351
4840.0	75.0	13.840185609	4.54408258654
4850.0	74.0	9.38148226156	5.4116109585
4850.0	75.0	13.1302867942	4.64360372302
4860.0	74.0	8.81848809331	5.4175774535
4860.0	75.0	12.4706891406	4.77868516966
4870.0	74.0	8.26664857587	5.40707642231
4870.0	75.0	11.8113019522	4.9140052761
4880.0	74.0	7.71480905843	5.39633673132
4880.0	75.0	11.1552822055	5.04693878454
4890.0	74.0	7.16275907589	5.38583570013
4890.0	75.0	10.530411295	5.15887023061
4900.0	74.0	6.61091955845	5.37509600915
4900.0	75.0	9.90575084964	5.27056301687
4910.0	74.0	6.04182190202	5.34717281258
4910.0	75.0	9.28087993916	5.38249446294
4920.0	74.0	5.4554661066	5.30158879083
4920.0	75.0	8.68252763249	5.498005806
4930.0	74.0	4.8693207763	5.25624342889
4930.0	75.0	8.08733230247	5.61399446866
4940.0	74.0	4.28296498088	5.21065940714
4940.0	75.0	7.49192650734	5.72998313132
4950.0	74.0	3.72102313818	5.15433569441
4950.0	75.0	6.89483699133	5.83738004119
4960.0	74.0	3.21590687508	5.07247538311
4960.0	75.0	6.29522189401	5.93212798168
4970.0	74.0	2.71079061198	4.99061507181
4970.0	75.0	5.69560679669	6.02687592216
4980.0	74.0	2.20567434888	4.90899342031
4980.0	75.0	5.09578123425	6.12186252245
4990.0	74.0	1.69508599292	4.86675063576
4990.0	75.0	4.49616613693	6.21661046294
5000.0	74.0	1.18323484631	4.8345315628
5000.0	75.0	3.89655103961	6.31135840342
5010.0	74.0	0.671173234596	4.80231248983
5010.0	75.0	3.29672547717	6.40610634391
5020.0	74.0	0.159322087987	4.76985475707
5020.0	75.0	2.70300340292	6.51278727438
5030.0	75.0	2.16168714096	6.72400119713
5040.0	75.0	1.62058134412	6.93545377967
5050.0	75.0	1.07947554727	7.14690636222
5060.0	75.0	0.694534861764	7.4163532761
5070.0	75.0	0.413984870633	7.72470173733
5080.0	75.0	0.133224414393	8.03281153876
5290.0	86.0	0.414195335743	3.61235472846
5300.0	86.0	0.947934853753	3.62929957424
5310.0	86.0	1.48146390665	3.64648307982
5320.0	86.0	1.95732551952	3.61569596566
5320.0	89.0	14.9202925516	6.82376099341
5330.0	86.0	2.40835224944	3.56462276852
5330.0	89.0	14.3852902429	6.69440738196
5340.0	86.0	2.85937897937	3.51331091158
5340.0	89.0	13.8502879342	6.56505377052
5340.0	90.0	12.0806972925	12.3864436051
5350.0	86.0	3.32913710406	3.46915884863
5350.0	89.0	13.2765600454	6.40037850872
5350.0	90.0	12.0703845021	12.1477838054
5360.0	86.0	3.80121034495	3.42596142489
5360.0	89.0	12.6929402964	6.22687283432
5360.0	90.0	12.0600717118	11.9091240057
5370.0	86.0	4.27307312073	3.38252534134
5370.0	89.0	12.1156345007	6.09322334648
5370.0	90.0	12.0499693865	11.670464206
5380.0	86.0	4.69189868888	3.30376760743
5380.0	89.0	11.542117077	5.98630375621
5380.0	90.0	12.0396565961	11.4318044063
5390.0	86.0	5.07515565351	3.20138255336
5390.0	89.0	10.9688101184	5.87914550614
5390.0	90.0	12.0360786893	11.287892547
5400.0	86.0	5.45862308325	3.09923615908
5400.0	89.0	10.3929775784	5.93881045607
5400.0	90.0	12.0333426428	11.1547203788
5410.0	86.0	5.86755679125	3.12906863404
5410.0	89.0	9.81588224783	6.06959602631
5410.0	90.0	12.0306065964	11.0215482106
5420.0	86.0	6.28301491765	3.19183616137
5420.0	89.0	9.23878691723	6.20062025636
5420.0	90.0	12.02787055	10.8881373825
5430.0	86.0	6.69826257894	3.25460368869
5430.0	89.0	8.67958112096	6.3292578884
5430.0	90.0	12.0251345036	10.7549652143
5430.0	97.0	0.315697664438	3.5798969957
5440.0	86.0	7.11372070534	3.31737121602
5440.0	89.0	8.13237183593	6.45646356165
5440.0	90.0	12.0223984571	10.6215543862
5440.0	97.0	0.806712765195	3.55340575793
5450.0	86.0	7.52265441335	3.27656039027
5450.0	89.0	7.5851625509	6.58390789469
5450.0	90.0	12.0196624107	10.488382218
5450.0	97.0	1.29793833106	3.52691452017
5460.0	86.0	7.93158812135	3.23551090472
5460.0	89.0	7.07688931116	6.73617284691
5460.0	90.0	12.0215565967	10.3206043788
5460.0	97.0	1.78895343182	3.5004232824
5470.0	86.0	8.34052182935	3.19470007896
5470.0	89.0	6.5945032799	6.90514398511
5470.0	90.0	12.041340317	10.0148811754
5470.0	97.0	2.27302318396	3.47918256022
5480.0	86.0	8.78376135022	3.161287707
5480.0	89.0	6.11043352776	7.07435378311
5480.0	90.0	12.0609135722	9.70891931214
5480.0	97.0	2.74656968061	3.46581761144
5490.0	86.0	9.26151714907	3.13551244864
5490.0	89.0	5.619418427	7.2433249213
5490.0	90.0	12.0806972925	9.40319610871
5490.0	97.0	3.22011617727	3.45269132245
5500.0	86.0	9.73948341303	3.10973719027
5500.0	89.0	5.12840332625	7.4122960595
5500.0	90.0	12.1080577568	9.08673321429
5500.0	97.0	3.69366267393	3.43932637367
5510.0	86.0	10.2172392119	3.0839619319
5510.0	89.0	4.69989636305	7.46098265864
5510.0	90.0	12.1356286861	8.77027031987
5510.0	97.0	4.17520684475	3.47273874563
5520.0	86.0	10.7042554756	3.08825780829
5520.0	89.0	4.28696381796	7.47912080342
5520.0	90.0	12.1629891504	8.45380742545
5520.0	97.0	4.65864520156	3.51808410758
5530.0	86.0	11.1935868554	3.10019079828
5530.0	89.0	3.88960569099	7.4924857522
5530.0	90.0	12.1905600797	8.13734453103
5530.0	97.0	5.14208355837	3.56319080972
5540.0	86.0	11.6829182353	3.11212378826
5540.0	89.0	3.55412430625	7.48508729841
5540.0	90.0	12.2109751954	7.81777905921
5540.0	97.0	5.63499284511	3.60829751187
5550.0	86.0	12.1722496152	3.12405677825
5550.0	89.0	3.21885338661	7.47745018482
5550.0	90.0	12.2210775206	7.493917711
5550.0	97.0	6.21208817571	3.65459751301
5560.0	86.0	12.6630542508	3.13694440743
5560.0	89.0	2.88337200187	7.47005173103
5560.0	90.0	12.2309693808	7.17005636279
5560.0	97.0	6.7891835063	3.70065885436
5570.0	86.0	13.1540693516	3.15030935622
5570.0	89.0	2.61271387089	7.50418008239
5570.0	90.0	12.241071706	6.84619501458
5570.0	97.0	7.36627883689	3.7469588555
5580.0	86.0	13.6450844524	3.163674305
5580.0	89.0	2.34226620502	7.53830843375
5580.0	90.0	12.2187624044	6.55073418253
5580.0	97.0	7.85097998436	3.76867689728
5590.0	86.0	14.1363100182	3.17680059399
5590.0	89.0	2.07202900426	7.56981152731
5590.0	90.0	12.0672275255	6.36935273475
5590.0	97.0	8.33568113183	3.79039493905
5600.0	86.0	14.627325119	3.19016554277
5600.0	89.0	1.80431738482	7.59152956909
5600.0	90.0	11.9156926466	6.18797128697
5600.0	97.0	8.8203822793	3.81211298082
5610.0	86.0	15.1183402197	3.20329183175
5610.0	89.0	1.53639530027	7.61324761086
5610.0	90.0	11.5755810294	6.07556252131
5610.0	97.0	9.33770551876	3.81855679542
5620.0	89.0	1.26847321571	7.63496565263
5620.0	90.0	11.1546508102	5.99250891101
5620.0	97.0	9.86870899034	3.81855679542
5630.0	89.0	1.00644415423	7.88436514333
5630.0	90.0	10.753083381	5.98678107581
5630.0	97.0	10.399922927	3.81855679542
5640.0	89.0	0.744836022965	8.1593012326
5640.0	90.0	10.3807706021	6.09680324348
5640.0	97.0	10.9311368637	3.81855679542
5650.0	89.0	0.48343835681	8.43399866207
5650.0	90.0	10.0084578231	6.20706407095
5650.0	97.0	11.4619298702	3.80065731044
5660.0	89.0	0.270658130978	8.95308372645
5660.0	90.0	9.64119620684	6.37842180714
5660.0	97.0	11.9925124116	3.76461968068
5670.0	89.0	0.0902895320294	9.63493477423
5670.0	90.0	9.2751973812	6.56529243032
5670.0	97.0	12.5228844878	3.72858205092
5680.0	90.0	8.92161599703	6.72853573332
5680.0	97.0	13.0534670292	3.69278308097
5690.0	90.0	8.58045205432	6.86839037595
5690.0	97.0	13.5838391055	3.65674545121
5700.0	90.0	8.23928811162	7.00848367839
5700.0	97.0	14.1144216468	3.62070782145
5710.0	90.0	7.88002416949	7.05597697853
5710.0	97.0	14.6450041882	3.5849088515
5720.0	90.0	7.508553251	7.04189605035
5720.0	97.0	15.1753762644	3.54887122174
5730.0	90.0	7.13729279762	7.02781512216
5740.0	90.0	6.7651904838	7.01254089498
5750.0	90.0	6.391193984	6.9927321316
5760.0	90.0	6.01698701908	6.97292336823
5770.0	90.0	5.64278005417	6.95287594505
5780.0	90.0	5.28456843759	6.94834140886
5790.0	90.0	4.9370905416	6.95383058425
5800.0	90.0	4.5896126456	6.95931975964
5810.0	90.0	4.24213474961	6.96504759484
5820.0	90.0	3.90475917888	6.96624089384
5830.0	90.0	3.59095570043	6.95764914105
5840.0	90.0	3.27715222198	6.94881872846
5850.0	90.0	2.96334874353	6.94022697567
5860.0	90.0	2.64954526508	6.93163522288
5870.0	90.0	2.33574178662	6.92280481029
5880.0	90.0	2.07013481828	6.99058419341
5890.0	90.0	1.81673482629	7.0774563605
5900.0	90.0	1.56312436919	7.1640898678
5910.0	90.0	1.3097243772	7.25096203489
5920.0	90.0	1.10557322086	7.38628214133
5930.0	90.0	0.975505783114	7.59463214648
5940.0	90.0	0.845227880256	7.80298215163
5950.0	90.0	0.715160442508	8.01109349698
5960.0	90.0	0.585093004759	8.21944350213
5970.0	90.0	0.45502556701	8.42779350728
6070.0	103.0	0.131540693516	7.06003419512
6080.0	103.0	0.499854635361	6.86409449956
6090.0	103.0	0.868168577205	6.66791614419
6100.0	103.0	1.24953135585	6.46839655163
6110.0	103.0	1.74875459588	6.23641922631
6120.0	103.0	2.2477673708	6.00468056079
6130.0	103.0	2.74678014572	5.77294189527
6140.0	103.0	3.24558245554	5.65361199541
6150.0	103.0	3.74396383513	5.60969859226
6160.0	103.0	4.24255567983	5.56578518912
6170.0	103.0	4.74093705942	5.52187178597
6180.0	103.0	5.22227076514	5.41972539169
6190.0	103.0	5.69939516866	5.30302074963
6200.0	103.0	6.17651957218	5.18631610757
6210.0	103.0	6.65343351059	5.06961146551
6220.0	103.0	7.15139395997	4.97963672102
6230.0	103.0	7.69776138455	4.95219084405
6240.0	103.0	8.24412880914	4.92474496709
6250.0	103.0	8.79049623373	4.89706043032
6260.0	103.0	9.33686365832	4.86961455335
6270.0	103.0	9.87733805984	4.8314289854
6280.0	103.0	10.3628810677	4.69658619856
6290.0	103.0	10.8486345408	4.56198207152
6300.0	103.0	11.3343880138	4.42737794448
6310.0	103.0	11.8230879983	4.29850165264
6320.0	103.0	12.3242054243	4.19253670157
6330.0	103.0	12.8253228504	4.08633309069
6340.0	103.0	13.3264402764	3.98036813962
6350.0	103.0	13.8275577024	3.87416452875
6360.0	103.0	14.3286751284	3.76819957768
6370.0	103.0	14.8297925544	3.6619959668
7330.0	127.0	14.7700204633	3.06152791072
7340.0	127.0	14.3257286169	3.21403152274
7340.0	128.0	14.6708913967	4.59014392789
7350.0	127.0	13.8814367705	3.36653513476
7350.0	128.0	14.3059448966	4.55052640114
7360.0	127.0	13.4369344589	3.51880008698
7360.0	128.0	13.9412088616	4.51067021458
7360.0	130.0	14.9219762724	4.17654649499
7370.0	127.0	12.9936949381	3.55412173733
7370.0	128.0	13.5478495717	4.47988310042
7370.0	130.0	14.4442204736	4.00876865579
7380.0	127.0	12.5512972776	3.51140163318
7380.0	128.0	13.1115553995	4.46246093504
7380.0	130.0	13.9662542096	3.84122947639
7390.0	127.0	12.1086891521	3.46844286924
7390.0	128.0	12.6750507621	4.44480010986
7390.0	130.0	13.4884984108	3.67345163719
7400.0	127.0	11.6662914917	3.42572276509
7400.0	128.0	12.2387565898	4.42737794448
7400.0	130.0	12.9962205194	3.52810781916
7410.0	127.0	11.235048482	3.4171310123
7410.0	128.0	11.8039356733	4.40255732531
7410.0	130.0	12.4700577453	3.43526915708
7420.0	127.0	10.808856635	3.42309750729
7420.0	128.0	11.3724821986	4.36079186036
7420.0	130.0	11.9438949712	3.34266915479
7430.0	127.0	10.382664788	3.42906400228
7430.0	128.0	10.9410287239	4.31902639541
7430.0	130.0	11.4177321972	3.2498304927
7440.0	127.0	9.95668340616	3.43503049728
7440.0	128.0	10.5095752492	4.27726093046
7440.0	130.0	10.8372694248	3.11188512846
7450.0	127.0	9.50734039711	3.43670111587
7450.0	128.0	10.0795950302	4.25816814649
7450.0	130.0	10.2336554904	2.95508564005
7460.0	127.0	9.04810552791	3.43670111587
7460.0	128.0	9.65277178787	4.29134185865
7460.0	130.0	9.62983109092	2.79804749184
7470.0	127.0	8.58887065871	3.43670111587
7470.0	128.0	9.22594854554	4.32427691101
7470.0	130.0	9.02621715651	2.64100934363
7480.0	127.0	8.12963578951	3.43670111587
7480.0	128.0	8.79912530322	4.35745062317
7480.0	130.0	8.51205089369	2.63528150844
7490.0	127.0	7.68913231506	3.44481554906
7490.0	128.0	8.37903694441	4.40494392331
7490.0	130.0	8.00798695614	2.64625985922
7500.0	127.0	7.2919846532	3.47178410643
7500.0	128.0	7.96168463202	4.45840371845
7500.0	130.0	7.50371255348	2.65747686981
7510.0	127.0	6.89483699133	3.4987526638
7510.0	128.0	7.54454278475	4.51186351358
7510.0	130.0	6.99964861593	2.6684552206
7520.0	127.0	6.49789979458	3.52595988097
7520.0	128.0	7.12719047236	4.56532330872
7520.0	130.0	6.52441839839	2.70019697396
7530.0	127.0	6.10075213272	3.55292843833
7530.0	128.0	6.70983815997	4.61878310385
7530.0	130.0	6.06834050583	2.7457809957
7540.0	127.0	5.70360447085	3.5798969957
7540.0	128.0	6.29248584758	4.67248155879
7540.0	130.0	5.61247307838	2.79112635765
7550.0	127.0	5.3329754128	3.68371400858
7550.0	128.0	5.96079283481	4.73023723032
7550.0	130.0	5.15639518583	2.83671037939
7560.0	127.0	4.96234635475	3.78753102145
7560.0	128.0	5.63878121709	4.78870888125
7560.0	130.0	4.70115915371	2.9166614123
7570.0	127.0	4.5917172967	3.89110937453
7570.0	128.0	5.31655913425	4.84718053218
7570.0	130.0	4.24697544713	3.04864028154
7580.0	127.0	4.22129870376	3.9949263874
7580.0	128.0	4.99454751652	4.90565218311
7580.0	130.0	3.79279174056	3.18038049098
7590.0	127.0	3.88413359814	4.12881453504
7590.0	128.0	4.67232543369	4.96412383404
7590.0	130.0	3.33860803399	3.31235936022
7600.0	127.0	3.59705918861	4.30780938483
7600.0	128.0	4.29054172483	5.07510064091
7600.0	130.0	2.9999696726	3.47345472503
7610.0	127.0	3.30998477908	4.48680423461
7610.0	128.0	3.90875801597	5.18607744777
7610.0	130.0	2.73815107623	3.65388153361
7620.0	127.0	3.02312083466	4.6657990844
7620.0	128.0	3.5269743071	5.29705425464
7620.0	130.0	2.47633247985	3.8343083422
7630.0	127.0	2.73604642513	4.84479393418
7630.0	128.0	3.14519059824	5.40803106151
7630.0	130.0	2.21451388348	4.01473515078
7640.0	127.0	2.49548480483	4.98608053561
7640.0	128.0	2.78276967947	5.55958003432
7640.0	130.0	1.93775226432	4.21067484634
7650.0	127.0	2.25492318453	5.12736713704
7650.0	128.0	2.42855689997	5.72831251272
7650.0	130.0	1.64583715727	4.42236608869
7660.0	127.0	2.01436156423	5.26865373847
7660.0	128.0	2.07434412047	5.89728365092
7660.0	130.0	1.35413251533	4.63381867124
7670.0	127.0	1.77401040903	5.4097016801
7670.0	128.0	1.72013134097	6.06601612932
7670.0	130.0	1.06242787339	4.84527125378
7680.0	127.0	1.53681623049	5.55313621973
7680.0	128.0	1.40001390923	6.25193211329
7680.0	130.0	0.777458114957	5.05338259913
7690.0	127.0	1.32992902772	5.71494756394
7690.0	128.0	1.10262670933	6.44906510786
7690.0	130.0	0.553312773206	5.23046817052
7700.0	127.0	1.12304182496	5.87675890814
7700.0	128.0	0.805239509427	6.64619810242
7700.0	130.0	0.329377896564	5.40755374191
7700.0	134.0	14.9324995279	3.51880008698
7710.0	127.0	0.9161546222	6.03857025235
7710.0	128.0	0.507852309526	6.84333109698
7710.0	130.0	0.105232554813	5.58463931329
7710.0	134.0	14.3537204765	3.57082792331
7720.0	127.0	0.709056954328	6.20038159656
7720.0	128.0	0.210465109626	7.04046409155
7720.0	134.0	13.774941425	3.62309441945
7730.0	127.0	0.502169751567	6.36219294076
7730.0	134.0	13.1961623735	3.67536091559
7740.0	127.0	0.295282548805	6.52400428497
7740.0	134.0	12.713355412	3.73144596852
7750.0	134.0	12.2305484506	3.78776968125
7760.0	134.0	11.7477414891	3.84385473418
7760.0	135.0	0.140801158339	2.85651914277
7770.0	134.0	11.2352589471	3.89421195192
7770.0	135.0	0.48891044966	2.89327275193
7780.0	134.0	10.7034136151	3.94051195307
7780.0	135.0	0.837019740981	2.93002636108
7790.0	134.0	10.171357818	3.98705061401
7790.0	135.0	1.1851290323	2.96677997024
7800.0	134.0	9.63930202085	4.03335061516
7800.0	135.0	1.53323832362	3.00353357939
7810.0	134.0	9.14491947834	4.09993669928
7810.0	135.0	1.88113714983	3.04004852875
7820.0	134.0	8.65053693583	4.1665227834
7820.0	135.0	2.27302318396	3.06152791072
7830.0	134.0	8.15615439332	4.23310886752
7830.0	135.0	2.69395340321	3.07250626151
7840.0	134.0	7.66198231592	4.29969495164
7840.0	135.0	3.11488362246	3.0837232721
7850.0	134.0	7.2155858184	4.43119650128
7850.0	135.0	3.53581384171	3.09470162288
7860.0	134.0	6.79002536674	4.59014392789
7860.0	135.0	3.95948010739	3.10854389127
7870.0	134.0	6.36446491508	4.7493300143
7870.0	135.0	4.38924986124	3.12882997424
7880.0	134.0	5.93890446341	4.90851610071
7880.0	135.0	4.8190196151	3.14887739742
7890.0	134.0	5.51187075598	5.05171198053
7890.0	135.0	5.24878936895	3.16916348039
7900.0	134.0	5.07915449059	5.13118569384
7900.0	135.0	5.67876958792	3.18921090357
7910.0	134.0	4.64664869031	5.21065940714
7910.0	135.0	6.10853934177	3.20949698655
7920.0	134.0	4.21393242492	5.29037178025
7920.0	135.0	6.53830909563	3.22954440972
7930.0	134.0	3.79489639166	5.43237436108
7930.0	135.0	6.98049629095	3.2457732761
7940.0	134.0	3.384699893	5.61590374706
7940.0	135.0	7.47151139171	3.2457732761
7950.0	134.0	2.97450339434	5.79943313304
7950.0	135.0	7.96252649246	3.2457732761
7960.0	134.0	2.56451736079	5.98296251902
7960.0	135.0	8.45375205833	3.2457732761
7970.0	134.0	2.16400225717	6.14620582202
7970.0	135.0	8.94476715908	3.2457732761
7980.0	134.0	1.76790692085	6.30061871244
7980.0	135.0	9.43578225984	3.2457732761
7990.0	134.0	1.37181158454	6.45503160285
7990.0	135.0	9.9202729422	3.23407894592
8000.0	134.0	0.997815084735	6.67507593819
8000.0	135.0	10.3782450207	3.17536863519
8010.0	134.0	0.675382536788	7.04786254534
8010.0	135.0	10.8360066342	3.11689698426
8010.0	137.0	8.84837413888	-0.159186086409
8020.0	134.0	0.353160453952	7.42088781229
8020.0	135.0	11.2937682476	3.05818667353
8020.0	137.0	9.08809389874	0.0264912377682
8030.0	134.0	0.030938371115	7.79367441944
8030.0	135.0	11.7517403262	2.9994763628
8030.0	137.0	9.32760319349	0.212168561945
8040.0	135.0	12.2095019396	2.94100471187
8040.0	137.0	9.56732295336	0.397845886122
8050.0	135.0	12.6832589014	2.92071862889
8050.0	137.0	9.86029038596	0.791873215449
8060.0	135.0	13.1730112115	2.93909543347
8060.0	137.0	10.1759880504	1.27515930987
8070.0	135.0	13.6627635216	2.95747223805
8070.0	137.0	10.4916857148	1.75844540429
8080.0	135.0	14.1525158317	2.97584904263
8080.0	137.0	10.8073833793	2.24173149871
8090.0	135.0	14.6422681418	2.9942258472
8090.0	137.0	11.139076392	2.55365985693
8100.0	135.0	15.1320204519	3.01260265178
8100.0	137.0	11.4777147534	2.79231965665
8110.0	137.0	11.8232984634	3.02358100257
8120.0	137.0	12.1794054289	3.24386399771
8130.0	137.0	12.5357228595	3.46414699284
8140.0	137.0	12.9534961021	3.50829905579
8150.0	137.0	13.3956832974	3.50829905579
8160.0	137.0	13.9182681646	3.50829905579
8170.0	137.0	14.4408530318	3.50829905579
8180.0	137.0	14.963437899	3.50829905579
8360.0	139.0	0.244560457385	3.58825008869
8370.0	139.0	0.796399974823	3.67201967839
8380.0	139.0	1.34802902715	3.75602792789
8390.0	139.0	1.89986854459	3.83979751759
8400.0	139.0	2.44749875984	3.89707586952
8400.0	140.0	15.2246251001	6.5788960389
8410.0	139.0	2.98860455668	3.9140207153
8410.0	140.0	14.6367960489	6.44715582946
8420.0	139.0	3.52971035353	3.93096556108
8420.0	140.0	14.0489669977	6.31541562002
8430.0	139.0	4.07102661549	3.94814906666
8430.0	140.0	13.4611379465	6.18367541058
8440.0	139.0	4.61086962168	3.96294597424
8440.0	140.0	12.8499472682	6.06530014992
8450.0	139.0	5.14503006991	3.96915112903
8450.0	140.0	12.2330740319	5.95002746666
8460.0	139.0	5.67940098324	3.97511762403
8460.0	140.0	11.6162007956	5.83475478339
8470.0	139.0	6.21356143147	3.98132277882
8470.0	140.0	11.0090089543	5.72019807953
8480.0	139.0	6.67174397513	3.98991453161
8480.0	140.0	10.4028694386	5.60564137567
8490.0	139.0	6.95229396626	4.00447277939
8490.0	140.0	9.821985736	5.60778931387
8500.0	139.0	7.2330544225	4.01879236737
8500.0	140.0	9.27877528806	5.78487488525
8510.0	139.0	7.51360441363	4.03335061516
8510.0	140.0	8.73556484012	5.96196045664
8520.0	139.0	7.78994510257	4.0779799977
8520.0	140.0	8.20014160123	6.10133777967
8530.0	139.0	8.12395323155	4.12165474105
8530.0	140.0	7.68260789666	6.15288829641
8540.0	139.0	8.5448834508	4.1629428864
8540.0	140.0	7.16486372698	6.20443881315
8550.0	139.0	8.97507413487	4.20446969155
8550.0	140.0	6.64733002241	6.25622798969
8560.0	139.0	9.48966132791	4.2440872183
8560.0	140.0	6.12306143434	6.3292578884
8570.0	139.0	10.0040380558	4.28394340486
8570.0	140.0	5.59416261385	6.4163687153
8580.0	139.0	10.5186252489	4.32379959141
8580.0	140.0	5.06547425847	6.50371820199
8590.0	139.0	10.9660740719	4.34862021058
8590.0	140.0	4.53678590309	6.59106768869
8600.0	139.0	11.3468054552	4.35888258197
8600.0	140.0	4.04850684876	6.63474243203
8610.0	139.0	11.7273263734	4.36890629355
8610.0	140.0	3.60063709547	6.63474243203
8620.0	139.0	12.1080577568	4.37916866494
8620.0	140.0	3.15255687708	6.63474243203
8630.0	139.0	12.488578675	4.38919237653
8630.0	140.0	2.7046871238	6.63474243203
8640.0	139.0	12.7952263397	4.35124546838
8640.0	140.0	2.24503132438	6.64524346322
8650.0	139.0	13.0831426097	4.30088825064
8650.0	140.0	1.77716738568	6.6631429482
8650.0	144.0	14.9263960398	4.59706506208
8660.0	139.0	13.3874751582	4.30566144663
8660.0	140.0	1.30951391209	6.68080377338
8660.0	144.0	14.5271437268	4.67104959999
8670.0	139.0	13.6937018927	4.31640113762
8670.0	140.0	0.98371392239	6.87459553075
8670.0	144.0	14.1281018789	4.7452727977
8680.0	139.0	14.0853774617	4.26007742489
8680.0	140.0	0.673488350802	7.08819605149
8680.0	144.0	13.7071716597	4.79205011845
8690.0	139.0	14.5138844249	4.17487587639
8690.0	140.0	0.431453474732	7.50585070099
8690.0	144.0	13.2353088839	4.77558259227
8700.0	139.0	14.942180923	4.08967432789
8700.0	140.0	0.189418598663	7.92350535049
8700.0	144.0	12.7636565732	4.75911506609
8710.0	140.0	0.15174534404	8.13662855163
8710.0	144.0	12.3267310057	4.73286248812
8720.0	140.0	0.114282554527	8.34975175277
8720.0	144.0	11.9420007853	4.69181300257
8730.0	140.0	0.0766092999037	8.56287495392
8730.0	144.0	11.55748103	4.65052485722
8740.0	144.0	11.14475895	4.65601403261
8750.0	144.0	10.7040450104	4.70828052875
8760.0	144.0	10.263541536	4.76054702488
8770.0	144.0	9.83419271236	4.80732434563
8780.0	144.0	9.43115202743	4.84145269699
8790.0	144.0	9.02832180761	4.87558104835
8800.0	144.0	8.62549158778	4.90947073991
8810.0	144.0	8.22076718197	4.93071146208
8820.0	144.0	7.81562184594	4.94861094706
8830.0	144.0	7.41047650991	4.96651043204
8840.0	144.0	7.00533117389	4.98440991702
8850.0	144.0	6.58755793128	5.04479084634
8860.0	144.0	6.16662771203	5.11567280686
8870.0	144.0	5.74569749278	5.18655476737
8880.0	144.0	5.32371494798	5.2469356967
8890.0	144.0	4.89205100814	5.21018208754
8900.0	144.0	4.46017660318	5.17342847839
8910.0	144.0	4.02851266334	5.13667486923
8920.0	144.0	3.60905569986	5.10039857968
8930.0	144.0	3.2382161767	5.06650888812
8940.0	144.0	2.86737665354	5.03238053676
8950.0	144.0	2.49653713038	4.9982521854
8960.0	144.0	2.12569760722	4.96412383404
8970.0	144.0	1.67467087729	4.78226506666
8980.0	144.0	1.22364414736	4.60040629928
8990.0	144.0	0.772617417435	4.41854753189
9000.0	144.0	0.321801152617	4.23668876451
