230.0	4.0	15.2940785863	9.09723424548
240.0	4.0	14.6149076775	9.1623883708
250.0	4.0	13.9357367687	9.22754249612
260.0	4.0	13.2403600465	9.33828064319
270.0	4.0	12.5291984411	9.494602812
280.0	4.0	11.8180368357	9.65092498081
290.0	4.0	11.1394973223	9.85092189297
300.0	4.0	10.4828461802	10.0800353007
310.0	4.0	9.82956247995	10.3074780898
320.0	4.0	9.20595436013	10.5196466518
330.0	4.0	8.58234624031	10.7318152137
340.0	4.0	7.94716253946	10.9131966615
350.0	4.0	7.29472069962	11.0482781081
360.0	4.0	6.64227885978	11.1835982146
370.0	4.0	6.00393818229	11.3155770838
380.0	4.0	5.38643355065	11.4430214169
390.0	4.0	4.76913938411	11.5702270901
400.0	4.0	4.1413219621	11.6928982272
410.0	4.0	3.49793012198	11.8088868898
420.0	4.0	2.85453828185	11.9248755525
430.0	4.0	2.21114644173	12.0406255553
440.0	4.0	1.57301622934	12.1628193728
450.0	4.0	0.935727877395	12.2854905098
460.0	4.0	0.298229060339	12.4081616469
470.0	4.0	-0.339059291607	12.5310714438
610.0	7.0	11.2819822015	8.09844298368
610.0	8.0	0.182683715155	11.7411075067
620.0	7.0	10.8208531463	8.25762907009
620.0	8.0	0.780404626491	11.6170044109
630.0	7.0	10.3927671133	8.44545433246
630.0	8.0	1.37812553783	11.492901315
640.0	7.0	10.013929916	8.67599969898
640.0	8.0	1.96890110055	11.4096090449
650.0	7.0	9.63509271866	8.90678372531
650.0	8.0	2.55673015173	11.3437389402
660.0	7.0	9.25267761447	9.14973940141
660.0	8.0	3.14455920292	11.2778688355
670.0	7.0	8.86457995232	9.4105945625
670.0	8.0	3.74017546316	11.2339554323
680.0	7.0	8.47648229017	9.67168838339
680.0	8.0	4.33768590938	11.1955312046
690.0	7.0	8.074914861	9.93421416307
690.0	8.0	4.9349858905	11.156868317
700.0	7.0	7.61883696844	10.2027064377
700.0	8.0	5.49734866342	11.1203533676
710.0	7.0	7.16275907589	10.4711987124
710.0	8.0	6.04455794845	11.0845543977
720.0	7.0	6.65427537103	10.665945109
720.0	8.0	6.54946374644	11.000784808
730.0	7.0	6.13274282938	10.842314701
730.0	8.0	7.02953466149	10.9041275891
740.0	7.0	5.6128940086	10.9857492406
740.0	8.0	7.45046488074	10.8790683101
750.0	7.0	5.09493937381	11.0957714083
750.0	8.0	7.88781137855	10.8342002678
760.0	7.0	4.57677427392	11.2060322357
760.0	8.0	8.39124392077	10.7096198523
770.0	7.0	4.08849521959	11.133002337
770.0	8.0	8.89446599788	10.5850394369
780.0	7.0	3.60358360701	11.0396863553
780.0	8.0	9.3867438893	10.365711081
790.0	7.0	3.12540687794	10.9575873842
790.0	8.0	9.87775899005	10.1358816938
800.0	7.0	2.65186038128	10.8828868669
800.0	8.0	10.3795078114	9.89053941972
810.0	7.0	2.17831388462	10.8084250094
810.0	8.0	10.9231391896	9.58219095849
820.0	7.0	1.69403366738	10.7404069665
820.0	8.0	11.4667705677	9.27384249727
830.0	7.0	1.19333717158	10.6821739754
830.0	8.0	12.0200833409	9.01370331558
840.0	7.0	0.692851140887	10.624179644
840.0	8.0	12.5757112303	8.76549712388
850.0	7.0	0.192365110198	10.5661853127
850.0	8.0	13.147124003	8.55595381973
860.0	8.0	13.7551577047	8.43662391987
870.0	8.0	14.3629809413	8.31729402001
880.0	8.0	14.971014643	8.19796412016
890.0	13.0	15.1113948711	8.75881464948
900.0	13.0	14.494942565	8.77575949526
910.0	13.0	13.878700724	8.79294300084
920.0	13.0	13.2548821391	8.83279918739
930.0	13.0	12.6018089039	8.96453939684
940.0	13.0	11.9485252037	9.09627960628
950.0	13.0	11.2979775498	9.2461579605
960.0	13.0	10.6529019888	9.43851775907
970.0	13.0	10.0080368929	9.63111621744
980.0	13.0	9.36190900636	9.81727086121
990.0	13.0	8.71199274784	9.97884354562
1000.0	13.0	8.06207648932	10.1401775702
1010.0	13.0	7.41216023079	10.3017502546
1010.0	17.0	0.0153639530027	9.54543734934
1020.0	13.0	6.75761373986	10.3852811845
1020.0	17.0	0.492909286743	9.31608528181
1030.0	13.0	6.10180445826	10.4497193305
1030.0	17.0	0.970665085593	9.08649455449
1040.0	13.0	5.44473238601	10.5346822192
1040.0	17.0	1.44336972181	8.84043630099
1050.0	13.0	4.78218822091	10.7024600583
1050.0	17.0	1.90513017233	8.55547650013
1060.0	13.0	4.11964405581	10.8704765573
1060.0	17.0	2.36668015774	8.27075535907
1070.0	13.0	3.46488709977	11.0074672824
1070.0	17.0	2.8446464217	7.9977285482
1080.0	13.0	2.81791735278	11.1136708933
1080.0	17.0	3.38743593942	7.77147905807
1090.0	13.0	2.17094760579	11.2196358443
1090.0	17.0	3.93338243379	7.60942905406
1100.0	13.0	1.49956390608	11.3423069814
1100.0	17.0	4.48732660233	7.59701874448
1110.0	13.0	0.822076718197	11.469035335
1110.0	17.0	5.04127077086	7.58436977509
1120.0	13.0	0.144589530313	11.5960023485
1140.0	21.0	1.13588019665	7.65238781801
1150.0	21.0	1.55154878816	7.80536874963
1160.0	21.0	1.96700691456	7.95834968124
1170.0	21.0	2.38267550607	8.11133061286
1180.0	21.0	2.81328712036	8.26717546207
1190.0	21.0	3.30430222112	8.43423732187
1200.0	21.0	3.79531732188	8.60129918167
1200.0	20.0	11.9906182256	8.161210511
1210.0	21.0	4.28128126	8.75380279369
1210.0	20.0	11.4349903362	8.27576721486
1220.0	21.0	4.7470405476	8.84783475478
1220.0	20.0	10.8793624468	8.39032391873
1230.0	21.0	5.2125893701	8.94186671586
1230.0	20.0	10.3580403702	8.4927089728
1230.0	25.0	3.84940685505	4.59014392789
1240.0	21.0	5.67813819259	9.03589867695
1240.0	20.0	9.85124038624	8.59008217109
1240.0	25.0	4.03924638393	4.66842434219
1250.0	21.0	6.233766082	9.17957187638
1250.0	20.0	9.34465086737	8.68721670957
1250.0	25.0	4.22887544771	4.7467047565
1260.0	21.0	6.74014513576	9.30892548782
1260.0	20.0	8.7658718159	8.73494866951
1260.0	25.0	4.41871497659	4.82474651101
1270.0	21.0	7.1084590776	9.39245641772
1270.0	20.0	8.18709276443	8.78268062945
1270.0	25.0	4.60855450547	4.90302692531
1280.0	21.0	7.50350208837	9.48505642001
1280.0	20.0	7.68387068732	8.82420743461
1280.0	25.0	4.79818356924	4.98130733962
1290.0	21.0	7.9610532367	9.59937446407
1290.0	20.0	7.18043814509	8.86573423976
1290.0	25.0	4.98802309813	5.05958775393
1300.0	21.0	8.41860438502	9.71345384834
1300.0	20.0	6.66648234739	8.96764197423
1300.0	25.0	5.22542774178	5.10015991988
1310.0	21.0	8.798704373	9.71345384834
1310.0	20.0	6.14789631727	9.09556362688
1310.0	25.0	5.46262192033	5.14073208583
1310.0	22.0	14.7805437188	5.88272540314
1320.0	21.0	9.1790148261	9.71345384834
1320.0	20.0	5.62909982204	9.22324661973
1320.0	25.0	5.70002656399	5.18154291158
1320.0	22.0	14.3219402449	5.85217694877
1330.0	21.0	9.55911481408	9.71345384834
1330.0	20.0	5.05453007277	9.4079693047
1330.0	25.0	5.93743120765	5.22211507753
1330.0	22.0	13.8631263059	5.82138983461
1340.0	21.0	9.80620085278	9.61727394905
1340.0	20.0	4.4736463702	9.59889714447
1340.0	25.0	6.17525678152	5.29108775965
1340.0	22.0	13.404522832	5.79084138025
1350.0	21.0	10.0385543338	9.51011569898
1350.0	20.0	3.91465103903	9.7475821997
1350.0	25.0	6.41434514606	5.42688518568
1350.0	22.0	12.9646507529	5.78940942145
1360.0	21.0	10.2706973497	9.40319610871
1360.0	20.0	3.38848826497	9.83278374819
1360.0	25.0	6.6536439757	5.56244395192
1360.0	22.0	12.5437205337	5.81709395822
1370.0	20.0	2.86232549091	9.91798529669
1370.0	25.0	6.89273234024	5.69800271816
1370.0	22.0	12.1227903144	5.84501715478
1370.0	26.0	6.36741142661	0.490923208011
1380.0	20.0	2.32963829844	10.02132499
1380.0	25.0	7.13182070477	5.8335614844
1380.0	22.0	11.7018600952	5.87270169155
1380.0	26.0	6.38993119334	1.13864590443
1390.0	20.0	1.79253133868	10.1363590134
1390.0	25.0	7.36101720915	5.94262901286
1390.0	22.0	11.2765101086	5.88511200113
1390.0	26.0	6.41245096007	1.78660726065
1400.0	20.0	1.25563484403	10.2516316967
1400.0	25.0	7.58895092288	6.04859396394
1400.0	22.0	10.8341124482	5.83618674219
1400.0	26.0	6.42760444796	2.38182480114
1410.0	20.0	0.739574395224	10.3924409785
1410.0	25.0	7.81709510171	6.15479757481
1410.0	22.0	10.3915043227	5.78726148325
1410.0	26.0	6.43960095921	2.95460832045
1420.0	20.0	0.232563946136	10.5444672709
1420.0	25.0	8.02145672316	6.25169345349
1420.0	22.0	9.94910666222	5.73833622431
1420.0	26.0	6.45159747046	3.52739183976
1430.0	20.0	-0.274656968061	10.6962549036
1430.0	25.0	8.1710974161	6.3271099502
1430.0	22.0	9.5201787688	5.67127282059
1430.0	26.0	6.4612788655	4.0846624721
1440.0	25.0	8.32052764394	6.40228778711
1440.0	22.0	9.12345203716	5.56220529212
1440.0	26.0	6.4612788655	4.5803588761
1450.0	25.0	8.47016833688	6.47770428382
1450.0	22.0	8.7265148404	5.45313776365
1450.0	26.0	6.4612788655	5.07605528011
1460.0	25.0	8.61096949522	6.54596098654
1460.0	22.0	8.32957764365	5.34383157538
1460.0	26.0	6.4612788655	5.57175168411
1470.0	25.0	8.74314158406	6.60705789527
1470.0	22.0	7.93811253975	5.30349806923
1470.0	26.0	6.4787474696	6.06386819112
1480.0	25.0	8.87531367291	6.66815480399
1480.0	22.0	7.5479102265	5.28010940886
1480.0	26.0	6.53662537475	6.54691562574
1490.0	25.0	9.00748576175	6.72901305292
1490.0	22.0	7.15791837836	5.25695940829
1490.0	26.0	6.5945032799	7.03020172016
1500.0	25.0	9.10051134021	6.78080222946
1500.0	22.0	6.76771606512	5.23357074792
1500.0	26.0	6.65238118504	7.51372647438
1510.0	25.0	9.03800320265	6.79488315764
1510.0	22.0	6.33036956732	5.20159033475
1510.0	26.0	6.74435443795	7.97123731043
1520.0	25.0	8.97528459998	6.80920274562
1520.0	22.0	5.87260795388	5.1657913648
1520.0	26.0	6.91672536273	8.36908319655
1530.0	25.0	8.91277646242	6.82328367381
1530.0	22.0	5.41484634045	5.12999239484
1530.0	26.0	7.08888582241	8.76669042287
1540.0	25.0	8.85005785975	6.83760326179
1540.0	22.0	4.95708472701	5.09419342488
1540.0	26.0	7.26104628208	9.164536309
1550.0	25.0	8.78733925709	6.85192284977
1550.0	22.0	4.52163241519	5.07175940371
1550.0	26.0	7.40500441706	9.50367188439
1560.0	25.0	8.72483111953	6.86600377796
1560.0	22.0	4.09565103331	5.05505321773
1560.0	26.0	7.54896255205	9.84280745978
1560.0	28.0	0.844175554708	7.50895327838
1570.0	25.0	8.66211251686	6.88032336594
1570.0	22.0	3.66988011654	5.03858569155
1570.0	26.0	7.69313115214	10.1819430352
1570.0	28.0	1.04895810637	7.35191513017
1580.0	25.0	8.5996043793	6.89440429412
1580.0	22.0	3.24410919977	5.02187950557
1580.0	26.0	7.82930207807	10.5225105694
1580.0	28.0	1.25395112315	7.19487698196
1590.0	25.0	8.45669856986	6.85765068497
1590.0	22.0	2.81202432971	5.00493465979
1590.0	26.0	7.93453463288	10.8692832583
1590.0	28.0	1.45894413992	7.03783883375
1600.0	25.0	8.29400904012	6.80800944663
1600.0	22.0	2.37046852971	4.98751249441
1600.0	26.0	8.0397671877	11.2158172875
1600.0	28.0	1.66372669159	6.88103934534
1610.0	25.0	8.13110904527	6.75860686809
1610.0	22.0	1.92912319483	4.96985166923
1610.0	26.0	8.14499974251	11.5625899765
1610.0	28.0	1.96721737967	6.75980016708
1620.0	25.0	7.96820905042	6.70896562974
1620.0	22.0	1.48756739483	4.95242950385
1620.0	26.0	8.25023229732	11.9091240057
1620.0	28.0	2.29533248558	6.64739140142
1620.0	29.0	14.934604179	5.85504086637
1630.0	25.0	7.80551952068	6.6595630512
1630.0	22.0	1.06221740828	4.96483981344
1630.0	26.0	8.32599973679	12.1907425694
1630.0	28.0	2.62344759148	6.53498263575
1630.0	29.0	14.1558832734	5.89489705292
1640.0	25.0	7.69544626835	6.55526871873
1640.0	22.0	0.674119746131	5.04693878454
1640.0	26.0	8.40176717625	12.472361133
1640.0	28.0	2.96755804572	6.47555634563
1640.0	29.0	13.3771623678	5.93475323947
1650.0	25.0	7.63798929342	6.39608263232
1650.0	22.0	0.286022083981	5.12903775564
1650.0	26.0	8.47753461572	12.7539796967
1650.0	28.0	3.33587198756	6.4956037688
1650.0	29.0	12.6041240201	6.00587385979
1660.0	25.0	7.58053231849	6.23689654591
1660.0	22.0	-0.101865113059	5.21089806694
1660.0	26.0	8.55330205518	13.0355982603
1660.0	28.0	3.70418592941	6.51541253218
1660.0	29.0	11.8538159043	6.20300685435
1670.0	25.0	7.54664743584	6.06028829412
1670.0	26.0	8.62906949465	13.317216824
1670.0	28.0	4.07249987125	6.53522129555
1670.0	29.0	11.1035077885	6.40013984892
1680.0	25.0	7.6068404572	5.81303674162
1680.0	28.0	4.50774171796	6.5786573791
1680.0	29.0	10.3599345562	6.67268934019
1690.0	25.0	7.66703347855	5.56578518912
1690.0	28.0	4.95961030833	6.62782129784
1690.0	29.0	9.6009973709	6.94714810986
1700.0	25.0	7.70765324471	5.31423776022
1700.0	28.0	5.41147889869	6.67674655678
1700.0	29.0	8.77828925737	7.19678626036
1710.0	25.0	7.71943929085	5.05553053733
1710.0	28.0	5.83767074568	6.69440738196
1710.0	29.0	7.95558114384	7.44618575106
1720.0	25.0	7.73101487187	4.79706197424
1720.0	28.0	6.22576840783	6.664574907
1720.0	29.0	7.09625210124	7.6650367874
1730.0	25.0	7.74280091801	4.53859341115
1730.0	28.0	6.61386606998	6.63474243203
1730.0	29.0	6.23671259353	7.88364916393
1740.0	25.0	7.64830208379	4.40088670672
1740.0	28.0	6.98407419781	6.5755548017
1740.0	29.0	5.41589866599	8.02947030156
1750.0	25.0	7.52728464576	4.29348979684
1750.0	28.0	7.28272418837	6.39846923032
1750.0	29.0	4.62097194694	8.12684349984
1760.0	25.0	7.40626720772	4.18609288697
1760.0	28.0	7.58158464404	6.22138365893
1760.0	29.0	3.82583476277	8.22397803833
1770.0	25.0	7.28524976969	4.0786959771
1770.0	28.0	7.8802346346	6.04429808754
1770.0	29.0	3.03911618299	8.27672185406
1780.0	29.0	2.25344992876	8.32445381401
1790.0	32.0	6.63470211584	6.01518159198
1800.0	32.0	6.51684165444	6.54977954334
1810.0	32.0	6.39898119305	7.08437749469
1820.0	32.0	6.28596142919	7.62231668325
1830.0	32.0	6.21566608257	8.19056566637
1840.0	32.0	6.14558120107	8.75881464948
1850.0	32.0	5.90270446456	9.1626270306
1860.0	32.0	5.43694517696	9.59006673189
1870.0	32.0	4.89099868259	10.0113012784
1880.0	32.0	4.36020567611	10.4158296389
1890.0	32.0	3.82625569299	10.787422947
1900.0	32.0	3.27904640797	11.0260827468
1910.0	32.0	2.73604642513	11.2279889373
1920.0	32.0	2.20988365107	11.2831193511
1930.0	32.0	1.683720877	11.3382497648
1940.0	32.0	1.27815461076	11.3277487336
1950.0	32.0	0.952775551275	11.2733342993
1960.0	32.0	0.627606956903	11.2191585247
2110.0	34.0	15.2614564943	8.65404299741
2110.0	35.0	0.182473250045	8.36096876336
2120.0	34.0	14.3006832688	8.82015021801
2120.0	35.0	0.638340677494	8.32135123661
2130.0	34.0	13.3399100434	8.98601877881
2130.0	35.0	1.09441857005	8.28149505006
2140.0	34.0	12.3980786778	9.160956412
2140.0	35.0	1.55996739254	8.22779659512
2150.0	34.0	11.4751891721	9.34448579798
2150.0	35.0	2.04024877271	8.15333473761
2150.0	36.0	14.8588367396	6.12496509985
2160.0	34.0	10.5522996664	9.52801518396
2160.0	35.0	2.52031968777	8.0786342203
2160.0	36.0	14.2274414107	6.20181355535
2170.0	34.0	9.61909737033	9.64949302201
2170.0	35.0	2.99302432398	8.02398112617
2170.0	36.0	13.5960460818	6.27842335106
2180.0	34.0	8.68463228359	9.76404972588
2180.0	35.0	3.43668477508	8.04975638453
2180.0	36.0	12.9747530782	6.34357747638
2190.0	34.0	7.76700440562	9.89388065692
2190.0	35.0	3.88013476106	8.0752929831
2190.0	36.0	12.3686135625	6.39130943633
2200.0	34.0	6.87463234081	10.0466229287
2200.0	35.0	4.33242428164	8.11085329326
2200.0	36.0	11.7624740468	6.43904139627
2210.0	34.0	5.982260276	10.1993652006
2210.0	35.0	4.79797310413	8.1614491708
2210.0	36.0	11.1032973234	6.48677335621
2220.0	34.0	5.12798239603	10.363324483
2220.0	35.0	5.26352192662	8.21204504834
2220.0	36.0	10.438227577	6.53450531615
2230.0	34.0	4.27812428336	10.5284770644
2230.0	35.0	5.72949167934	8.25046927609
2230.0	36.0	9.75863573801	6.59106768869
2240.0	34.0	3.42531965916	10.7010280996
2240.0	35.0	6.19967073424	8.17887133618
2240.0	36.0	9.05694506252	6.6605176904
2250.0	34.0	2.56599061655	10.8898080011
2250.0	35.0	6.66963932403	8.10727339627
2250.0	36.0	8.35546485213	6.73020635192
2260.0	34.0	1.70645110884	11.0788265625
2260.0	35.0	7.14297535558	8.03495947695
2260.0	36.0	7.72406952326	6.85955996336
2270.0	34.0	0.799767416577	11.2647425465
2270.0	35.0	7.64682882802	7.95524710385
2270.0	36.0	7.09267419438	6.98867491501
2280.0	34.0	-0.11217790343	11.4504198707
2280.0	35.0	8.15068230047	7.87577339054
2280.0	36.0	6.44675677294	7.12304038225
2290.0	35.0	8.65453577291	7.79629967724
2290.0	36.0	5.79094749135	7.26074708668
2300.0	35.0	9.1375531995	7.62040740485
2300.0	36.0	5.13534867486	7.39845379112
2310.0	35.0	9.61530899835	7.42041049269
2310.0	36.0	4.50395334599	7.50871461858
2320.0	35.0	10.0932752623	7.22041358053
2320.0	36.0	3.87255801711	7.61873678625
2330.0	35.0	10.5714519914	7.01922336937
2330.0	36.0	3.22495687479	7.72517905692
2340.0	35.0	11.0523647669	6.80800944663
2340.0	36.0	2.55315224487	7.8261321522
2350.0	35.0	11.5334880075	6.59655686408
2350.0	36.0	1.88113714983	7.92708524748
2360.0	35.0	12.0146112481	6.38510428153
2360.0	36.0	1.2354301935	8.04641514734
2370.0	35.0	12.4969972793	6.15217231701
2370.0	36.0	0.596247655569	8.17004092359
2380.0	35.0	12.980225171	5.90468210471
2380.0	36.0	-0.0429348823636	8.29390535964
2390.0	35.0	13.4634530627	5.65719189241
2400.0	35.0	13.9517321171	5.44526199026
2410.0	35.0	14.4406425667	5.23738930471
2420.0	35.0	14.9293425513	5.02951661916
2840.0	45.0	-0.0380941848422	13.2785539365
2850.0	45.0	0.57330695862	12.9945487748
2860.0	45.0	1.18470810208	12.7103049533
2870.0	45.0	1.82767901199	12.4246291731
2880.0	45.0	2.48433015402	12.1382374134
2890.0	45.0	3.1376138543	11.8556642106
2900.0	45.0	3.77742778756	11.5883652349
2910.0	45.0	4.41724172082	11.3210662592
2920.0	45.0	5.13366495399	11.0938621299
2930.0	45.0	5.88292074425	10.8838415061
2940.0	45.0	6.61386606998	10.6740595422
2950.0	45.0	7.27156953756	10.4652322174
3010.0	49.0	8.89130902124	8.48149196222
3020.0	49.0	9.19900901151	8.33471618539
3030.0	49.0	9.50649853668	8.18794040857
3040.0	49.0	9.86176364172	8.11968370585
3040.0	50.0	0.111546508102	10.1883868498
3050.0	49.0	10.2643833964	8.12994607724
3050.0	50.0	0.469337194465	9.97359303003
3060.0	49.0	10.6615310583	8.13662855163
3060.0	50.0	0.827127880828	9.75879921028
3070.0	49.0	11.0374217441	8.12803679884
3070.0	50.0	1.18491856719	9.54400539054
3080.0	49.0	11.4133124299	8.11944504605
3080.0	50.0	1.54733948597	9.35952136536
3090.0	49.0	11.8453972999	8.13615123203
3090.0	50.0	1.91018133496	9.17861723718
3100.0	49.0	12.361878679	8.19032700657
3100.0	50.0	2.27302318396	8.9974744492
3100.0	52.0	0.11828139161	12.9160297007
3110.0	49.0	12.8261647108	8.26383422488
3110.0	50.0	2.59229875526	8.89055485893
3110.0	52.0	0.441976730214	12.8518302146
3120.0	49.0	13.0810379586	8.4146672183
3120.0	50.0	2.91157432656	8.78339660885
3120.0	52.0	0.765672068818	12.7876307284
3130.0	49.0	13.3274926019	8.48578783861
3130.0	50.0	3.21885338661	8.68101155478
3130.0	52.0	1.07673950084	12.7468199027
3140.0	49.0	13.5547949203	8.37123113475
3140.0	50.0	3.41563826411	8.61943732645
3140.0	52.0	1.38233484002	12.7160327885
3150.0	49.0	13.7820972387	8.25667443089
3150.0	50.0	3.61263360672	8.55786309812
3150.0	52.0	1.68771971409	12.6852456744
3160.0	49.0	13.6286681738	8.18603113017
3160.0	50.0	3.80941848422	8.4962888698
3160.0	52.0	1.93985691542	12.6410936114
3170.0	49.0	13.3798984142	8.12636618024
3170.0	50.0	3.85887778498	8.48793577681
3170.0	52.0	2.156004583	12.5878724761
3180.0	49.0	13.1311286546	8.06670123031
3180.0	50.0	3.90854755086	8.47934402402
3180.0	52.0	2.3723627157	12.5348900005
3190.0	49.0	12.8823588951	8.00703628039
3190.0	50.0	3.95800685162	8.47099093103
3190.0	52.0	2.58872084839	12.481907525
3200.0	49.0	12.6335891355	7.94737133046
3200.0	50.0	4.00746615238	8.46263783804
3200.0	52.0	2.73815107623	12.3740332955
3210.0	50.0	4.05692545314	8.45428474505
3210.0	52.0	2.88737083895	12.2663977259
3220.0	50.0	4.10659521901	8.44569299226
3220.0	52.0	3.03680106679	12.1585234964
3230.0	50.0	4.15605451978	8.43733989927
3230.0	52.0	3.17002548118	12.0000533894
3240.0	50.0	4.20551382054	8.42898680628
3240.0	52.0	3.3015661747	11.836094107
3250.0	50.0	4.39872079117	8.38030020714
3250.0	52.0	3.43310686821	11.6718961648
3260.0	50.0	4.73546496657	8.29175742144
3260.0	52.0	3.5400231439	11.4938559542
3270.0	50.0	5.07220914198	8.20297597595
3270.0	52.0	3.636205699	11.3098492486
3280.0	50.0	5.40895331738	8.11443319026
3280.0	52.0	3.7323882541	11.1256038832
3290.0	50.0	5.84166958277	7.9951032904
3290.0	52.0	3.83572662293	10.9411198581
3300.0	50.0	6.27417538305	7.87577339054
3300.0	52.0	3.96726731644	10.7547265545
3310.0	50.0	6.70689164844	7.75644349069
3310.0	52.0	4.09880800996	10.5680945911
3320.0	50.0	7.18864628437	7.63711359083
3320.0	52.0	4.23034870347	10.3817012875
3330.0	50.0	7.74385324356	7.51778369097
3330.0	52.0	4.41534753483	10.2225152011
3340.0	50.0	8.29927066786	7.39845379112
3340.0	52.0	4.60034636619	10.0635677745
3350.0	50.0	8.85468809217	7.27912389126
3350.0	52.0	4.78513473245	9.90438168811
3360.0	50.0	9.39179505193	7.09798110328
3360.0	52.0	4.98360333082	9.72896673532
3370.0	50.0	9.92406131417	6.90156408811
3370.0	52.0	5.18796495227	9.54639198854
3380.0	50.0	10.4563275764	6.70490841315
3380.0	52.0	5.39232657372	9.36381724176
3390.0	50.0	11.0109031403	6.54739294534
3390.0	52.0	5.60700098553	9.20844971214
3400.0	50.0	11.5987321915	6.44882644806
3400.0	52.0	5.84608935007	9.11632702945
3410.0	50.0	12.1865612426	6.35002129098
3410.0	52.0	6.08538817971	9.02396568697
3420.0	50.0	12.7436623878	6.28391252646
3420.0	52.0	6.32447654425	8.93184300428
3430.0	50.0	13.2698251619	6.2505001545
3430.0	52.0	6.56356490878	8.83972032159
3440.0	50.0	13.795987936	6.21708778254
3440.0	52.0	6.85505908561	8.76096258768
3450.0	50.0	14.32215071	6.18367541058
3450.0	52.0	7.15202535529	8.68363681257
3460.0	50.0	14.8483134841	6.15026303862
3460.0	52.0	7.44920209009	8.60654969727
3470.0	50.0	15.3744762581	6.11685066666
3470.0	52.0	7.77773812621	8.60631103747
3480.0	52.0	8.13763346367	8.68339815277
3490.0	52.0	8.49731833602	8.76024660828
3500.0	52.0	8.85195204574	8.8289806306
3510.0	52.0	9.19858808129	8.88506568353
3520.0	52.0	9.54522411685	8.94138939626
3530.0	52.0	9.8918601524	8.9974744492
3540.0	52.0	10.2856403725	8.96668733503
3550.0	52.0	10.6794205926	8.93590022087
3560.0	52.0	11.0732008127	8.90511310671
3570.0	52.0	11.5090740548	8.87528063174
3580.0	52.0	11.9497879943	8.84544815678
3590.0	52.0	12.3905019339	8.81561568182
3600.0	52.0	12.8173251762	8.7418698037
3610.0	52.0	13.2382553954	8.64950846121
3620.0	52.0	13.6591856147	8.55714711873
3630.0	52.0	14.1116856004	8.47409350843
3640.0	52.0	14.585232097	8.39748371272
3650.0	52.0	15.0587785937	8.32063525721
3840.0	58.0	14.6574216297	9.51560487437
3850.0	58.0	13.8906972353	9.67765487838
3860.0	58.0	13.1239728409	9.83970488239
3870.0	58.0	12.4250182119	9.93516880227
3880.0	58.0	11.7711031162	9.98624199941
3890.0	58.0	11.1169775555	10.0373151965
3900.0	58.0	10.4359124608	10.0623744755
3910.0	58.0	9.74769155231	10.0805126203
3920.0	58.0	9.05505087653	10.1198914872
3930.0	58.0	8.3438892711	10.2435172635
3940.0	58.0	7.63272766568	10.36690438
3950.0	58.0	6.9137788512	10.5129641774
3960.0	58.0	6.17715096751	10.7117677905
3990.0	62.0	3.37859640482	7.15549811501
4000.0	62.0	3.68819058108	7.43640069927
4000.0	61.0	8.1492090447	10.2461425213
4010.0	62.0	3.99757429223	7.71706462373
4010.0	61.0	8.4859532201	10.1411322094
4020.0	62.0	4.30716846849	7.997967208
4020.0	61.0	8.8226973955	10.0361218975
4030.0	62.0	4.73630682701	8.27839247266
4030.0	61.0	9.18385552362	9.93039560628
4040.0	62.0	5.28541029803	8.55857907752
4040.0	61.0	9.64309039282	9.82204405721
4050.0	62.0	5.8292521413	8.8304125894
4050.0	61.0	10.102325262	9.71345384834
4060.0	62.0	6.35162654339	9.06907238911
4060.0	61.0	10.5485112944	9.57025796851
4070.0	62.0	6.87421141059	9.30773218882
4070.0	61.0	10.9946973268	9.42706208868
4080.0	62.0	7.38985092917	9.54352807094
4080.0	61.0	11.3642740593	9.22587187752
4090.0	62.0	7.88991602964	9.77216415907
4090.0	61.0	11.6570310268	8.96644867523
4100.0	62.0	8.389770665	10.0008002472
4100.0	61.0	11.9432635759	8.70941207094
4110.0	62.0	8.80207181476	10.3599832458
4110.0	61.0	12.2027670561	8.46287649784
4120.0	62.0	9.20469156947	10.7334858323
4120.0	61.0	12.4622705363	8.21634092473
4130.0	62.0	9.57237411599	10.9676110958
4130.0	61.0	12.6735775063	7.96932803203
4140.0	62.0	9.91669503534	11.1084203777
4140.0	61.0	12.6910461104	7.72064452073
4150.0	62.0	10.2742752566	11.1494698632
4150.0	61.0	12.7085147145	7.47196100943
4160.0	62.0	10.6512182679	11.0399250151
4160.0	61.0	12.5371961153	7.42971822488
4170.0	62.0	11.0283717444	10.9306188269
4170.0	61.0	12.3187333315	7.43878729727
4180.0	62.0	11.1839054604	10.5986430455
4180.0	61.0	12.1000600826	7.44809502946
4190.0	62.0	11.3394391764	10.2664286043
4200.0	62.0	11.3063961542	9.99984560799
4210.0	62.0	11.1923240648	9.76118580828
4220.0	62.0	11.0784624405	9.52252600857
4220.0	64.0	2.29406969492	11.3401590432
4230.0	64.0	2.92546502379	11.1396848114
4240.0	64.0	3.55686035267	10.9392105797
4250.0	64.0	4.18025800738	10.7069945945
4260.0	64.0	4.79860449946	10.4532992274
4270.0	64.0	5.41674052643	10.1998425202
4280.0	64.0	6.03129864654	9.9077229253
4290.0	64.0	6.64017420869	9.55832497852
4300.0	64.0	7.24904977083	9.20892703174
4310.0	64.0	7.88591719256	8.92038733389
4310.0	68.0	10.3127903717	9.61798992845
4320.0	64.0	8.54172647415	8.67241980199
4320.0	68.0	9.8918601524	9.48386312101
4330.0	64.0	9.19732529064	8.42469092988
4330.0	68.0	9.40779040026	9.27193321887
4340.0	64.0	9.80893689921	8.42469092988
4340.0	68.0	8.82901134879	8.94377599426
4350.0	64.0	10.4207589729	8.42469092988
4350.0	68.0	8.2607555528	8.69914969956
4360.0	64.0	11.0323705815	8.42469092988
4360.0	68.0	7.69776138455	8.47838938482
4370.0	64.0	11.6949147466	8.4962888698
4370.0	68.0	7.14529047179	8.26956206007
4380.0	64.0	12.3700868182	8.58578629469
4380.0	68.0	6.60860444224	8.06670123031
4390.0	64.0	13.0526251688	8.60010588267
4390.0	68.0	6.08244166818	7.86789761715
4400.0	64.0	13.7458972399	8.50201670499
4400.0	68.0	5.57837773062	7.67720843718
4410.0	64.0	14.439169311	8.40368886751
4410.0	68.0	5.07999635103	7.48890585521
4420.0	64.0	15.1324413821	8.30536103003
4420.0	68.0	4.49174636963	7.4134893585
4430.0	68.0	3.89360452807	7.35072183117
4440.0	68.0	3.32366501121	7.29105688125
4450.0	68.0	2.75351502923	7.23139193132
4460.0	68.0	2.16484411761	7.11898316565
4470.0	68.0	1.56354529941	6.97125274963
4480.0	68.0	0.986449968815	6.69345274276
4490.0	68.0	0.433979056048	6.28558314505
4500.0	68.0	-0.118491856719	5.87795220714
4530.0	72.0	7.18191140086	7.59367750728
4540.0	72.0	6.9880730349	7.92660792788
4550.0	72.0	6.79423466893	8.25953834848
4560.0	72.0	6.60039630297	8.59246876908
4570.0	72.0	6.31584747475	8.93780949927
4580.0	72.0	5.94100911451	9.29579919884
4590.0	72.0	5.56617075427	9.65378889841
4600.0	72.0	5.1580789067	9.98695797881
4610.0	72.0	4.67232543369	10.2623713877
4620.0	72.0	4.18657196067	10.5377847965
4630.0	72.0	3.67261616297	10.7680915033
4640.0	72.0	3.1464533889	10.979305426
4640.0	75.0	-0.100391857291	11.4814456446
4650.0	72.0	2.62071154506	11.1816889362
4650.0	75.0	0.466180217821	11.2976775988
4660.0	72.0	2.09875807319	11.305792032
4660.0	75.0	1.03296275804	11.1141482129
4670.0	72.0	1.57680460131	11.4298951279
4670.0	75.0	1.59953483315	10.9306188269
4680.0	72.0	1.1259883365	11.5272683262
4680.0	75.0	2.1755778382	11.0060353236
4680.0	76.0	0.327694175687	7.05502233933
4690.0	72.0	0.722526721344	11.6067420395
4690.0	75.0	2.76488014515	11.0470848091
4690.0	76.0	0.898896483211	7.37029193475
4700.0	72.0	0.319275571302	11.6864544126
4700.0	75.0	3.45773128604	10.859020887
4700.0	76.0	1.47030925584	7.68580018997
4710.0	72.0	-0.0841860438502	11.7659281259
4710.0	75.0	4.10912080033	10.859020887
4710.0	76.0	1.92933365994	8.11443319026
4720.0	75.0	4.77461147696	10.8544863508
4720.0	76.0	2.34016155393	8.59175278968
4730.0	75.0	5.49608587276	10.8318136698
4730.0	76.0	2.6676452645	9.06310589412
4740.0	75.0	6.21040445483	10.799355937
4740.0	76.0	2.93956618614	9.53040178196
4750.0	75.0	6.85947885292	10.6800260372
4750.0	76.0	3.24116268823	9.96667189583
4760.0	75.0	7.50834278589	10.5606961373
4760.0	76.0	3.66209290748	10.2778842747
4770.0	75.0	8.07807183765	10.2819414913
4770.0	76.0	4.08302312674	10.5893353133
4780.0	75.0	8.61370554164	9.93469148267
4780.0	76.0	4.52752543826	10.7456574821
4790.0	75.0	9.05694506252	9.4960347708
4790.0	76.0	4.97476379622	10.8847961453
4800.0	75.0	9.31097644983	8.8256393934
4800.0	76.0	5.39316843415	10.9067528469
4810.0	75.0	9.50565667624	8.14951618082
4810.0	76.0	5.78252888696	10.811288927
4820.0	75.0	9.70370434439	7.53186461916
4820.0	76.0	6.00267539163	10.6606945934
4830.0	75.0	9.7234880647	6.86600377796
4830.0	76.0	6.05339748305	10.454969846
4840.0	75.0	9.61446713791	6.22353159713
4840.0	76.0	6.10411957447	10.2492450987
4850.0	75.0	9.25099389359	5.64860013962
4850.0	76.0	6.02351143748	9.96643323603
4860.0	75.0	8.88057530065	5.0834537339
4860.0	76.0	5.85513934978	9.63230951643
4870.0	75.0	8.44912182592	4.60613413447
4870.0	76.0	5.68676726208	9.29818579684
4880.0	75.0	8.01766835118	4.12881453504
4910.0	79.0	0.0841860438502	8.32922701
4920.0	79.0	0.538369750422	8.32922701
4930.0	79.0	1.00013020094	8.3246924738
4940.0	79.0	1.53008134698	8.28054041086
4950.0	79.0	2.06024295812	8.23638834791
4960.0	79.0	2.58177549978	8.17815535678
4960.0	82.0	14.9430227834	9.93039560628
4970.0	79.0	3.09025920463	8.09844298368
4970.0	82.0	14.3116274545	10.0597492177
4980.0	79.0	3.5989533746	8.01896927037
4980.0	82.0	13.6802321257	10.189341489
4990.0	79.0	4.15521265934	7.87410277195
4990.0	82.0	13.0488367968	10.3189337602
5000.0	79.0	4.71147194408	7.72923627352
5000.0	82.0	12.4490112343	10.4353997425
5010.0	79.0	5.27004634502	7.59105224949
5010.0	82.0	11.8626554389	10.5461378895
5020.0	79.0	5.83830214101	7.47959812302
5020.0	82.0	11.2765101086	10.6571146964
5030.0	79.0	6.406557937	7.36814399655
5030.0	82.0	10.6564798957	10.7635569671
5040.0	79.0	6.97334047722	7.2490527565
5040.0	82.0	10.0328717758	10.8695219181
5050.0	79.0	7.53465092459	7.09869708268
5050.0	82.0	9.40589621427	10.9869425396
5060.0	79.0	8.09596137197	6.94858006866
5060.0	82.0	8.76481949036	11.149708523
5070.0	79.0	8.65137879627	6.84261511758
5070.0	82.0	8.12395323155	11.3124745064
5080.0	79.0	9.20132412772	6.78104088926
5080.0	82.0	7.44583464833	11.4451693551
5090.0	79.0	9.75126945917	6.71946666093
5090.0	82.0	6.76771606512	11.5776255439
5100.0	79.0	10.3047926975	6.6593243914
5100.0	82.0	6.09864748162	11.7062631759
5110.0	79.0	10.8635775635	6.60180737967
5110.0	82.0	5.4510463393	11.8255930758
5120.0	79.0	11.4223624296	6.54429036794
5120.0	82.0	4.80344519698	11.9449229757
5130.0	79.0	11.9941961324	6.47126046923
5130.0	82.0	4.14174289232	12.026783287
5140.0	79.0	12.578868207	6.38271768354
5140.0	82.0	3.47414756459	12.0926533917
5150.0	79.0	13.1633298164	6.29441355764
5150.0	82.0	2.80634177175	12.1585234964
5160.0	79.0	13.7637867742	6.20276819455
5160.0	82.0	2.20525341866	12.2494528801
5170.0	79.0	14.3680321039	6.11040685206
5170.0	82.0	1.62058134412	12.3465874186
5180.0	79.0	14.9722774337	6.01804550957
5180.0	82.0	1.03254182782	12.4554162872
5190.0	82.0	0.412722079976	12.6675848492
5200.0	82.0	-0.206887202762	12.8797534111
5230.0	87.0	5.09788588535	11.2179652257
5240.0	87.0	5.61247307838	11.1559136778
5250.0	87.0	6.12684980631	11.0941007897
5260.0	87.0	6.64143699934	11.0322879016
5270.0	87.0	7.14865791354	10.9320507857
5280.0	87.0	7.6550369673	10.8277564532
5290.0	87.0	8.16141602106	10.7232234609
5300.0	87.0	8.68442181848	10.6363512938
5310.0	87.0	9.21437296452	10.5566389207
5320.0	87.0	9.74453457566	10.4771652074
5330.0	87.0	10.2618578151	10.3876677825
5340.0	87.0	10.7793915197	10.2981703576
5350.0	87.0	11.2971356894	10.1688167462
5360.0	87.0	11.8150903242	10.0127332372
5370.0	87.0	12.3332554241	9.85664972817
5380.0	87.0	12.8594181981	9.66381261
5390.0	87.0	13.3855809722	9.47121415163
5400.0	87.0	13.8976425839	9.29174198224
5410.0	87.0	14.3888681498	9.13279455563
5420.0	87.0	14.8798832505	8.97360846923
5430.0	87.0	15.3708983513	8.81442238282
5670.0	96.0	0.228986039273	11.4671260566
5680.0	96.0	0.742520906759	11.2857446088
5690.0	96.0	1.25605577425	11.1043631611
5700.0	96.0	1.73675808463	10.9265616103
5710.0	96.0	2.20356969778	10.7499533585
5720.0	96.0	2.69395340321	10.5933925299
5730.0	96.0	3.22011617727	10.4659481968
5740.0	96.0	3.74627895133	10.3387425236
5750.0	96.0	4.29580335257	10.2093889121
5760.0	96.0	4.88047542711	10.0766940635
5770.0	96.0	5.46514750165	9.94423787466
5780.0	96.0	6.00877887981	9.80509921143
5790.0	96.0	6.53494165387	9.6635739502
5800.0	96.0	7.06110442794	9.52181002917
5810.0	96.0	7.55022534271	9.35379353017
5820.0	96.0	8.00230439818	9.1592857934
5830.0	96.0	8.45438345366	8.96477805664
5840.0	96.0	8.9691811118	8.7425857831
5850.0	96.0	9.49955318806	8.51347237538
5860.0	96.0	10.0385543338	8.29128010184
5870.0	96.0	10.5973391999	8.08555535449
5880.0	96.0	11.1561240659	7.87983060714
5890.0	96.0	11.7370077685	7.67696977738
5900.0	96.0	12.3507240282	7.47792750442
5910.0	96.0	12.9646507529	7.27912389126
5920.0	96.0	13.540693758	7.10943677366
5930.0	96.0	14.116736763	6.93998831587
5940.0	96.0	14.6927797681	6.77030119827
5950.0	96.0	15.268612308	6.60085274047
5970.0	98.0	14.748342557	8.76859970127
5980.0	98.0	14.2747960604	8.83566310499
5990.0	98.0	13.8012495637	8.90272650871
6000.0	98.0	13.3041309748	8.98768939741
6010.0	98.0	12.751660062	9.11465641086
6020.0	98.0	12.1991891492	9.2413847645
6030.0	98.0	11.6502961433	9.36859043775
6040.0	98.0	11.1336042992	9.4986600286
6050.0	98.0	10.6169124551	9.62872961944
6060.0	98.0	10.100431076	9.75903787008
6070.0	98.0	9.54817062838	9.87192395535
6080.0	98.0	8.98686018101	9.98027550442
6090.0	98.0	8.42554973364	10.0888657133
6100.0	98.0	7.86844858846	10.1907734478
6110.0	98.0	7.31513581525	10.2862373676
6120.0	98.0	6.76203350716	10.3817012875
6130.0	98.0	6.20872073395	10.4771652074
6140.0	98.0	5.66277423958	10.5890966535
6150.0	98.0	5.11682774522	10.7010280996
6160.0	98.0	4.57109171596	10.8127208858
6170.0	98.0	4.01798940786	10.9392105797
6180.0	98.0	3.46320337889	11.0695188303
6190.0	98.0	2.90820688481	11.1995884212
6200.0	98.0	2.3593138789	11.3456482186
6210.0	98.0	1.81610343096	11.507220903
6220.0	98.0	1.27289298302	11.6690322472
6230.0	98.0	0.752202301802	11.8263090552
6240.0	98.0	0.264765107909	11.9769033888
6250.0	98.0	-0.222672085984	12.1277363822
6290.0	104.0	0.542368587505	13.7658972475
6300.0	104.0	1.19775693888	13.6704333276
6310.0	104.0	1.85335575536	13.5749694077
6320.0	104.0	2.50874410674	13.4795054878
6330.0	104.0	3.16118594658	13.3864281659
6340.0	104.0	3.8066824378	13.2988400194
6350.0	104.0	4.45196846391	13.2114905327
6360.0	104.0	5.11977425675	13.1200838294
6370.0	104.0	5.83935446656	13.0200853734
6380.0	104.0	6.55914514148	12.9198482575
6390.0	104.0	7.27788349085	12.795267842
6400.0	104.0	7.99346486358	12.5725982489
6410.0	104.0	8.7090462363	12.3499286558
6420.0	104.0	9.40779040026	12.1050637013
6430.0	104.0	10.0391857291	11.7728492601
6430.0	107.0	15.2561948665	8.16813164519
6440.0	104.0	10.670581058	11.4403961591
6440.0	107.0	14.6334286072	8.22779659512
6450.0	104.0	11.3051333635	11.0719054283
6450.0	107.0	14.0108728129	8.28746154505
6460.0	104.0	11.9447368317	10.6497162426
6460.0	107.0	13.3876856233	8.35380896937
6470.0	104.0	12.5841298347	10.2275270569
6470.0	107.0	12.7636565732	8.43614660027
6480.0	104.0	13.3192844627	9.90008581171
6480.0	107.0	12.1394170581	8.51848423117
6490.0	104.0	14.078221648	9.59627188668
6490.0	107.0	11.5257007984	8.64545124462
6500.0	104.0	14.8371588333	9.29245796164
6500.0	107.0	10.9271380266	8.83948166179
6510.0	104.0	15.5960960186	8.98888269641
6510.0	107.0	10.3285752549	9.03327341915
6520.0	107.0	9.71948922762	9.21370022774
6530.0	107.0	9.06852064354	9.34066724118
6540.0	107.0	8.41734159436	9.46739559483
6550.0	107.0	7.76616254518	9.59412394848
6560.0	107.0	7.17812302889	9.67837085778
6570.0	107.0	6.59008351259	9.76261776708
6580.0	107.0	6.0020439963	9.84686467638
6590.0	107.0	5.39548355036	9.88481158453
6600.0	107.0	4.77692659317	9.89197137852
6610.0	107.0	4.15836963598	9.89936983231
6620.0	107.0	3.52992081864	9.90223374991
6630.0	107.0	2.87874176946	9.89459663632
6640.0	107.0	2.22756272028	9.88719818253
6650.0	107.0	1.58374994993	9.89674457452
6660.0	107.0	1.00497089846	10.0585559187
6670.0	107.0	0.426191846992	10.2206059227
6680.0	107.0	-0.152587204479	10.3826559267
7170.0	116.0	0.0841860438502	11.0499487267
7180.0	116.0	0.602351143748	10.967372436
7190.0	116.0	1.12030577854	10.8847961453
7200.0	116.0	1.60963715842	10.794582741
7210.0	116.0	2.05624412104	10.693390986
7220.0	116.0	2.50264061856	10.5921992309
7230.0	116.0	2.95577199958	10.489575517
7240.0	116.0	3.47035919262	10.3745414935
7250.0	116.0	3.98473592054	10.2597461299
7260.0	116.0	4.50521613664	10.149962622
7270.0	116.0	5.03432542224	10.0475775679
7280.0	116.0	5.56343470784	9.94519251386
7290.0	116.0	6.09275445855	9.84304611958
7290.0	118.0	15.1713774274	8.90559042631
7300.0	116.0	6.57850793157	9.7468662203
7300.0	118.0	14.5555565166	8.88792960113
7310.0	116.0	7.05963117217	9.65140230041
7310.0	118.0	13.9397356058	8.87026877595
7320.0	116.0	7.54075441277	9.55593838053
7320.0	118.0	13.3207577184	8.86000640456
7330.0	116.0	8.0397671877	9.45665590385
7330.0	118.0	12.6725251808	8.91728475649
7340.0	116.0	8.56592996176	9.35116827237
7340.0	118.0	12.0242926431	8.97456310842
7350.0	116.0	9.09209273582	9.2459193007
7350.0	118.0	11.4206787087	9.14067032903
7360.0	116.0	9.61825550989	9.14067032903
7360.0	118.0	10.8465298897	9.37933012874
7370.0	116.0	10.1334740982	9.00893011958
7370.0	118.0	10.2456520017	9.61798992845
7380.0	116.0	10.6489031517	8.87742856994
7380.0	118.0	9.60415434754	9.85664972817
7390.0	116.0	11.1679101121	8.74998423689
7390.0	118.0	8.98159855327	10.0666703519
7400.0	116.0	11.7203810248	8.660486812
7400.0	118.0	8.4028195018	10.2098662317
7410.0	116.0	12.2728519376	8.57098938711
7410.0	118.0	7.78720905614	10.3459023176
