850	4.0	-1.32	5.11
850	5.0	-1.48	4.43
850	6.0	11.84	5.82
860	4.0	-0.33	5.06
860	5.0	-0.49	4.38
860	6.0	10.91	5.92
870	4.0	0.76	5.0
870	5.0	0.6	4.23
870	6.0	10.0	5.89
880	4.0	1.76	4.89
880	5.0	1.6	4.13
880	6.0	9.09	6.02
890	4.0	2.81	4.83
890	5.0	2.67	4.07
890	6.0	8.23	6.04
900	4.0	3.8	4.77
900	5.0	3.7	4.02
900	6.0	7.4	6.15
910	4.0	4.97	4.69
910	5.0	4.75	4.04
910	6.0	6.52	6.15
920	4.0	5.97	4.7
920	5.0	5.76	4.06
920	6.0	5.7	6.21
930	4.0	6.97	4.67
930	5.0	6.76	4.04
930	6.0	4.96	6.1
940	4.0	8.12	4.95
940	5.0	7.82	4.17
940	6.0	4.08	6.2
950	4.0	9.11	5.01
950	5.0	8.85	4.21
950	6.0	3.31	6.2
960	4.0	10.12	5.13
960	5.0	9.93	4.29
960	6.0	2.71	6.39
970	4.0	11.01	5.32
970	5.0	10.82	4.49
970	6.0	2.13	6.29
980	4.0	11.93	5.47
980	5.0	11.75	4.36
980	6.0	1.52	6.17
990	6.0	0.9	6.12
1000	6.0	0.48	6.01
1010	6.0	-0.29	5.95
1020	6.0	-0.75	5.65
1050	9.0	12.83	4.68
1050	12.0	12.09	6.95
1060	9.0	12.83	4.68
1060	12.0	11.4	6.93
1070	9.0	12.83	4.68
1070	12.0	10.7	6.87
1070	13.0	11.87	6.09
1080	9.0	12.83	4.64
1080	12.0	10.07	6.73
1080	13.0	11.34	6.14
1090	9.0	12.83	4.57
1090	12.0	9.45	6.51
1090	13.0	10.43	5.53
1100	9.0	12.88	4.55
1100	12.0	8.9	6.33
1100	13.0	9.72	5.35
1110	12.0	8.21	6.23
1110	13.0	8.99	5.21
1120	12.0	7.49	6.06
1120	13.0	8.27	5.01
1120	20.0	12.81	6.52
1130	12.0	6.73	5.97
1130	13.0	7.58	4.9
1130	20.0	12.07	6.94
1140	12.0	5.98	5.8
1140	13.0	6.84	4.67
1140	20.0	11.12	7.33
1150	12.0	5.21	5.74
1150	13.0	6.09	4.44
1150	20.0	10.12	7.5
1150	21.0	11.33	5.2
1160	12.0	4.45	5.61
1160	13.0	5.38	4.17
1160	20.0	8.99	7.48
1160	21.0	10.52	4.69
1170	12.0	3.76	5.6
1170	13.0	4.68	3.91
1170	20.0	7.98	7.51
1170	21.0	9.65	4.34
1180	12.0	3.03	5.39
1180	13.0	4.01	3.71
1180	20.0	7.05	7.62
1180	21.0	8.73	4.0
1190	12.0	2.28	5.24
1190	13.0	3.3	3.57
1190	20.0	5.9	7.71
1190	21.0	7.79	3.79
1200	12.0	1.57	5.06
1200	13.0	2.59	3.42
1200	20.0	4.87	7.68
1200	21.0	6.83	3.62
1210	12.0	0.83	4.87
1210	13.0	1.89	3.28
1210	20.0	3.91	7.71
1210	21.0	5.85	3.4
1220	12.0	0.11	4.68
1220	13.0	1.22	3.06
1220	20.0	2.95	7.8
1220	21.0	4.91	3.24
1220	22.0	11.86	5.17
1230	12.0	-0.65	4.3
1230	13.0	0.53	2.76
1230	20.0	1.93	7.8
1230	21.0	3.92	3.09
1230	22.0	10.95	4.94
1240	12.0	-1.48	3.9
1240	13.0	-0.07	2.47
1240	20.0	0.95	7.68
1240	21.0	3.05	2.8
1240	22.0	9.91	4.75
1250	22.0	8.85	4.57
1260	22.0	7.86	4.39
1270	22.0	6.83	4.22
1280	22.0	5.63	3.98
1290	22.0	4.67	3.78
1300	22.0	3.67	3.55
1310	22.0	2.7	3.31
1320	22.0	1.81	2.84
1330	22.0	0.82	2.5
1340	22.0	-0.05	2.23
1350	22.0	-0.91	1.87
1360	22.0	-2.02	1.55
1450	28.0	10.02	4.29
1450	29.0	9.75	5.33
1450	30.0	3.08	2.76
1460	28.0	8.88	4.1
1460	29.0	8.8	5.32
1460	30.0	3.84	3.11
1470	28.0	7.93	4.1
1470	29.0	7.83	5.34
1470	30.0	4.4	3.13
1480	28.0	7.01	4.1
1480	29.0	6.81	5.19
1480	30.0	5.15	3.33
1490	28.0	5.86	4.08
1490	29.0	5.85	5.23
1490	30.0	5.91	3.45
1500	28.0	4.87	4.04
1500	29.0	4.94	5.16
1500	30.0	6.78	3.53
1510	28.0	3.96	3.87
1510	29.0	4.0	5.04
1510	30.0	7.64	3.7
1520	28.0	2.96	3.82
1520	29.0	3.06	4.94
1520	30.0	8.42	3.89
1530	28.0	2.03	3.74
1530	29.0	2.16	4.86
1530	30.0	9.18	4.03
1530	33.0	13.1	6.2
1540	28.0	1.13	3.62
1540	29.0	1.15	4.86
1540	30.0	9.92	4.16
1540	33.0	12.12	6.46
1540	34.0	12.56	5.64
1550	28.0	0.2	3.61
1550	29.0	0.2	4.89
1550	30.0	10.67	4.32
1550	33.0	11.31	6.59
1550	34.0	11.53	5.82
1560	28.0	-0.72	3.51
1560	29.0	-0.81	4.91
1560	30.0	11.47	4.53
1560	33.0	10.51	6.7
1560	34.0	10.55	5.83
1570	28.0	-1.79	3.53
1570	29.0	-1.7	5.02
1570	30.0	12.22	4.83
1570	33.0	9.66	6.78
1570	34.0	9.71	5.86
1580	33.0	8.81	6.95
1580	34.0	8.85	6.02
1590	33.0	7.96	7.14
1590	34.0	7.96	6.2
1600	33.0	7.11	7.21
1600	34.0	7.14	6.22
1610	33.0	6.29	7.28
1610	34.0	6.26	6.26
1620	33.0	5.36	7.44
1620	34.0	5.2	6.39
1630	33.0	4.48	7.73
1630	34.0	4.34	6.66
1640	33.0	3.57	8.01
1640	34.0	3.47	6.93
1650	33.0	2.85	8.3
1650	34.0	2.72	7.22
1660	33.0	2.02	8.57
1660	34.0	1.65	7.59
1670	33.0	0.96	9.03
1670	34.0	0.67	8.02
1680	33.0	0.19	9.45
1680	34.0	0.01	8.48
1810	37.0	13.06	5.51
1820	37.0	11.87	5.44
1830	37.0	10.66	5.55
1840	37.0	9.48	5.73
1850	37.0	8.3	5.82
1860	37.0	7.17	5.95
1870	37.0	6.03	5.92
1880	37.0	4.96	5.9
1890	37.0	3.83	5.9
1900	37.0	2.75	5.89
1910	37.0	1.68	6.0
1920	37.0	0.54	6.14
1930	37.0	-0.55	6.21
1930	38.0	10.9	4.26
1940	38.0	9.56	3.88
1950	38.0	8.21	3.63
1960	38.0	6.86	3.4
1970	38.0	5.58	3.13
1970	39.0	11.13	5.34
1980	38.0	4.39	3.0
1980	39.0	9.81	5.26
1980	40.0	-2.42	-0.46
1990	38.0	2.93	2.94
1990	39.0	8.47	5.21
1990	40.0	-1.9	0.3
2000	38.0	1.61	2.86
2000	39.0	7.17	5.13
2000	40.0	-1.01	0.95
2010	38.0	0.37	2.62
2010	39.0	5.79	4.92
2010	40.0	-0.1	1.36
2020	38.0	-0.8	1.92
2020	39.0	4.52	4.83
2020	40.0	0.91	1.73
2030	38.0	-1.74	1.01
2030	39.0	3.25	4.68
2030	40.0	1.84	2.14
2040	39.0	1.99	4.55
2040	40.0	2.83	2.52
2050	39.0	0.72	4.56
2050	40.0	3.9	2.96
2060	39.0	-0.55	4.5
2060	40.0	4.87	3.24
2070	40.0	5.84	3.5
2080	40.0	6.85	3.54
2090	40.0	7.85	3.65
2100	40.0	8.84	3.75
2110	40.0	9.86	3.79
2120	40.0	10.88	3.93
2130	40.0	11.88	4.16
2130	43.0	13.18	5.2
2130	44.0	12.92	6.06
2140	40.0	12.78	4.47
2140	43.0	12.28	5.28
2140	44.0	11.83	6.18
2150	43.0	11.31	5.35
2150	44.0	10.89	6.19
2160	43.0	10.37	5.32
2160	44.0	10.01	6.21
2170	43.0	9.39	5.21
2170	44.0	9.12	6.21
2180	43.0	8.53	5.04
2180	44.0	8.24	6.2
2180	45.0	12.38	5.2
2190	43.0	7.68	4.89
2190	44.0	7.35	6.11
2190	45.0	11.22	5.05
2200	43.0	6.78	4.81
2200	44.0	6.36	5.94
2200	45.0	10.23	4.79
2200	46.0	11.93	5.31
2210	43.0	5.93	4.71
2210	44.0	5.51	5.74
2210	45.0	9.17	4.62
2210	46.0	11.04	5.19
2210	47.0	12.84	5.19
2220	43.0	5.05	4.64
2220	44.0	4.56	5.69
2220	45.0	8.08	4.51
2220	46.0	10.12	5.01
2220	47.0	11.56	4.72
2230	43.0	4.19	4.49
2230	44.0	3.7	5.86
2230	45.0	7.03	4.31
2230	46.0	9.19	4.81
2230	47.0	10.41	4.34
2240	43.0	3.26	4.33
2240	44.0	2.75	5.68
2240	45.0	5.93	4.19
2240	46.0	8.27	4.56
2240	47.0	9.26	3.93
2240	48.0	-4.44	4.62
2250	43.0	2.3	4.05
2250	44.0	1.8	5.37
2250	45.0	4.79	4.13
2250	46.0	7.3	4.36
2250	47.0	8.29	3.63
2250	48.0	-3.49	5.09
2260	43.0	1.15	3.51
2260	44.0	0.65	4.97
2260	45.0	3.76	3.96
2260	46.0	6.35	4.26
2260	47.0	6.9	3.22
2260	48.0	-2.54	5.45
2270	43.0	0.07	3.05
2270	44.0	-0.21	4.77
2270	45.0	2.72	3.76
2270	46.0	5.25	4.18
2270	47.0	5.57	3.01
2270	48.0	-1.5	5.69
2270	49.0	11.67	6.02
2280	43.0	-0.79	2.67
2280	44.0	-1.23	4.46
2280	45.0	1.72	3.61
2280	46.0	4.32	4.14
2280	47.0	4.52	2.82
2280	48.0	-0.43	5.77
2280	49.0	10.36	5.96
2290	43.0	-1.73	2.2
2290	44.0	-2.04	4.48
2290	45.0	0.72	3.46
2290	46.0	3.39	3.94
2290	47.0	3.38	2.61
2290	48.0	0.55	5.66
2290	49.0	9.13	6.05
2300	45.0	-0.3	3.4
2300	46.0	2.49	3.74
2300	47.0	2.72	2.4
2300	48.0	1.63	5.58
2300	49.0	7.99	6.26
2310	48.0	2.65	5.56
2310	49.0	6.67	6.23
2320	48.0	3.64	5.53
2320	49.0	5.48	6.3
2330	48.0	4.76	5.48
2330	49.0	4.26	6.41
2340	48.0	5.92	5.51
2350	48.0	6.98	5.57
2360	48.0	8.05	5.65
2370	48.0	9.1	5.7
2380	48.0	10.2	5.63
2390	48.0	11.29	5.57
2860	50.0	7.5	7.25
2860	53.0	4.66	6.69
2860	55.0	2.09	3.92
2860	56.0	12.32	3.35
2860	57.0	1.25	7.97
2870	50.0	6.43	7.55
2870	53.0	5.88	6.59
2870	55.0	3.11	4.09
2870	56.0	12.42	3.22
2870	57.0	2.22	7.53
2880	50.0	5.34	7.82
2880	53.0	7.16	6.58
2880	55.0	4.27	4.14
2880	56.0	12.49	3.21
2880	57.0	3.34	7.14
2890	50.0	4.28	8.12
2890	53.0	8.37	6.64
2890	55.0	5.39	4.29
2890	56.0	12.65	3.36
2890	57.0	4.38	6.75
2900	50.0	3.22	8.38
2900	53.0	9.59	6.68
2900	55.0	6.52	4.44
2900	56.0	12.79	3.45
2900	57.0	5.41	6.41
2910	50.0	2.15	8.75
2910	53.0	10.83	6.8
2910	55.0	7.44	4.48
2910	56.0	12.79	3.47
2910	57.0	6.48	6.11
2920	50.0	1.12	9.16
2920	53.0	12.24	6.7
2920	55.0	8.88	4.54
2920	56.0	12.79	3.38
2920	57.0	7.72	6.04
2930	50.0	0.12	9.62
2930	55.0	9.98	4.68
2930	56.0	12.78	3.16
2930	57.0	9.05	6.21
2940	55.0	11.25	4.85
2940	56.0	12.78	3.08
2940	57.0	10.46	6.39
2950	55.0	12.49	5.52
2950	56.0	12.78	3.08
2950	57.0	11.69	6.38
2960	56.0	12.78	3.08
2970	56.0	12.78	3.08
2980	56.0	12.78	3.08
2990	56.0	12.78	3.15
3000	56.0	12.82	3.24
3010	56.0	12.82	3.24
3010	59.0	-1.06	1.16
3010	60.0	-1.16	1.71
3020	56.0	12.82	3.24
3020	59.0	-0.16	1.58
3020	60.0	-0.23	2.16
3030	56.0	12.82	3.2
3030	59.0	0.89	2.07
3030	60.0	0.72	2.57
3040	56.0	12.82	3.11
3040	59.0	1.8	2.54
3040	60.0	1.68	2.95
3050	56.0	12.82	3.01
3050	59.0	2.78	2.76
3050	60.0	2.7	3.27
3060	56.0	12.82	3.01
3060	59.0	3.82	3.05
3060	60.0	3.76	3.54
3070	56.0	12.59	3.01
3070	59.0	4.72	3.32
3070	60.0	4.66	3.84
3080	56.0	12.59	3.01
3080	59.0	5.78	3.51
3080	60.0	5.63	4.02
3090	56.0	12.59	3.01
3090	59.0	6.83	3.7
3090	60.0	6.69	4.21
3100	56.0	12.59	3.01
3100	59.0	7.85	3.93
3100	60.0	7.71	4.44
3100	61.0	12.65	5.17
3110	56.0	12.59	3.01
3110	59.0	8.86	4.13
3110	60.0	8.72	4.63
3110	61.0	11.91	4.78
3120	56.0	12.59	3.01
3120	59.0	9.93	4.33
3120	60.0	9.79	4.82
3120	61.0	11.19	4.22
3130	56.0	12.54	3.01
3130	59.0	10.99	4.58
3130	60.0	10.86	5.06
3130	61.0	10.19	3.71
3140	56.0	12.52	3.01
3140	59.0	12.03	4.74
3140	60.0	11.89	5.22
3140	61.0	9.11	3.67
3150	56.0	12.52	3.01
3150	61.0	8.21	3.76
3160	56.0	12.55	3.1
3160	61.0	7.24	3.75
3170	56.0	12.6	3.23
3170	61.0	6.24	3.71
3170	63.0	10.56	6.37
3180	61.0	5.26	3.6
3180	63.0	9.49	6.2
3190	61.0	4.19	3.4
3190	63.0	8.54	5.78
3200	61.0	3.24	3.19
3200	63.0	7.58	5.46
3210	61.0	2.47	3.11
3210	63.0	6.56	5.18
3220	61.0	1.45	2.8
3220	63.0	5.58	4.98
3230	61.0	0.52	2.39
3230	63.0	4.63	4.68
3240	61.0	-0.48	1.97
3240	63.0	3.68	4.42
3250	61.0	-1.24	1.33
3250	63.0	2.7	4.08
3650	64.0	6.93	4.35
3650	65.0	3.91	7.35
3650	67.0	1.21	8.43
3660	64.0	5.96	4.02
3660	65.0	3.16	7.37
3660	67.0	0.4	8.89
3670	64.0	4.97	3.71
3670	65.0	2.3	7.29
3670	67.0	-0.34	9.52
3680	64.0	3.85	3.46
3680	65.0	1.54	7.24
3680	67.0	-1.06	10.11
3690	64.0	2.74	3.33
3700	64.0	1.64	3.02
3710	64.0	0.72	2.76
3720	64.0	-0.16	2.53
3730	64.0	-1.03	2.18
4200	73.0	-2.45	6.8
4210	73.0	-1.64	6.72
4220	73.0	-0.67	6.63
4230	73.0	0.26	6.57
4240	73.0	1.2	6.6
4250	73.0	2.09	6.64
4260	73.0	2.97	6.55
4270	73.0	3.97	6.61
4280	73.0	4.93	6.79
4290	73.0	5.77	6.75
4300	73.0	6.88	6.75
4310	73.0	7.82	6.8
4310	77.0	12.07	4.37
4320	73.0	8.83	6.68
4320	77.0	10.97	4.17
4330	73.0	9.78	6.63
4330	77.0	9.63	3.83
4330	79.0	-3.78	5.15
4340	73.0	10.78	6.59
4340	77.0	8.46	3.63
4340	79.0	-3.09	5.12
4350	73.0	11.78	6.38
4350	77.0	7.33	3.45
4350	79.0	-2.34	5.19
4360	73.0	12.66	6.2
4360	77.0	6.04	3.25
4360	79.0	-1.61	5.17
4370	77.0	5.05	3.17
4370	79.0	-0.84	5.31
4380	77.0	3.72	3.11
4380	79.0	-0.13	5.27
4390	77.0	2.58	2.93
4390	79.0	0.61	5.36
4400	77.0	1.36	2.87
4400	79.0	1.38	5.43
4410	77.0	0.25	2.74
4410	79.0	2.19	5.68
4420	77.0	-0.86	2.63
4420	79.0	2.94	5.83
4430	77.0	-1.98	2.65
4430	79.0	3.73	5.95
4440	77.0	-3.16	2.63
4440	79.0	4.53	6.04
4450	79.0	5.37	6.03
4460	79.0	6.19	6.0
4460	82.0	-3.79	6.99
4470	79.0	7.09	6.0
4470	82.0	-3.09	7.02
4480	79.0	7.95	5.99
4480	82.0	-1.93	7.07
4490	79.0	8.8	6.04
4490	82.0	-0.92	7.11
4500	79.0	9.68	6.04
4500	82.0	0.2	7.0
4510	79.0	10.51	5.99
4510	82.0	1.21	6.83
4520	79.0	11.33	5.98
4520	82.0	2.24	6.75
4530	82.0	3.27	6.62
4540	82.0	4.37	6.56
4550	82.0	5.48	6.48
4560	82.0	6.56	6.35
4570	82.0	7.6	6.12
4580	82.0	8.68	5.94
4590	82.0	9.78	5.78
4600	82.0	10.9	5.63
4610	82.0	11.99	5.62
4630	84.0	-0.73	9.29
4640	84.0	0.02	8.92
4650	84.0	0.76	8.61
4660	84.0	1.53	8.26
4670	84.0	2.33	7.84
4680	84.0	3.12	7.46
4690	84.0	3.96	6.94
4700	84.0	4.78	6.54
4710	84.0	5.59	6.18
4720	84.0	6.43	5.93
4730	84.0	7.29	5.8
4730	88.0	-1.99	5.65
4730	89.0	-1.74	6.64
4740	84.0	8.15	5.66
4740	88.0	-0.85	5.73
4740	89.0	-0.68	6.48
4750	84.0	9.04	5.58
4750	88.0	0.23	5.65
4750	89.0	0.41	6.5
4760	84.0	9.92	5.56
4760	88.0	1.32	5.68
4760	89.0	1.49	6.57
4770	84.0	10.78	5.43
4770	88.0	2.38	5.68
4770	89.0	2.48	6.54
4780	84.0	11.67	5.1
4780	88.0	3.48	5.82
4780	89.0	3.53	6.52
4790	88.0	4.57	5.82
4790	89.0	4.61	6.51
4800	88.0	5.62	5.66
4800	89.0	5.69	6.5
4810	88.0	6.66	5.72
4810	89.0	6.8	6.47
4810	92.0	-1.3	4.98
4810	94.0	-1.99	7.08
4810	95.0	-2.2	0.33
4820	88.0	7.64	5.54
4820	89.0	7.86	6.39
4820	92.0	-0.35	5.08
4820	94.0	-1.15	6.96
4820	95.0	-1.25	1.11
4830	88.0	8.65	5.47
4830	89.0	9.06	6.25
4830	92.0	0.44	4.92
4830	94.0	-0.36	6.78
4830	95.0	-0.15	1.51
4840	88.0	9.63	5.26
4840	89.0	10.03	6.13
4840	92.0	1.37	4.93
4840	94.0	0.54	6.69
4840	95.0	0.95	1.79
4850	88.0	10.54	5.09
4850	89.0	10.97	6.0
4850	92.0	2.36	4.92
4850	94.0	1.42	6.66
4850	95.0	1.96	2.18
4860	88.0	11.44	4.99
4860	89.0	11.97	5.85
4860	92.0	3.37	4.89
4860	94.0	2.32	6.59
4860	95.0	3.27	2.75
4870	88.0	12.14	4.83
4870	89.0	13.03	5.61
4870	92.0	4.28	5.0
4870	94.0	3.21	6.5
4870	95.0	4.39	2.96
4880	92.0	5.18	4.87
4880	94.0	4.09	6.36
4880	95.0	5.6	3.31
4890	92.0	6.06	4.82
4890	94.0	5.0	6.27
4890	95.0	6.91	3.5
4900	92.0	7.05	4.78
4900	94.0	5.87	6.19
4900	95.0	8.21	3.65
4900	97.0	12.76	6.78
4910	92.0	8.03	4.84
4910	94.0	6.74	6.04
4910	95.0	9.42	3.88
4910	97.0	12.0	6.96
4920	92.0	8.95	4.89
4920	94.0	7.6	5.96
4920	95.0	10.56	4.14
4920	97.0	11.21	7.13
4930	92.0	9.9	4.89
4930	94.0	8.44	5.85
4930	95.0	11.67	4.44
4930	97.0	10.34	7.26
4940	92.0	10.78	4.87
4940	94.0	9.31	5.79
4940	95.0	12.59	4.7
4940	97.0	9.47	7.22
4940	98.0	12.71	7.0
4940	99.0	12.92	6.28
4950	92.0	11.69	4.85
4950	94.0	10.11	5.73
4950	95.0	13.45	4.9
4950	97.0	8.59	7.12
4950	98.0	11.99	7.09
4950	99.0	12.12	6.43
4960	92.0	12.57	4.81
4960	94.0	10.86	5.63
4960	97.0	7.74	6.94
4960	98.0	11.33	7.17
4960	99.0	11.39	6.5
4960	100.0	12.77	6.74
4970	94.0	11.57	5.56
4970	97.0	6.92	6.82
4970	98.0	10.55	7.25
4970	99.0	10.6	6.58
4970	100.0	12.13	6.85
4970	101.0	12.72	6.41
4980	94.0	12.21	5.42
4980	97.0	6.12	6.62
4980	98.0	9.82	7.29
4980	99.0	9.86	6.49
4980	100.0	11.45	7.19
4980	101.0	11.61	6.48
4990	97.0	5.3	6.53
4990	98.0	9.01	7.28
4990	99.0	9.06	6.47
4990	100.0	10.55	7.25
4990	101.0	10.72	6.53
5110	103.0	3.76	4.07
5110	104.0	3.7	5.02
5110	105.0	3.54	6.15
5110	107.0	5.02	7.18
5110	108.0	3.55	8.86
5110	110.0	-3.0	5.3
5120	103.0	2.8	3.57
5120	104.0	2.92	4.64
5120	105.0	2.68	5.6
5120	107.0	4.15	6.96
5120	108.0	2.91	8.86
5120	110.0	-2.07	5.44
5130	103.0	2.16	3.16
5130	104.0	2.0	4.16
5130	105.0	1.86	5.08
5130	107.0	3.31	6.34
5130	108.0	1.49	9.17
5130	110.0	-1.12	5.6
5140	103.0	1.46	2.71
5140	104.0	1.38	3.72
5140	105.0	1.07	4.58
5140	107.0	2.59	5.93
5140	108.0	0.62	9.39
5140	110.0	-0.39	5.84
5150	103.0	0.73	2.3
5150	104.0	0.67	3.22
5150	105.0	0.24	4.05
5150	107.0	1.89	5.23
5150	108.0	-0.12	9.74
5150	110.0	0.53	6.07
5160	103.0	-0.1	1.84
5160	104.0	-0.13	2.73
5160	105.0	-0.62	3.57
5160	107.0	1.12	4.55
5160	108.0	-0.94	10.2
5160	110.0	1.4	6.25
5170	103.0	-0.92	1.52
5170	104.0	-1.0	2.38
5170	105.0	-1.35	2.88
5170	107.0	0.49	4.08
5170	108.0	-1.64	10.84
5170	110.0	2.23	6.32
5180	103.0	-1.61	0.91
5180	104.0	-1.77	1.6
5180	105.0	-2.14	2.15
5180	107.0	-0.1	3.27
5180	110.0	3.11	6.3
5190	110.0	3.98	6.28
5200	110.0	4.87	6.27
5210	110.0	5.82	6.19
5220	110.0	6.71	6.14
5230	110.0	7.65	6.13
5240	110.0	8.56	6.09
5250	110.0	9.48	5.95
5260	110.0	10.46	6.1
5270	110.0	11.36	6.02
5280	110.0	12.21	5.97
5290	110.0	12.95	5.87
5400	113.0	12.43	6.53
5410	113.0	11.74	6.57
5420	113.0	11.01	6.55
5430	113.0	10.22	6.55
5440	113.0	9.35	6.56
5450	113.0	8.52	6.54
5460	113.0	7.68	6.52
5470	113.0	6.89	6.39
5480	113.0	6.06	6.39
5490	113.0	5.22	6.47
5500	113.0	4.42	6.48
5510	113.0	3.56	6.61
5520	113.0	2.75	6.75
5530	113.0	1.94	6.87
5540	113.0	1.12	7.05
5550	113.0	0.28	7.12
5550	119.0	12.96	6.37
5560	113.0	-0.5	7.2
5560	119.0	11.82	6.79
5570	113.0	-1.23	7.22
5570	119.0	11.13	7.19
5580	119.0	10.54	7.55
5590	119.0	9.73	7.84
5600	119.0	8.8	8.01
5610	119.0	7.78	8.0
5620	119.0	6.78	8.05
5630	119.0	5.76	8.12
6230	121.0	10.73	5.96
6230	122.0	10.67	6.71
6240	121.0	9.8	6.2
6240	122.0	9.79	6.95
6250	121.0	8.86	6.38
6250	122.0	8.85	7.14
6260	121.0	7.79	6.62
6260	122.0	7.95	7.33
6270	121.0	6.88	6.85
6270	122.0	7.05	7.55
6280	121.0	6.01	7.01
6280	122.0	6.22	7.71
6290	121.0	5.14	7.18
6290	122.0	5.36	7.88
6300	121.0	4.25	7.31
6300	122.0	4.53	8.02
6310	121.0	3.29	7.63
6310	122.0	3.45	8.24
6320	121.0	2.4	7.86
6320	122.0	2.54	8.42
6330	121.0	1.52	8.07
6330	122.0	1.66	8.64
6340	121.0	0.71	8.43
6340	122.0	0.89	8.99
6340	123.0	-2.46	5.21
6340	124.0	9.9	6.58
6350	121.0	-0.1	8.8
6350	122.0	0.17	9.47
6350	123.0	-1.66	5.08
6350	124.0	8.75	6.63
6360	121.0	-0.84	9.26
6360	122.0	-0.52	9.95
6360	123.0	-0.88	4.85
6360	124.0	7.57	6.61
6370	121.0	-1.6	9.7
6370	122.0	-1.27	10.4
6370	123.0	0.08	4.78
6370	124.0	6.4	6.47
6380	123.0	1.02	4.72
6380	124.0	5.26	6.28
6390	123.0	1.94	4.67
6390	124.0	4.11	6.12
6400	123.0	2.92	4.57
6400	124.0	2.99	6.0
6400	125.0	-2.25	4.53
6410	123.0	3.83	4.5
6410	124.0	1.85	5.79
6410	125.0	-1.17	4.57
6420	123.0	4.81	4.47
6420	124.0	0.75	5.5
6420	125.0	-0.07	4.51
6430	123.0	5.75	4.33
6430	124.0	-0.28	5.05
6430	125.0	0.93	4.56
6440	123.0	6.69	4.38
6440	124.0	-1.26	4.41
6440	125.0	2.01	4.58
6450	123.0	7.62	4.43
6450	124.0	-2.33	3.58
6450	125.0	3.06	4.55
6460	123.0	8.54	4.68
6460	125.0	4.05	4.45
6470	123.0	9.45	4.91
6470	125.0	5.13	4.44
6480	123.0	10.37	5.02
6480	125.0	6.19	4.44
6480	128.0	-1.72	4.83
6490	123.0	11.32	5.15
6490	125.0	7.32	4.44
6490	128.0	-0.44	4.6
6500	123.0	12.31	5.24
6500	125.0	8.39	4.42
6500	128.0	0.86	4.38
6510	125.0	9.43	4.43
6510	128.0	1.97	4.17
6520	125.0	10.47	4.47
6520	128.0	3.14	3.96
6530	125.0	11.52	4.72
6530	128.0	4.32	3.75
6540	125.0	12.58	5.08
6540	128.0	5.47	3.64
6550	128.0	6.59	3.66
6560	128.0	7.61	3.69
6570	128.0	8.6	3.76
6580	128.0	9.57	3.81
6590	128.0	10.73	4.13
6600	128.0	11.97	4.52
6610	128.0	13.11	4.93
6800	130.0	10.45	3.88
6810	130.0	9.57	3.76
6810	132.0	11.98	5.84
6820	130.0	8.64	3.64
6820	132.0	10.83	5.96
6830	130.0	7.75	3.47
6830	132.0	9.66	6.05
6830	135.0	-3.17	-1.27
6840	130.0	6.94	3.3
6840	132.0	8.51	6.16
6840	135.0	-2.52	-0.43
6840	136.0	12.44	5.99
6850	130.0	5.97	3.07
6850	132.0	7.34	6.15
6850	135.0	-1.81	0.36
6850	136.0	11.54	6.36
6860	130.0	4.99	2.95
6860	132.0	6.18	6.15
6860	135.0	-0.95	1.04
6860	136.0	10.48	6.6
6870	130.0	3.96	2.89
6870	132.0	4.99	6.22
6870	135.0	-0.02	1.46
6870	136.0	9.41	6.77
6870	137.0	12.77	5.14
6880	130.0	2.98	3.08
6880	132.0	3.86	6.24
6880	135.0	0.79	1.81
6880	136.0	8.39	6.83
6880	137.0	11.85	4.89
6890	130.0	1.95	3.0
6890	132.0	2.58	6.29
6890	135.0	1.66	2.2
6890	136.0	7.29	6.94
6890	137.0	10.81	4.53
6890	139.0	12.58	4.94
6900	130.0	0.94	2.78
6900	132.0	1.41	6.37
6900	135.0	2.71	2.55
6900	136.0	6.17	7.13
6900	137.0	9.8	4.38
6900	139.0	11.48	4.82
6910	130.0	0.01	2.47
6910	132.0	0.31	6.42
6910	135.0	3.57	2.7
6910	136.0	5.1	7.48
6910	137.0	8.91	4.17
6910	139.0	10.31	4.8
6920	130.0	-1.02	1.85
6920	132.0	-0.93	6.39
6920	135.0	4.45	2.93
6920	136.0	3.98	7.81
6920	137.0	7.96	4.16
6920	139.0	9.18	4.78
6920	140.0	-3.83	-2.44
6930	130.0	-1.95	1.31
6930	132.0	-2.03	6.35
6930	135.0	5.24	2.99
6930	136.0	2.92	8.24
6930	137.0	6.98	4.15
6930	139.0	8.04	4.87
6930	140.0	-3.44	-1.6
6940	130.0	-2.81	0.61
6940	132.0	-3.08	6.52
6940	135.0	6.3	3.16
6940	136.0	1.86	8.69
6940	137.0	6.09	4.11
6940	139.0	7.0	4.83
6940	140.0	-2.84	-0.75
6950	130.0	-3.41	-0.17
6950	132.0	-4.13	6.77
6950	135.0	7.17	3.48
6950	136.0	1.03	9.06
6950	137.0	4.95	4.15
6950	139.0	5.86	4.89
6950	140.0	-2.07	0.08
6960	135.0	8.06	3.98
6960	136.0	-0.09	9.54
6960	137.0	4.07	4.02
6960	139.0	4.78	5.0
6960	140.0	-1.04	0.7
6970	135.0	8.89	4.5
6970	136.0	-0.92	9.99
6970	137.0	3.04	4.08
6970	139.0	3.73	5.07
6970	140.0	-0.23	1.27
6980	135.0	9.86	4.68
6980	136.0	-1.77	10.62
6980	137.0	2.06	3.92
6980	139.0	2.7	5.2
6980	140.0	0.86	1.65
6980	142.0	-5.15	4.12
6990	135.0	10.91	4.82
6990	136.0	-2.75	11.29
6990	137.0	1.21	3.91
6990	139.0	1.69	5.24
6990	140.0	1.84	2.07
6990	142.0	-4.25	4.15
7000	135.0	12.04	5.07
7000	136.0	-3.33	12.05
7000	137.0	0.05	3.86
7000	139.0	0.68	5.32
7000	140.0	2.81	2.37
7000	142.0	-3.43	4.22
7010	137.0	-0.82	3.61
7010	139.0	-0.37	5.56
7010	140.0	3.83	2.78
7010	142.0	-2.38	4.37
7020	137.0	-1.98	3.28
7020	139.0	-1.26	5.82
7020	140.0	4.89	3.08
7020	142.0	-1.45	4.36
7030	137.0	-3.06	3.13
7030	139.0	-2.59	5.72
7030	140.0	5.94	3.42
7030	142.0	-0.26	4.33
7040	137.0	-4.0	3.34
7040	139.0	-3.64	5.62
7040	140.0	7.16	3.69
7040	142.0	0.78	4.31
7050	140.0	8.2	3.96
7050	142.0	1.83	4.35
7060	140.0	9.29	4.21
7060	142.0	2.9	4.47
7070	140.0	10.43	4.5
7070	142.0	3.88	4.61
7080	140.0	11.52	4.58
7080	142.0	4.88	4.69
7090	140.0	12.51	4.87
7090	142.0	5.94	4.73
7100	142.0	6.89	4.75
7100	144.0	-2.13	4.6
7110	142.0	7.58	4.77
7110	144.0	-0.56	4.64
7120	142.0	8.47	4.88
7120	144.0	0.62	4.8
7130	142.0	9.53	4.93
7130	144.0	1.91	4.94
7140	142.0	10.5	5.17
7140	144.0	3.12	5.06
7150	142.0	11.59	5.09
7150	144.0	4.28	5.27
7160	142.0	12.37	5.33
7160	144.0	5.79	5.34
7170	144.0	7.14	5.46
7180	144.0	8.41	5.4
7190	144.0	9.73	5.41
7200	144.0	11.01	5.42
7210	144.0	12.23	5.43
7300	145.0	-1.58	3.42
7310	145.0	-0.56	3.49
7320	145.0	0.55	3.54
7330	145.0	1.65	3.56
7340	145.0	2.73	3.57
7350	145.0	3.84	3.63
7360	145.0	4.97	3.72
7370	145.0	6.12	3.73
7380	145.0	7.26	3.83
7390	145.0	8.4	3.94
7400	145.0	9.56	4.16
7410	145.0	10.6	4.41
7420	145.0	11.78	4.67
7420	152.0	-4.42	5.4
7430	145.0	12.97	4.67
7430	152.0	-3.4	5.45
7440	152.0	-2.23	5.48
7450	152.0	-1.01	5.47
7460	152.0	0.18	5.47
7470	152.0	1.37	5.48
7480	152.0	2.53	5.47
7490	152.0	3.73	5.55
7500	152.0	4.96	5.7
7510	152.0	6.21	5.82
7520	152.0	7.41	6.04
7530	152.0	8.7	5.81
7540	152.0	10.03	5.81
7550	152.0	11.25	5.89
7560	152.0	12.48	5.79
7580	156.0	12.44	6.66
7590	156.0	11.16	6.91
7600	156.0	10.08	6.75
7610	156.0	8.78	6.75
7620	156.0	7.64	6.72
7630	156.0	6.47	6.55
7630	157.0	0.12	1.45
7640	156.0	5.29	6.36
7640	157.0	1.09	1.97
7650	156.0	4.15	6.29
7650	157.0	2.04	2.34
7660	156.0	2.88	6.25
7660	157.0	3.01	2.68
7670	156.0	1.64	6.22
7670	157.0	4.12	2.91
7680	156.0	0.68	6.23
7680	157.0	5.19	3.1
7690	156.0	-0.61	6.33
7690	157.0	6.3	3.48
7700	156.0	-1.73	6.5
7700	157.0	7.35	3.71
7710	157.0	8.37	4.04
7720	157.0	9.38	4.36
7730	157.0	10.42	4.56
7740	157.0	11.51	4.71
7750	157.0	12.6	4.93
7780	161.0	-2.56	0.25
7790	161.0	-1.67	0.89
7800	161.0	-0.69	1.4
7810	161.0	0.35	1.84
7810	163.0	12.29	5.16
7820	161.0	1.41	2.23
7820	163.0	11.09	4.81
7830	161.0	2.47	2.63
7830	163.0	10.07	4.46
7840	161.0	3.62	2.89
7840	163.0	8.56	4.23
7850	161.0	4.69	3.0
7850	163.0	7.34	4.24
7860	161.0	5.84	3.25
7860	163.0	6.21	4.07
7870	161.0	7.0	3.52
7870	163.0	5.07	3.85
7870	167.0	12.54	4.31
7880	161.0	8.09	3.93
7880	163.0	4.0	3.64
7880	167.0	11.66	3.83
7890	161.0	9.18	4.4
7890	163.0	2.88	3.44
7890	167.0	10.78	3.48
7900	161.0	10.34	4.77
7900	163.0	1.83	3.11
7900	167.0	9.7	3.23
7910	161.0	11.4	5.2
7910	163.0	0.8	2.64
7910	167.0	8.75	3.25
7920	161.0	12.48	5.53
7920	163.0	-0.17	2.1
7920	167.0	7.56	2.88
7930	161.0	13.47	5.74
7930	163.0	-0.97	1.63
7930	167.0	6.6	2.75
7940	163.0	-1.91	0.62
7940	167.0	5.7	2.64
7950	163.0	-2.63	-0.2
7950	167.0	4.64	2.59
7960	167.0	3.77	2.41
7970	167.0	2.88	2.3
7980	167.0	1.77	1.98
8090	168.0	7.09	2.86
8100	168.0	5.8	2.73
8110	168.0	4.62	2.68
8120	168.0	3.4	2.76
8130	168.0	2.28	2.86
8140	168.0	1.22	2.78
8150	168.0	0.14	2.6
8150	172.0	-1.9	0.09
8160	168.0	-1.03	2.03
8160	172.0	-1.01	0.97
8170	168.0	-1.4	1.81
8170	172.0	-0.15	1.51
8180	172.0	0.84	1.98
8190	172.0	1.8	2.43
8200	172.0	2.82	2.87
8210	172.0	3.96	3.2
8220	172.0	4.96	3.54
8230	172.0	6.06	3.88
8230	173.0	-2.8	5.27
8240	172.0	7.14	4.17
8240	173.0	-1.7	5.23
8250	172.0	8.22	4.38
8250	173.0	-0.48	5.43
8260	172.0	9.31	4.57
8260	173.0	0.71	5.43
8270	172.0	10.36	4.77
8270	173.0	1.93	5.53
8280	172.0	11.45	4.96
8280	173.0	3.02	5.67
8290	172.0	12.54	5.23
8290	173.0	4.12	5.72
8290	175.0	-1.98	0.1
8300	172.0	13.91	5.62
8300	173.0	5.35	5.77
8300	175.0	-1.19	0.75
8310	173.0	6.55	5.79
8310	175.0	-0.37	1.29
8320	173.0	7.75	5.71
8320	175.0	0.53	1.7
8330	173.0	8.97	5.52
8330	175.0	1.5	2.13
8340	173.0	10.17	5.31
8340	175.0	2.4	2.45
8350	173.0	11.38	5.12
8350	175.0	3.47	2.82
8360	173.0	12.68	5.13
8360	175.0	4.44	3.03
8370	175.0	5.39	3.23
8370	177.0	-1.24	7.06
8380	175.0	6.43	3.44
8380	177.0	-0.11	7.14
8390	175.0	7.47	3.7
8390	177.0	0.92	7.19
8400	175.0	8.48	4.0
8400	177.0	2.06	7.24
8400	180.0	-0.79	4.28
8400	181.0	-1.11	4.92
8410	175.0	9.5	4.38
8410	177.0	3.08	7.36
8410	180.0	0.23	4.24
8410	181.0	-0.09	4.8
8420	175.0	10.48	4.72
8420	177.0	4.15	7.47
8420	180.0	1.22	4.26
8420	181.0	0.91	4.81
8430	175.0	11.54	4.97
8430	177.0	5.17	7.41
8430	180.0	2.26	4.23
8430	181.0	2.02	4.73
8440	175.0	12.66	5.2
8440	177.0	6.25	7.24
8440	180.0	3.33	4.17
8440	181.0	3.16	4.62
8450	175.0	14.15	5.64
8450	177.0	7.26	7.14
8450	180.0	4.28	4.22
8450	181.0	4.12	4.66
8460	177.0	8.32	7.1
8460	180.0	5.27	4.2
8460	181.0	5.12	4.68
8460	185.0	-1.98	6.4
8470	177.0	9.36	7.15
8470	180.0	6.26	4.23
8470	181.0	6.11	4.7
8470	185.0	-1.15	6.14
8480	177.0	10.52	6.88
8480	180.0	7.39	4.3
8480	181.0	7.14	4.77
8480	185.0	0.02	5.85
8490	177.0	11.68	6.59
8490	180.0	8.47	4.33
8490	181.0	8.2	4.81
8490	185.0	1.02	6.01
8490	190.0	-2.64	3.35
8500	177.0	12.86	6.35
8500	180.0	9.47	4.39
8500	181.0	9.2	4.89
8500	185.0	2.15	5.94
8500	190.0	-1.35	3.64
8510	180.0	10.47	4.5
8510	181.0	10.22	4.99
8510	185.0	3.17	6.0
8510	190.0	-0.31	3.89
8520	180.0	11.43	4.61
8520	181.0	11.18	5.09
8520	185.0	4.21	6.1
8520	190.0	0.67	4.18
8530	180.0	12.24	4.79
8530	181.0	12.0	5.3
8530	185.0	5.29	6.07
8530	190.0	1.69	4.5
8540	180.0	12.96	4.89
8540	181.0	12.69	5.47
8540	185.0	6.44	5.97
8540	190.0	2.78	4.77
8550	180.0	13.37	4.96
8550	181.0	13.47	5.74
8550	185.0	7.46	5.73
8550	190.0	3.83	4.9
8560	185.0	8.58	5.61
8560	190.0	4.86	5.01
8570	185.0	9.71	5.55
8570	190.0	5.92	5.15
8580	185.0	10.78	5.64
8580	190.0	6.92	5.25
8590	185.0	11.92	5.71
8590	190.0	7.93	5.35
8600	185.0	13.06	5.59
8600	190.0	8.98	5.4
8610	190.0	9.94	5.5
8620	190.0	10.73	5.55
8710	192.0	9.83	7.07
8710	193.0	9.74	7.75
8720	192.0	8.82	7.21
8720	193.0	8.73	7.9
8730	192.0	7.8	7.32
8730	193.0	7.75	7.99
8740	192.0	6.8	7.29
8740	193.0	6.75	7.95
8750	192.0	5.8	7.18
8750	193.0	5.75	7.85
8760	192.0	4.79	7.14
8760	193.0	4.79	7.82
8770	192.0	3.77	7.22
8770	193.0	3.77	7.91
8780	192.0	2.79	7.46
8780	193.0	2.79	8.16
8790	192.0	1.76	7.9
8790	193.0	1.8	8.45
8800	192.0	0.88	8.36
8800	193.0	1.34	9.1
8810	192.0	0.03	8.91
8810	193.0	0.53	9.5
8890	195.0	12.71	4.95
8900	195.0	11.82	4.59
8900	196.0	13.43	5.21
8910	195.0	10.96	4.34
8910	196.0	12.66	5.11
8910	197.0	12.43	6.04
8920	195.0	9.86	4.25
8920	196.0	11.82	4.85
8920	197.0	11.5	6.03
8930	195.0	9.11	4.13
8930	196.0	10.98	4.75
8930	197.0	10.81	5.8
8930	198.0	12.76	6.28
8940	195.0	8.16	3.99
8940	196.0	10.18	4.55
8940	197.0	10.28	5.52
8940	198.0	11.83	6.52
8940	199.0	-1.31	4.48
8940	200.0	13.26	5.37
8950	195.0	7.27	3.93
8950	196.0	9.41	4.41
8950	197.0	9.8	5.22
8950	198.0	10.89	6.9
8950	199.0	-0.13	4.59
8950	200.0	12.39	4.74
8960	195.0	6.39	3.81
8960	196.0	8.72	4.26
8960	197.0	8.97	4.98
8960	198.0	9.99	7.22
8960	199.0	1.08	4.71
8960	200.0	11.65	4.3
8970	195.0	5.51	3.66
8970	196.0	7.99	4.03
8970	197.0	8.18	4.88
8970	198.0	9.05	7.33
8970	199.0	2.28	4.86
8970	200.0	10.84	3.93
8970	202.0	12.87	5.37
8970	203.0	12.86	4.81
8980	195.0	4.64	3.51
8980	196.0	7.2	3.96
8980	197.0	7.24	4.8
8980	198.0	8.09	7.41
8980	199.0	3.45	5.07
8980	200.0	10.01	3.66
8980	202.0	11.94	5.24
8980	203.0	12.03	4.64
8990	195.0	3.69	3.38
8990	196.0	6.39	3.77
8990	197.0	6.35	4.58
8990	198.0	7.1	7.47
8990	199.0	4.64	5.32
8990	200.0	9.19	3.51
8990	202.0	11.07	5.14
8990	203.0	11.17	4.48
8990	204.0	-2.58	4.48
9000	195.0	2.82	3.19
9000	196.0	5.5	3.53
9000	197.0	5.42	4.35
9000	198.0	6.15	7.57
9000	199.0	5.85	5.49
9000	200.0	8.21	3.32
9000	202.0	10.18	5.01
9000	203.0	10.29	4.3
9000	204.0	-1.45	4.7
9010	195.0	1.98	2.77
9010	196.0	4.65	3.36
9010	197.0	4.42	4.2
9010	198.0	5.19	7.76
9010	199.0	7.05	5.63
9010	200.0	7.32	3.14
9010	202.0	9.25	4.81
9010	203.0	9.37	4.01
9010	204.0	-0.25	4.82
9020	195.0	1.2	2.43
9020	196.0	3.73	3.12
9020	197.0	3.5	4.0
9020	198.0	4.25	8.04
9020	199.0	8.23	5.61
9020	200.0	6.36	2.9
9020	202.0	8.31	4.64
9020	203.0	8.41	3.97
9020	204.0	0.76	5.02
9030	195.0	0.29	2.04
9030	196.0	2.76	2.95
9030	197.0	2.6	3.85
9030	198.0	3.32	8.27
9030	199.0	9.46	5.64
9030	200.0	5.2	2.65
9030	202.0	7.37	4.49
9030	203.0	7.47	3.84
9030	204.0	1.95	5.38
9040	195.0	-0.52	1.69
9040	196.0	1.92	2.82
9040	197.0	1.68	3.68
9040	198.0	2.38	8.53
9040	199.0	10.63	5.64
9040	200.0	4.46	2.6
9040	202.0	6.38	4.37
9040	203.0	6.52	3.69
9040	204.0	3.06	5.65
9050	195.0	-1.13	1.29
9050	196.0	1.01	2.52
9050	197.0	0.78	3.47
9050	198.0	1.45	8.79
9050	199.0	11.92	5.64
9050	200.0	3.55	2.53
9050	202.0	5.48	4.18
9050	203.0	5.62	3.53
9050	204.0	4.25	5.74
9060	195.0	-2.0	0.59
9060	196.0	0.07	2.2
9060	197.0	-0.11	3.23
9060	198.0	0.6	9.1
9060	200.0	2.91	2.39
9060	202.0	4.55	4.11
9060	203.0	4.64	3.37
9060	204.0	5.39	5.76
9070	195.0	-2.64	0.11
9070	196.0	-0.89	1.79
9070	197.0	-0.93	2.87
9070	198.0	-0.3	9.53
9070	200.0	1.96	2.13
9070	202.0	3.6	3.97
9070	203.0	3.69	3.21
9070	204.0	6.54	5.69
9080	195.0	-3.5	-0.44
9080	196.0	-1.65	1.35
9080	197.0	-1.75	2.32
9080	198.0	-1.09	10.05
9080	200.0	1.05	1.86
9080	202.0	2.63	3.87
9080	203.0	2.68	3.11
9080	204.0	7.73	5.64
9080	208.0	-3.33	4.78
9090	195.0	-4.04	-1.06
9090	196.0	-2.33	0.88
9090	197.0	-3.09	1.52
9090	198.0	-1.86	10.49
9090	200.0	0.18	1.55
9090	202.0	1.7	3.68
9090	203.0	1.74	2.96
9090	204.0	8.89	5.61
9090	208.0	-2.39	4.89
9090	209.0	-3.41	-1.97
9100	195.0	-4.6	-1.81
9100	196.0	-2.92	0.35
9100	197.0	-3.83	0.91
9100	198.0	-2.62	11.08
9100	200.0	-0.66	1.36
9100	202.0	0.75	3.61
9100	203.0	0.81	2.87
9100	204.0	10.1	5.57
9100	208.0	-1.01	4.91
9100	209.0	-2.5	-0.82
9110	196.0	-3.59	-0.24
9110	197.0	-4.47	0.28
9110	200.0	-1.5	0.99
9110	202.0	-0.3	3.51
9110	203.0	-0.16	2.72
9110	204.0	11.24	5.58
9110	208.0	0.17	4.87
9110	209.0	-1.85	-0.27
9110	211.0	-3.28	4.75
9120	200.0	-2.34	0.54
9120	202.0	-1.29	3.4
9120	203.0	-1.04	2.62
9120	204.0	12.41	5.5
9120	208.0	1.36	4.91
9120	209.0	-0.83	0.28
9120	211.0	-2.24	4.74
9130	202.0	-2.3	3.29
9130	203.0	-2.24	2.57
9130	204.0	13.77	5.49
9130	208.0	2.57	4.97
9130	209.0	0.29	0.83
9130	211.0	-1.4	4.87
9140	202.0	-3.23	3.22
9140	203.0	-3.08	2.5
9140	208.0	3.66	4.93
9140	209.0	1.17	1.58
9140	211.0	-0.08	4.83
9150	208.0	4.88	4.93
9150	209.0	2.26	2.27
9150	211.0	1.03	4.88
9160	208.0	5.99	5.07
9160	209.0	3.45	2.88
9160	211.0	2.07	4.95
9170	208.0	7.06	5.27
9170	209.0	4.62	3.3
9170	211.0	3.1	5.03
9180	208.0	8.25	5.37
9180	209.0	5.86	3.74
9180	211.0	4.17	5.04
9190	208.0	9.36	5.28
9190	209.0	7.1	4.03
9190	211.0	5.19	5.17
9200	208.0	10.52	5.17
9200	209.0	8.37	4.34
9200	211.0	6.25	5.27
9200	212.0	12.68	6.64
9210	208.0	11.64	5.01
9210	209.0	9.62	4.58
9210	211.0	7.25	5.3
9210	212.0	11.6	7.02
9210	213.0	12.89	6.34
9210	214.0	13.32	5.77
9220	208.0	12.82	5.0
9220	209.0	10.82	4.84
9220	211.0	8.31	5.33
9220	212.0	10.6	7.32
9220	213.0	11.86	6.49
9220	214.0	12.02	6.05
9230	208.0	14.42	5.44
9230	209.0	12.14	5.09
9230	211.0	9.3	5.26
9230	212.0	9.64	7.42
9230	213.0	10.62	6.83
9230	214.0	11.16	6.19
9240	209.0	13.32	5.31
9240	211.0	10.37	5.22
9240	212.0	8.56	7.47
9240	213.0	9.46	6.88
9240	214.0	10.14	6.54
9250	211.0	11.41	5.16
9250	212.0	7.5	7.54
9250	213.0	8.37	6.64
9250	214.0	9.07	6.61
9260	211.0	12.51	5.09
9260	212.0	6.41	7.54
9260	213.0	7.26	6.4
9260	214.0	7.94	6.89
9270	211.0	13.68	5.26
9270	212.0	5.36	7.57
9270	213.0	6.12	6.26
9270	214.0	6.63	7.21
9280	212.0	4.25	7.51
9280	213.0	5.02	6.11
9280	214.0	5.38	7.15
9290	212.0	3.18	7.51
9290	213.0	3.87	6.16
9290	214.0	4.06	7.02
9300	212.0	2.11	7.53
9300	213.0	2.7	6.24
9300	214.0	2.87	7.0
9300	216.0	-4.26	8.11
9310	212.0	1.01	7.55
9310	213.0	1.55	6.23
9310	214.0	1.71	6.97
9310	216.0	-3.98	8.01
9320	212.0	-0.06	7.58
9320	213.0	0.41	6.24
9320	214.0	0.57	7.0
9320	216.0	-3.84	7.96
9330	212.0	-1.05	7.5
9330	213.0	-0.72	6.34
9330	214.0	-0.56	7.02
9330	216.0	-3.31	8.21
9340	212.0	-1.9	7.47
9340	213.0	-1.83	6.38
9340	214.0	-1.73	7.15
9340	216.0	-2.9	8.26
9350	212.0	-2.58	7.09
9350	213.0	-3.02	6.4
9350	214.0	-3.21	7.54
9350	216.0	-2.79	8.41
9360	212.0	-3.61	7.14
9360	213.0	-4.07	6.45
9360	214.0	-4.26	7.54
9360	216.0	-2.51	8.43
9370	216.0	-2.23	8.46
9380	216.0	-2.01	8.44
9390	216.0	-1.86	8.34
9400	216.0	-1.65	8.28
9400	220.0	12.45	4.75
9410	216.0	-1.65	8.28
9410	220.0	11.2	4.34
9420	216.0	-1.65	8.28
9420	220.0	9.97	3.91
9420	221.0	-2.45	0.24
9430	216.0	-2.21	8.09
9430	220.0	8.71	3.56
9430	221.0	-1.79	1.08
9440	216.0	-2.21	8.09
9440	220.0	7.5	3.33
9440	221.0	-0.74	1.72
9450	216.0	-2.23	8.18
9450	220.0	6.29	3.09
9450	221.0	0.23	2.23
9460	216.0	-2.25	8.28
9460	220.0	5.05	2.85
9460	221.0	1.23	2.66
9470	216.0	-2.25	8.28
9470	220.0	3.87	2.64
9470	221.0	2.23	3.11
9480	216.0	-2.25	8.28
9480	220.0	2.57	2.41
9480	221.0	3.23	3.5
9490	216.0	-2.25	8.28
9490	220.0	1.38	2.2
9490	221.0	4.26	3.81
9500	216.0	-2.25	8.28
9500	220.0	0.12	2.0
9500	221.0	5.31	3.97
9500	222.0	-3.28	-2.0
9510	216.0	-2.78	8.5
9510	220.0	-1.06	1.68
9510	221.0	6.46	4.11
9510	222.0	-2.79	-1.06
9520	216.0	-2.81	8.44
9520	220.0	-2.2	1.21
9520	221.0	7.67	4.19
9520	222.0	-2.05	-0.04
9530	216.0	-2.98	8.14
9530	220.0	-3.16	0.42
9530	221.0	8.84	4.27
9530	222.0	-1.19	1.01
9540	216.0	-2.98	8.14
9540	221.0	9.98	4.51
9540	222.0	-0.02	1.41
9550	216.0	-3.27	8.07
9550	221.0	11.13	4.79
9550	222.0	1.08	1.84
9560	216.0	-3.27	8.07
9560	221.0	12.32	5.04
9560	222.0	2.37	2.27
9570	216.0	-3.27	8.07
9570	221.0	13.5	5.21
9570	222.0	3.65	2.61
9580	216.0	-3.27	8.07
9580	222.0	4.78	2.91
9590	216.0	-3.27	8.07
9590	222.0	6.02	3.29
9600	216.0	-3.27	8.07
9600	222.0	7.52	3.58
9610	216.0	-3.27	8.07
9610	222.0	8.82	3.86
9620	216.0	-3.27	8.07
9620	222.0	10.19	4.13
9620	226.0	12.81	6.56
9630	216.0	-3.27	8.07
9630	222.0	11.56	4.46
9630	226.0	11.73	6.86
9630	227.0	1.07	6.45
9630	228.0	0.95	7.09
9640	216.0	-3.27	8.07
9640	222.0	13.03	5.0
9640	226.0	10.65	7.09
9640	227.0	2.45	6.36
9640	228.0	2.3	7.03
9650	216.0	-3.61	7.93
9650	226.0	9.53	7.27
9650	227.0	3.72	6.29
9650	228.0	3.62	6.95
9660	216.0	-3.68	7.91
9660	226.0	8.38	7.46
9660	227.0	5.03	6.19
9660	228.0	5.0	6.83
9670	216.0	-3.78	7.9
9670	226.0	7.24	7.65
9670	227.0	6.3	6.11
9670	228.0	6.24	6.66
9680	216.0	-4.41	7.87
9680	226.0	6.08	7.73
9680	227.0	7.55	5.84
9680	228.0	7.43	6.53
9680	230.0	-3.11	5.32
9690	216.0	-4.67	7.75
9690	226.0	4.94	7.74
9690	227.0	8.76	5.61
9690	228.0	8.72	6.49
9690	230.0	-2.09	5.21
9700	216.0	-4.84	7.8
9700	226.0	3.78	7.66
9700	227.0	10.03	5.57
9700	228.0	10.04	6.37
9700	230.0	-1.28	5.33
9710	216.0	-4.84	7.84
9710	226.0	2.61	7.56
9710	227.0	11.43	5.48
9710	228.0	11.43	6.26
9710	230.0	-0.44	5.26
9720	216.0	-4.84	7.84
9720	226.0	1.48	7.43
9720	227.0	12.6	5.57
9720	228.0	12.72	6.18
9720	230.0	0.45	5.28
9730	216.0	-4.84	7.84
9730	226.0	0.32	7.31
9730	227.0	13.48	5.38
9730	228.0	13.48	6.13
9730	230.0	1.34	5.34
9740	216.0	-4.84	7.84
9740	226.0	-0.83	7.11
9740	230.0	2.28	5.27
9750	216.0	-4.84	7.84
9750	230.0	3.18	5.2
9760	216.0	-4.78	7.79
9760	230.0	4.11	5.16
9770	216.0	-4.83	7.83
9770	230.0	5.03	5.09
9780	216.0	-4.92	7.89
9780	230.0	6.02	5.04
9780	233.0	0.08	9.05
9790	216.0	-5.03	7.89
9790	230.0	7.01	5.03
9790	233.0	1.16	8.69
9800	216.0	-5.23	7.82
9800	230.0	8.05	4.96
9800	233.0	2.31	8.46
9810	216.0	-5.42	7.85
9810	230.0	8.94	4.89
9810	233.0	3.43	8.17
9820	216.0	-5.67	7.99
9820	230.0	9.88	4.84
9820	233.0	4.64	7.9
9830	216.0	-5.86	8.05
9830	230.0	10.74	4.75
9830	233.0	5.83	7.6
9840	216.0	-6.06	8.09
9840	230.0	11.7	4.6
9840	233.0	6.94	7.29
9850	216.0	-6.22	8.28
9850	230.0	12.52	4.3
9850	233.0	8.12	6.99
9860	216.0	-6.25	8.45
9860	230.0	13.01	4.26
9860	233.0	9.24	6.75
9870	216.0	-6.18	8.65
9870	230.0	13.05	4.4
9870	233.0	10.39	6.65
9870	236.0	12.83	5.79
9880	216.0	-5.02	9.02
9880	230.0	13.05	4.4
9880	233.0	11.72	6.46
9880	236.0	11.73	5.73
9890	216.0	-3.86	9.6
9890	230.0	12.68	4.6
9890	233.0	12.99	6.22
9890	236.0	10.73	5.85
9900	216.0	-2.62	9.95
9900	230.0	12.61	4.7
9900	236.0	9.8	6.02
9910	230.0	12.62	4.76
9910	236.0	8.87	6.15
9920	230.0	12.65	4.76
9920	236.0	8.01	6.23
9920	241.0	-1.38	8.19
9920	242.0	-0.92	9.05
9930	230.0	12.65	4.76
9930	236.0	7.09	6.33
9930	241.0	-0.08	8.1
9930	242.0	0.43	8.91
9930	243.0	-2.56	5.74
9940	230.0	12.65	4.76
9940	236.0	6.25	6.31
9940	241.0	1.16	7.94
9940	242.0	1.62	8.69
9940	243.0	-1.65	6.2
9950	230.0	12.68	4.76
9950	236.0	5.46	6.21
9950	241.0	2.39	7.74
9950	242.0	2.83	8.41
9950	243.0	-0.51	6.6
9960	230.0	12.62	4.88
9960	236.0	4.72	6.05
9960	241.0	3.65	7.49
9960	242.0	4.11	8.12
9960	243.0	0.5	6.91
9970	230.0	13.18	5.24
9970	236.0	3.98	6.02
9970	241.0	4.87	7.24
9970	242.0	5.42	7.89
9970	243.0	1.52	7.11
9980	230.0	13.18	5.24
9980	236.0	3.09	5.81
9980	241.0	6.06	6.99
9980	242.0	6.58	7.59
9980	243.0	2.48	7.34
9990	236.0	2.28	5.53
9990	241.0	7.28	6.75
9990	242.0	7.78	7.26
9990	243.0	3.55	7.5
10000	236.0	1.51	5.06
10000	241.0	8.51	6.47
10000	242.0	8.99	6.94
10000	243.0	4.6	7.58
10010	236.0	0.75	4.51
10010	241.0	9.76	6.13
10010	242.0	10.19	6.7
10010	243.0	5.66	7.62
10020	236.0	0.15	3.78
10020	241.0	11.28	5.73
10020	242.0	11.51	6.62
10020	243.0	6.77	7.61
10030	241.0	12.63	5.51
10030	242.0	12.75	6.4
10030	243.0	7.89	7.55
10040	241.0	13.98	5.64
10040	242.0	13.9	6.27
10040	243.0	9.1	7.43
10050	243.0	10.35	7.26
10060	243.0	11.62	6.99
10070	243.0	12.82	6.72
10100	245.0	4.12	6.31
10100	246.0	3.96	5.35
10100	248.0	2.11	4.96
10110	245.0	5.17	6.31
10110	246.0	5.1	5.5
10110	248.0	3.13	4.87
10120	245.0	6.21	6.27
10120	246.0	6.11	5.51
10120	248.0	4.03	4.79
10130	245.0	7.26	6.31
10130	246.0	7.14	5.57
10130	248.0	5.03	4.68
10140	245.0	8.28	6.37
10140	246.0	8.09	5.58
10140	248.0	5.98	4.65
10150	245.0	9.36	6.48
10150	246.0	9.19	5.58
10150	248.0	7.07	4.8
10160	245.0	10.37	6.62
10160	246.0	10.17	5.63
10160	248.0	7.89	4.77
10170	245.0	11.32	6.57
10170	246.0	11.09	5.64
10170	248.0	8.73	4.88
10180	245.0	12.15	6.55
10180	246.0	12.02	5.67
10180	248.0	9.45	5.01
10190	245.0	12.97	6.24
10190	246.0	12.79	5.51
10190	248.0	10.17	5.38
10200	245.0	13.23	6.08
10200	246.0	13.63	5.39
10200	248.0	11.01	5.67
10200	250.0	12.87	7.34
10200	251.0	2.92	6.64
10200	253.0	2.61	5.05
10210	248.0	11.79	5.84
10210	250.0	11.86	7.82
10210	251.0	3.98	6.63
10210	253.0	3.74	4.99
10220	248.0	12.36	6.04
10220	250.0	11.01	7.96
10220	251.0	5.02	6.58
10220	253.0	4.87	4.95
10230	248.0	12.76	5.95
10230	250.0	10.24	7.8
10230	251.0	6.31	6.62
10230	253.0	6.02	5.04
10240	248.0	13.21	5.86
10240	250.0	9.39	7.59
10240	251.0	7.26	6.58
10240	253.0	7.1	5.05
10250	248.0	13.34	5.85
10250	250.0	8.58	7.71
10250	251.0	8.17	6.49
10250	253.0	8.14	5.04
10250	257.0	12.62	6.95
10250	259.0	-2.22	6.66
10260	248.0	13.44	5.8
10260	250.0	7.92	7.53
10260	251.0	9.24	6.17
10260	253.0	9.11	5.05
10260	257.0	11.68	7.09
10260	259.0	-1.22	6.45
10260	260.0	12.23	6.63
10270	250.0	7.21	7.21
10270	251.0	10.23	5.97
10270	253.0	10.11	5.01
10270	257.0	10.74	7.2
10270	259.0	-0.17	6.32
10270	260.0	11.23	6.65
10280	250.0	6.13	6.72
10280	251.0	11.11	5.92
10280	253.0	11.06	5.01
10280	257.0	9.72	7.1
10280	259.0	0.82	6.31
10280	260.0	10.06	6.75
10280	261.0	12.7	7.0
10290	250.0	5.28	6.26
10290	251.0	12.11	5.83
10290	253.0	11.91	4.96
10290	257.0	8.73	7.09
10290	259.0	1.74	6.31
10290	260.0	9.18	6.58
10290	261.0	11.59	7.14
10290	262.0	13.43	6.56
10300	250.0	4.45	5.83
10300	251.0	12.84	5.71
10300	253.0	12.63	4.91
10300	257.0	7.74	6.97
10300	259.0	2.64	6.36
10300	260.0	8.13	6.48
10300	261.0	10.83	7.5
10300	262.0	12.27	6.74
10300	263.0	-1.98	5.1
10300	265.0	-2.07	1.9
10300	269.0	0.1	3.41
10300	270.0	-0.92	1.99
10300	272.0	-2.43	4.2
10310	250.0	3.72	5.47
10310	251.0	13.7	5.67
10310	253.0	13.06	4.89
10310	257.0	6.86	6.75
10310	259.0	3.46	6.61
10310	260.0	7.21	6.05
10310	261.0	9.75	7.48
10310	262.0	11.06	6.75
10310	263.0	-1.02	5.22
10310	265.0	-1.21	1.87
10310	269.0	0.96	3.4
10310	270.0	0.07	2.15
10310	272.0	-1.18	4.45
10320	250.0	2.93	5.39
10320	253.0	13.54	5.0
10320	257.0	6.04	6.45
10320	259.0	4.33	6.82
10320	260.0	6.24	5.75
10320	261.0	8.72	7.31
10320	262.0	9.77	6.69
10320	263.0	-0.19	5.44
10320	265.0	-0.13	1.95
10320	269.0	1.96	3.52
10320	270.0	0.96	2.27
10320	272.0	0.31	4.56
10320	273.0	13.18	6.25
10330	250.0	2.03	5.29
10330	257.0	5.37	6.15
10330	259.0	5.19	6.99
10330	260.0	5.24	5.55
10330	261.0	7.78	6.96
10330	262.0	8.44	6.45
10330	263.0	0.7	5.76
10330	265.0	0.94	2.13
10330	269.0	2.87	3.59
10330	270.0	1.88	2.52
10330	272.0	1.66	4.28
10330	273.0	12.31	6.71
10340	250.0	1.14	5.1
10340	257.0	4.44	6.01
10340	259.0	6.09	7.08
10340	260.0	4.34	5.3
10340	261.0	6.79	6.6
10340	262.0	7.33	6.03
10340	263.0	1.57	6.1
10340	265.0	2.0	2.21
10340	269.0	3.84	3.76
10340	270.0	2.84	2.75
10340	272.0	3.17	4.24
10340	273.0	11.4	6.8
10350	250.0	0.25	4.72
10350	257.0	3.84	5.72
10350	259.0	6.99	7.02
10350	260.0	3.49	5.13
10350	261.0	5.8	6.27
10350	262.0	6.23	5.62
10350	263.0	2.59	6.4
10350	265.0	3.0	2.25
10350	269.0	4.75	3.87
10350	270.0	3.95	2.87
10350	272.0	4.83	4.47
10350	273.0	10.43	6.65
10360	250.0	-0.38	4.33
10360	257.0	2.8	5.7
10360	259.0	7.87	7.03
10360	260.0	2.58	4.96
10360	261.0	4.75	5.96
10360	262.0	5.22	5.34
10360	263.0	3.57	6.63
10360	265.0	4.02	2.4
10360	269.0	5.53	4.14
10360	270.0	5.04	2.92
10360	272.0	6.48	4.62
10360	273.0	9.43	6.49
10360	276.0	-3.3	5.59
10360	277.0	13.75	6.05
10370	250.0	-1.14	3.72
10370	257.0	1.85	5.51
10370	259.0	8.42	7.0
10370	260.0	1.74	4.76
10370	261.0	3.85	5.75
10370	262.0	4.16	5.05
10370	263.0	4.4	6.8
10370	265.0	4.97	2.58
10370	269.0	6.47	4.36
10370	270.0	6.0	3.16
10370	272.0	8.07	4.71
10370	273.0	8.49	6.3
10370	276.0	-2.2	5.9
10370	277.0	13.75	6.05
10370	278.0	12.83	7.07
10380	250.0	-1.88	3.17
10380	257.0	1.07	5.44
10380	259.0	9.45	7.11
10380	260.0	0.89	4.4
10380	261.0	3.08	5.8
10380	262.0	3.1	4.72
10380	263.0	5.28	6.87
10380	265.0	5.81	2.62
10380	269.0	7.4	4.55
10380	270.0	7.03	3.34
10380	272.0	9.52	4.73
10380	273.0	7.63	6.14
10380	276.0	-1.12	6.1
10380	277.0	13.75	6.05
10380	278.0	12.23	7.21
10380	280.0	-3.05	5.29
10390	257.0	0.06	5.22
10390	259.0	10.03	6.97
10390	260.0	-0.02	4.16
10390	261.0	2.15	5.61
10390	262.0	2.17	4.29
10390	263.0	6.13	6.89
10390	265.0	6.44	2.8
10390	269.0	8.35	4.76
10390	270.0	8.01	3.57
10390	272.0	10.79	4.84
10390	273.0	6.7	6.0
10390	276.0	-0.06	6.34
10390	277.0	13.75	6.05
10390	278.0	11.68	6.9
10390	280.0	-1.98	5.64
10400	257.0	-1.01	4.99
10400	259.0	10.66	7.0
10400	260.0	-0.97	3.95
10400	261.0	1.07	5.24
10400	262.0	1.26	3.86
10400	263.0	7.08	6.94
10400	265.0	7.33	3.04
10400	269.0	9.26	4.83
10400	270.0	9.04	3.83
10400	272.0	12.08	5.06
10400	273.0	5.73	5.95
10400	276.0	1.04	6.59
10400	277.0	13.75	6.05
10400	278.0	11.15	6.58
10400	280.0	-0.87	5.95
10410	257.0	-1.76	4.92
10410	259.0	11.24	6.95
10410	260.0	-1.66	3.83
10410	261.0	0.16	4.93
10410	262.0	0.28	3.54
10410	263.0	8.0	6.96
10410	265.0	8.05	3.16
10410	269.0	10.25	4.9
10410	270.0	9.93	3.99
10410	272.0	13.16	5.2
10410	273.0	4.73	5.81
10410	276.0	2.12	6.71
10410	277.0	13.75	6.05
10410	278.0	10.48	6.48
10410	280.0	0.24	6.22
10410	282.0	13.79	6.2
10420	257.0	-2.96	4.66
10420	259.0	11.54	6.75
10420	260.0	-3.04	3.54
10420	261.0	-0.79	4.82
10420	262.0	-0.78	3.26
10420	263.0	8.88	7.0
10420	265.0	8.97	3.33
10420	269.0	11.19	4.94
10420	270.0	10.8	4.03
10420	272.0	13.37	5.38
10420	273.0	3.72	5.71
10420	276.0	3.18	6.82
10420	278.0	9.84	6.44
10420	280.0	1.32	6.42
10420	282.0	13.79	6.2
10430	257.0	-3.93	4.45
10430	259.0	12.04	6.66
10430	260.0	-3.95	3.39
10430	261.0	-1.43	4.65
10430	262.0	-1.82	3.24
10430	263.0	9.65	6.89
10430	265.0	9.66	3.38
10430	269.0	12.15	5.0
10430	270.0	11.68	4.14
10430	273.0	2.75	5.57
10430	276.0	4.22	7.02
10430	278.0	9.36	6.24
10430	280.0	2.34	6.85
10430	284.0	13.74	5.86
10440	257.0	-4.95	4.36
10440	259.0	12.4	6.56
10440	260.0	-4.92	3.45
10440	261.0	-2.83	4.38
10440	262.0	-2.93	3.23
10440	263.0	10.44	6.9
10440	265.0	10.46	3.73
10440	269.0	13.2	5.03
10440	270.0	12.51	4.36
10440	273.0	1.82	5.39
10440	276.0	5.29	7.15
10440	278.0	8.67	6.27
10440	280.0	3.41	7.18
10440	284.0	13.74	5.86
10440	285.0	-3.93	5.63
10450	257.0	-5.94	4.33
10450	259.0	12.92	6.45
10450	260.0	-5.91	3.55
10450	261.0	-3.84	4.39
10450	262.0	-3.99	3.23
10450	263.0	10.99	6.91
10450	265.0	11.08	4.01
10450	270.0	13.32	4.79
10450	273.0	0.89	5.19
10450	276.0	6.33	7.21
10450	278.0	8.06	6.18
10450	280.0	4.49	7.52
10450	284.0	13.78	5.86
10450	285.0	-2.99	5.8
10460	257.0	-6.85	4.35
10460	259.0	13.89	6.52
10460	260.0	-6.86	3.6
10460	261.0	-4.79	4.49
10460	262.0	-5.01	3.32
10460	263.0	11.63	6.74
10460	265.0	11.57	4.16
10460	273.0	-0.03	4.95
10460	276.0	7.35	7.24
10460	278.0	7.35	6.12
10460	280.0	5.75	7.68
10460	284.0	13.78	5.86
10460	285.0	-1.96	5.95
10460	288.0	13.68	4.8
10470	257.0	-7.58	4.44
10470	260.0	-7.69	3.69
10470	261.0	-5.76	4.6
10470	262.0	-6.0	3.41
10470	263.0	12.08	6.58
10470	265.0	11.96	4.27
10470	273.0	-1.18	4.74
10470	276.0	8.3	7.24
10470	278.0	6.72	6.02
10470	280.0	6.91	7.81
10470	284.0	13.78	5.86
10470	285.0	-0.91	5.95
10470	288.0	13.68	4.8
10480	263.0	12.35	6.53
10480	265.0	12.18	4.41
10480	276.0	9.18	7.25
10480	278.0	6.01	5.9
10480	280.0	7.98	7.8
10480	285.0	0.19	6.23
10490	263.0	12.41	6.46
10490	265.0	12.59	4.53
10490	276.0	10.15	7.18
10490	278.0	5.32	5.72
10490	280.0	9.02	7.79
10490	285.0	1.23	6.44
10500	263.0	12.31	6.34
10500	265.0	12.95	4.77
10500	276.0	10.85	6.93
10500	278.0	4.77	5.71
10500	280.0	9.84	7.65
10500	285.0	2.29	6.74
10510	263.0	12.46	6.12
10510	276.0	11.41	6.55
10510	278.0	4.08	5.66
10510	280.0	10.53	7.56
10510	285.0	3.38	7.02
10520	263.0	12.62	6.08
10520	276.0	11.55	5.99
10520	278.0	3.4	5.58
10520	280.0	11.13	7.13
10520	285.0	4.36	7.07
10530	263.0	12.62	5.96
10530	276.0	11.84	5.63
10530	278.0	2.73	5.27
10530	280.0	11.59	7.0
10530	285.0	5.43	7.08
10670	293.0	2.74	2.62
10670	295.0	-1.18	4.97
10670	296.0	-1.52	6.1
10670	299.0	7.87	4.33
10670	300.0	4.91	6.78
10680	293.0	1.62	1.98
10680	295.0	-1.18	4.97
10680	296.0	-1.52	6.1
10680	299.0	8.61	4.49
10680	300.0	5.8	6.51
10690	293.0	0.6	1.55
10690	295.0	-1.18	4.97
10690	296.0	-1.52	6.1
10690	299.0	9.36	4.6
10690	300.0	6.72	6.21
10700	293.0	-0.18	1.04
10700	295.0	-1.18	4.97
10700	296.0	-1.52	6.1
10700	299.0	10.04	4.71
10700	300.0	7.64	5.92
10710	293.0	-1.44	0.46
10710	295.0	-1.18	4.97
10710	296.0	-1.51	6.24
10710	299.0	10.8	4.82
10710	300.0	8.6	5.7
10720	293.0	-2.32	-0.3
10720	295.0	-1.18	4.97
10720	296.0	-1.38	5.87
10720	299.0	11.53	5.0
10720	300.0	9.51	5.42
10730	295.0	-1.18	4.97
10730	296.0	-1.37	5.91
10730	299.0	12.32	5.07
10730	300.0	10.43	5.18
10740	295.0	-1.18	4.97
10740	296.0	-1.37	5.91
10740	299.0	12.91	5.29
10740	300.0	11.34	5.14
10750	295.0	-1.18	4.97
10750	296.0	-1.37	5.91
10750	300.0	12.23	5.09
10760	295.0	-1.18	4.97
10760	296.0	-1.37	5.91
10760	300.0	13.4	5.2
10770	306.0	2.2	8.37
10780	306.0	3.23	7.79
10780	307.0	1.47	6.03
10780	309.0	0.52	7.43
10780	310.0	1.31	7.78
10790	306.0	4.44	7.17
10790	307.0	2.24	5.81
10790	309.0	1.39	7.19
10790	310.0	2.16	7.54
10800	306.0	5.67	6.66
10800	307.0	2.96	5.54
10800	309.0	2.21	6.97
10800	310.0	3.04	7.31
10810	306.0	6.88	6.18
10810	307.0	3.72	5.32
10810	309.0	3.12	6.78
10810	310.0	3.94	7.08
10810	311.0	0.84	7.47
10810	314.0	-0.68	3.47
10820	306.0	8.14	5.73
10820	307.0	4.45	5.19
10820	309.0	3.93	6.56
10820	310.0	4.75	6.89
10820	311.0	1.8	7.37
10820	314.0	0.17	3.62
10830	306.0	9.44	5.6
10830	307.0	5.23	4.98
10830	309.0	4.77	6.37
10830	310.0	5.56	6.75
10830	311.0	2.81	7.15
10830	314.0	0.94	3.72
10840	306.0	10.74	5.59
10840	307.0	6.1	4.81
10840	309.0	5.64	6.19
10840	310.0	6.37	6.61
10840	311.0	3.82	7.02
10840	314.0	1.73	3.85
10840	315.0	-1.71	10.7
10850	306.0	12.18	5.62
10850	307.0	6.97	4.67
10850	309.0	6.48	6.04
10850	310.0	7.2	6.43
10850	311.0	4.86	6.96
10850	314.0	2.67	4.2
10850	315.0	-0.74	10.12
10850	316.0	-1.87	6.4
10860	306.0	13.31	5.69
10860	307.0	7.89	4.6
10860	309.0	7.41	5.96
10860	310.0	8.17	6.25
10860	311.0	5.78	6.93
10860	314.0	3.58	4.44
10860	315.0	0.2	9.58
10860	316.0	-1.33	6.37
10870	307.0	8.84	4.57
10870	309.0	8.33	5.81
10870	310.0	9.09	6.05
10870	311.0	6.88	6.79
10870	314.0	4.45	4.62
10870	315.0	1.24	9.09
10870	316.0	-0.74	6.32
10880	307.0	9.7	4.57
10880	309.0	9.25	5.66
10880	310.0	10.02	5.87
10880	311.0	7.91	6.66
10880	314.0	5.38	4.69
10880	315.0	2.15	8.58
10880	316.0	-0.14	6.18
10890	307.0	10.59	4.51
10890	309.0	10.1	5.57
10890	310.0	10.96	5.81
10890	311.0	8.93	6.53
10890	314.0	6.21	4.86
10890	315.0	3.17	8.22
10890	316.0	0.48	6.05
10900	307.0	11.52	4.56
10900	309.0	10.94	5.55
10900	310.0	11.96	5.77
10900	311.0	9.87	6.42
10900	314.0	7.16	5.02
10900	315.0	4.3	7.85
10900	316.0	1.15	5.98
10910	307.0	12.37	4.63
10910	309.0	11.77	5.61
10910	310.0	13.05	5.84
10910	311.0	10.73	6.37
10910	314.0	7.99	5.23
10910	315.0	5.34	7.39
10910	316.0	1.81	5.91
10920	307.0	14.19	5.22
10920	309.0	12.52	5.77
10920	311.0	11.54	6.27
10920	314.0	8.9	5.48
10920	315.0	6.38	6.95
10920	316.0	2.48	5.94
10930	311.0	12.28	6.2
10930	314.0	9.72	5.78
10930	315.0	7.49	6.56
10930	316.0	3.2	5.92
10940	311.0	12.99	6.19
10940	314.0	10.62	6.0
10940	315.0	8.52	6.19
10940	316.0	3.95	5.89
10950	311.0	13.29	6.3
10950	314.0	11.48	6.17
10950	315.0	9.68	5.95
10950	316.0	4.62	5.82
10960	314.0	12.31	6.22
10960	315.0	10.85	5.8
10960	316.0	5.23	5.78
10970	314.0	12.87	6.38
10970	315.0	11.84	5.65
10970	316.0	5.91	5.72
10980	315.0	12.74	5.62
10980	316.0	6.57	5.71
10990	316.0	7.23	5.67
11000	316.0	7.94	5.67
11010	316.0	8.64	5.72
11020	316.0	9.37	5.77
11030	316.0	10.17	5.77
11040	316.0	10.86	5.73
11050	316.0	11.59	5.73
11060	316.0	12.25	5.63
11070	316.0	12.92	5.65
11210	319.0	10.18	4.29
11210	320.0	12.0	4.35
11220	319.0	9.35	4.08
11220	320.0	11.3	4.09
11230	319.0	8.75	3.94
11230	320.0	10.61	3.98
11240	319.0	8.07	3.82
11240	320.0	10.0	3.72
11240	321.0	11.16	4.54
11240	322.0	11.11	5.18
11240	324.0	13.14	5.14
11250	319.0	7.41	3.88
11250	320.0	9.23	3.66
11250	321.0	10.26	4.48
11250	322.0	10.21	5.33
11250	324.0	12.14	4.68
11260	319.0	6.62	3.93
11260	320.0	8.56	3.47
11260	321.0	9.57	4.41
11260	322.0	9.36	5.23
11260	324.0	11.25	4.1
11270	319.0	5.78	4.02
11270	320.0	7.98	3.27
11270	321.0	8.71	4.26
11270	322.0	8.49	5.13
11270	324.0	10.26	3.89
11280	319.0	4.99	4.02
11280	320.0	7.52	3.12
11280	321.0	7.9	4.22
11280	322.0	7.66	5.08
11280	324.0	9.27	3.76
11280	325.0	-1.54	0.75
11280	326.0	-1.8	0.98
11280	327.0	-2.8	1.84
11280	328.0	-3.58	0.19
11290	319.0	4.2	4.06
11290	320.0	6.71	3.02
11290	321.0	7.04	4.15
11290	322.0	6.74	5.12
11290	324.0	8.24	3.61
11290	325.0	-0.63	1.15
11290	326.0	-1.01	1.67
11290	327.0	-1.78	2.39
11290	328.0	-2.85	0.85
11290	330.0	-4.33	5.52
11300	319.0	3.42	4.19
11300	320.0	5.99	2.77
11300	321.0	6.19	4.1
11300	322.0	5.92	5.01
11300	324.0	7.37	3.34
11300	325.0	0.15	1.51
11300	326.0	-0.18	2.07
11300	327.0	-1.07	2.78
11300	328.0	-1.78	1.47
11300	330.0	-3.27	5.72
11310	319.0	2.6	4.2
11310	320.0	5.27	2.69
11310	321.0	5.4	4.03
11310	322.0	5.04	4.88
11310	324.0	6.09	3.16
11310	325.0	0.87	1.79
11310	326.0	0.58	2.37
11310	327.0	-0.26	2.95
11310	328.0	-0.96	1.92
11310	330.0	-1.85	6.02
11320	319.0	1.86	4.28
11320	320.0	4.56	2.55
11320	321.0	4.52	4.14
11320	322.0	4.18	4.8
11320	324.0	5.62	3.04
11320	325.0	1.63	2.05
11320	326.0	1.37	2.68
11320	327.0	0.54	3.13
11320	328.0	-0.3	2.33
11320	330.0	-0.46	6.26
11330	319.0	0.89	4.3
11330	320.0	3.99	2.18
11330	321.0	3.7	4.16
11330	322.0	3.27	4.83
11330	324.0	4.45	2.8
11330	325.0	2.44	2.36
11330	326.0	2.14	2.91
11330	327.0	1.32	3.32
11330	328.0	0.25	2.67
11330	330.0	0.88	6.38
11340	319.0	0.08	4.26
11340	320.0	3.28	2.03
11340	321.0	2.89	4.17
11340	322.0	2.43	4.85
11340	324.0	4.08	2.58
11340	325.0	3.16	2.77
11340	326.0	2.9	3.22
11340	327.0	2.04	3.54
11340	328.0	1.01	3.01
11340	330.0	1.95	6.39
11350	319.0	-0.7	4.57
11350	320.0	2.48	1.94
11350	321.0	2.06	4.04
11350	322.0	1.54	4.72
11350	324.0	3.34	2.42
11350	325.0	4.05	3.07
11350	326.0	3.67	3.47
11350	327.0	2.79	3.76
11350	328.0	1.81	3.28
11350	330.0	3.23	6.38
11360	319.0	-1.24	5.02
11360	320.0	1.82	1.93
11360	321.0	1.17	3.87
11360	322.0	0.55	4.53
11360	324.0	2.57	2.5
11360	325.0	4.96	3.24
11360	326.0	4.43	3.72
11360	327.0	3.61	4.08
11360	328.0	2.69	3.53
11360	330.0	4.57	6.38
11370	319.0	-1.85	5.74
11370	320.0	1.16	1.97
11370	321.0	0.44	3.52
11370	322.0	-0.29	4.27
11370	324.0	1.9	2.66
11370	325.0	5.81	3.38
11370	326.0	5.41	3.86
11370	327.0	4.62	4.44
11370	328.0	3.54	3.85
11370	330.0	5.88	6.37
11370	332.0	13.33	5.77
11380	319.0	-2.3	6.59
11380	320.0	0.52	1.64
11380	321.0	-0.33	3.2
11380	322.0	-1.04	3.95
11380	324.0	0.69	2.64
11380	325.0	6.69	3.46
11380	326.0	6.32	4.02
11380	327.0	5.55	4.7
11380	328.0	4.41	4.13
11380	330.0	7.2	6.41
11380	332.0	12.15	5.7
11390	319.0	-2.32	7.45
11390	320.0	0.11	1.36
11390	321.0	-1.03	2.81
11390	322.0	-1.79	3.57
11390	324.0	-0.11	2.3
11390	325.0	7.56	3.48
11390	326.0	7.24	4.14
11390	327.0	6.49	4.88
11390	328.0	5.31	4.4
11390	330.0	8.51	6.44
11390	332.0	11.01	5.69
11390	333.0	11.96	5.27
11390	334.0	-2.96	5.37
11390	336.0	-4.14	5.88
11390	337.0	-3.5	6.64
11390	338.0	-3.49	7.54
11400	320.0	-0.69	0.69
11400	321.0	-1.74	2.34
11400	322.0	-2.59	2.94
11400	324.0	-0.92	1.73
11400	325.0	8.48	3.59
11400	326.0	8.15	4.22
11400	327.0	7.4	5.01
11400	328.0	6.26	4.56
11400	330.0	9.84	6.52
11400	332.0	9.93	5.72
11400	333.0	10.77	5.38
11400	334.0	-2.36	5.24
11400	336.0	-3.25	5.87
11400	337.0	-2.56	6.43
11400	338.0	-2.4	7.29
11410	320.0	-1.29	0.44
11410	321.0	-2.25	1.87
11410	322.0	-3.29	2.54
11410	324.0	-1.86	1.2
11410	325.0	9.34	3.79
11410	326.0	9.03	4.21
11410	327.0	8.32	4.92
11410	328.0	7.22	4.63
11410	330.0	11.18	6.44
11410	332.0	8.83	5.77
11410	333.0	9.55	5.42
11410	334.0	-1.59	5.2
11410	336.0	-2.37	5.86
11410	337.0	-1.61	6.42
11410	338.0	-1.32	7.2
11420	325.0	10.26	3.94
11420	326.0	9.95	4.32
11420	327.0	9.26	4.99
11420	328.0	8.01	4.71
11420	330.0	12.53	6.17
11420	332.0	7.73	5.62
11420	333.0	8.59	5.53
11420	334.0	-1.28	5.15
11420	336.0	-1.28	5.89
11420	337.0	-0.77	6.34
11420	338.0	-0.49	7.15
11430	325.0	11.14	4.06
11430	326.0	10.87	4.5
11430	327.0	10.12	5.15
11430	328.0	8.82	4.55
11430	332.0	6.66	5.39
11430	333.0	7.5	5.23
11430	334.0	-0.3	5.1
11430	336.0	-0.23	5.88
11430	337.0	0.22	6.31
11430	338.0	0.6	6.93
11440	325.0	12.03	4.34
11440	326.0	11.76	4.75
11440	327.0	11.0	5.36
11440	328.0	9.71	4.68
11440	332.0	5.65	5.05
11440	333.0	6.47	4.74
11440	334.0	0.72	5.23
11440	336.0	0.71	5.82
11440	337.0	1.15	6.25
11440	338.0	1.61	6.86
11450	325.0	13.04	4.7
11450	326.0	12.65	5.1
11450	327.0	11.81	5.55
11450	328.0	10.49	4.96
11450	332.0	4.59	4.62
11450	333.0	5.27	4.1
11450	334.0	1.69	5.23
11450	336.0	1.68	5.77
11450	337.0	2.23	6.23
11450	338.0	2.6	6.95
11460	325.0	13.96	5.0
11460	327.0	12.64	5.61
11460	328.0	11.34	5.08
11460	332.0	3.54	4.18
11460	333.0	4.19	3.59
11460	334.0	2.67	5.2
11460	336.0	2.67	5.84
11460	337.0	3.37	6.2
11460	338.0	3.56	6.93
11470	327.0	13.39	5.69
11470	328.0	12.08	5.33
11470	332.0	2.46	3.68
11470	333.0	3.05	3.15
11470	334.0	3.49	5.12
11470	336.0	3.68	5.91
11470	337.0	4.32	6.22
11470	338.0	4.5	6.94
11480	328.0	12.76	5.36
11480	332.0	1.34	3.17
11480	333.0	1.91	2.67
11480	334.0	4.46	5.05
11480	336.0	4.62	5.86
11480	337.0	5.23	6.18
11480	338.0	5.41	6.89
11490	328.0	13.71	5.9
11490	332.0	0.47	2.71
11490	333.0	0.84	2.06
11490	334.0	5.46	5.01
11490	336.0	5.62	5.84
11490	337.0	6.2	6.15
11490	338.0	6.37	6.83
11500	332.0	-0.62	2.09
11500	333.0	-0.19	1.44
11500	334.0	6.41	4.89
11500	336.0	6.66	5.81
11500	337.0	7.25	6.12
11500	338.0	7.41	6.77
11510	334.0	7.36	4.82
11510	336.0	7.63	5.63
11510	337.0	8.27	6.03
11510	338.0	8.43	6.67
11520	334.0	8.35	4.75
11520	336.0	8.62	5.64
11520	337.0	9.26	6.05
11520	338.0	9.45	6.67
11530	334.0	9.26	4.66
11530	336.0	9.43	5.53
11530	337.0	10.26	6.09
11530	338.0	10.49	6.63
11540	334.0	10.17	4.57
11540	336.0	10.4	5.56
11540	337.0	11.24	6.04
11540	338.0	11.45	6.57
11550	334.0	11.12	4.6
11550	336.0	11.03	5.57
11550	337.0	12.19	5.98
11550	338.0	12.41	6.54
11610	340.0	9.53	6.24
11610	341.0	11.65	6.69
11620	340.0	8.55	5.87
11620	341.0	10.67	6.41
11630	340.0	7.47	5.41
11630	341.0	9.62	6.07
11640	340.0	6.41	4.89
11640	341.0	8.64	5.72
11650	340.0	5.29	4.4
11650	341.0	7.61	5.48
11660	340.0	4.21	3.81
11660	341.0	6.62	5.21
11670	340.0	3.09	3.14
11670	341.0	5.63	4.92
11680	340.0	1.98	2.45
11680	341.0	4.62	4.56
11690	340.0	0.96	1.76
11690	341.0	3.61	4.11
11700	340.0	-0.17	1.22
11700	341.0	2.53	3.62
11710	340.0	-1.23	0.59
11710	341.0	1.48	3.06
11720	340.0	-2.25	-0.2
11720	341.0	0.55	2.57
11730	340.0	-3.12	-1.0
11730	341.0	-0.44	2.06
11740	340.0	-3.99	-1.83
11740	341.0	-1.35	1.42
11750	340.0	-4.84	-2.62
11750	341.0	-2.23	0.69
11840	342.0	10.64	4.9
11850	342.0	9.73	4.76
11860	342.0	8.75	4.6
11860	343.0	0.13	1.43
11860	344.0	-0.75	1.87
11870	342.0	7.84	4.56
11870	343.0	1.12	1.94
11870	344.0	0.39	2.42
11870	346.0	-2.7	0.74
11870	347.0	-2.39	-0.05
11880	342.0	6.88	4.5
11880	343.0	1.94	2.32
11880	344.0	1.4	2.82
11880	346.0	-1.8	1.32
11880	347.0	-1.43	0.8
11880	348.0	13.41	5.46
11890	342.0	5.99	4.48
11890	343.0	2.86	2.6
11890	344.0	2.4	3.17
11890	346.0	-1.04	1.87
11890	347.0	-0.68	1.28
11890	348.0	12.4	5.01
11900	342.0	5.08	4.47
11900	343.0	3.89	2.92
11900	344.0	3.39	3.42
11900	346.0	-0.06	2.38
11900	347.0	0.4	1.6
11900	348.0	11.32	4.73
11900	349.0	-4.86	5.07
11910	342.0	4.17	4.43
11910	343.0	5.11	3.06
11910	344.0	4.4	3.61
11910	346.0	0.89	2.76
11910	347.0	1.37	2.04
11910	348.0	10.24	4.56
11910	349.0	-3.8	5.22
11920	342.0	3.31	4.36
11920	343.0	6.22	3.24
11920	344.0	5.58	3.77
11920	346.0	1.98	3.1
11920	347.0	2.48	2.39
11920	348.0	9.14	4.44
11920	349.0	-2.74	5.37
11930	342.0	2.48	4.12
11930	343.0	7.35	3.3
11930	344.0	6.77	3.82
11930	346.0	3.02	3.31
11930	347.0	3.62	2.57
11930	348.0	8.1	4.53
11930	349.0	-1.62	5.53
11940	342.0	1.68	3.86
11940	343.0	8.49	3.53
11940	344.0	7.84	3.91
11940	346.0	4.14	3.53
11940	347.0	4.56	2.82
11940	348.0	6.97	4.6
11940	349.0	-0.47	5.61
11940	353.0	-4.79	-0.26
11950	342.0	0.82	3.51
11950	343.0	9.6	3.81
11950	344.0	8.96	4.19
11950	346.0	5.34	3.75
11950	347.0	5.59	3.06
11950	348.0	5.71	4.73
11950	349.0	0.67	5.64
11950	353.0	-4.04	0.44
11960	342.0	0.03	3.29
11960	343.0	10.61	4.09
11960	344.0	9.99	4.46
11960	346.0	6.47	3.91
11960	347.0	6.65	3.3
11960	348.0	4.6	4.55
11960	349.0	1.81	5.63
11960	353.0	-3.12	1.03
11970	342.0	-0.92	2.98
11970	343.0	11.74	4.48
11970	344.0	11.04	4.86
11970	346.0	7.53	4.13
11970	347.0	7.68	3.43
11970	348.0	3.53	4.29
11970	349.0	2.94	5.59
11970	353.0	-2.13	1.65
11970	355.0	-2.4	10.55
11980	342.0	-1.7	2.72
11980	343.0	12.84	4.85
11980	344.0	12.1	5.17
11980	346.0	8.63	4.4
11980	347.0	8.67	3.73
11980	348.0	2.45	4.18
11980	349.0	4.1	5.5
11980	353.0	-1.07	2.05
11980	355.0	-1.66	9.9
11990	342.0	-2.29	2.29
11990	343.0	13.96	5.38
11990	344.0	13.22	5.51
11990	346.0	9.67	4.74
11990	347.0	9.64	3.88
11990	348.0	1.36	4.01
11990	349.0	5.3	5.45
11990	353.0	-0.1	2.48
11990	355.0	-0.84	9.56
12000	342.0	-2.96	1.67
12000	346.0	10.73	5.07
12000	347.0	10.72	4.23
12000	348.0	0.34	3.98
12000	349.0	6.49	5.38
12000	353.0	0.91	2.96
12000	355.0	-0.19	8.92
12010	342.0	-3.47	1.06
12010	346.0	11.71	5.41
12010	347.0	11.72	4.52
12010	348.0	-0.62	4.02
12010	349.0	7.69	5.31
12010	353.0	1.95	3.38
12010	355.0	0.51	8.54
12020	342.0	-3.96	0.4
12020	346.0	12.6	5.66
12020	347.0	12.67	4.84
12020	348.0	-1.56	4.0
12020	349.0	8.88	5.26
12020	353.0	3.0	3.81
12020	355.0	1.38	8.29
12020	359.0	-4.9	12.67
12030	342.0	-4.35	-0.27
12030	346.0	13.85	6.2
12030	347.0	13.98	5.17
12030	348.0	-2.39	3.96
12030	349.0	10.09	5.25
12030	353.0	4.06	4.17
12030	355.0	2.2	8.09
12030	359.0	-4.12	12.14
12040	342.0	-4.74	-1.01
12040	348.0	-3.25	4.09
12040	349.0	11.27	5.29
12040	353.0	5.1	4.49
12040	355.0	3.05	7.92
12040	359.0	-3.37	11.66
12050	348.0	-4.23	4.24
12050	349.0	12.41	5.34
12050	353.0	6.13	4.67
12050	355.0	3.91	7.72
12050	359.0	-2.77	11.06
12060	348.0	-5.09	4.43
12060	349.0	13.96	5.57
12060	353.0	7.13	4.83
12060	355.0	4.69	7.34
12060	359.0	-1.92	10.43
12070	348.0	-5.9	4.54
12070	353.0	8.06	4.98
12070	355.0	5.45	6.89
12070	359.0	-0.95	9.91
12080	348.0	-6.7	4.64
12080	353.0	8.9	4.98
12080	355.0	6.25	6.46
12080	359.0	-0.16	9.39
12090	353.0	9.63	4.87
12090	355.0	7.12	6.14
12090	359.0	0.74	8.91
12100	353.0	10.3	4.84
12100	355.0	7.94	5.86
12100	359.0	1.58	8.5
12110	353.0	11.03	4.88
12110	355.0	8.73	5.65
12110	359.0	2.45	8.11
12120	353.0	11.76	5.1
12120	355.0	9.62	5.47
12120	359.0	3.38	7.77
12130	353.0	12.65	5.34
12130	355.0	10.53	5.22
12130	359.0	4.56	7.32
12140	353.0	13.45	5.53
12140	355.0	11.4	5.15
12140	359.0	5.71	6.86
12150	355.0	12.25	5.14
12150	359.0	6.64	6.56
12160	355.0	13.06	5.24
12160	359.0	7.37	6.33
12170	355.0	13.32	5.62
12170	359.0	8.34	5.9
12180	359.0	9.37	5.77
12190	359.0	10.39	5.67
12200	359.0	11.58	5.61
12200	361.0	-1.42	2.71
12210	359.0	12.52	5.73
12210	361.0	-0.4	2.86
12220	359.0	13.76	5.26
12220	361.0	0.65	2.95
12220	362.0	-0.86	4.45
12230	361.0	1.67	3.02
12230	362.0	0.14	4.42
12240	361.0	2.74	3.06
12240	362.0	1.25	4.44
12240	364.0	-2.27	5.57
12250	361.0	3.79	3.15
12250	362.0	2.34	4.5
12250	364.0	-1.36	5.39
12260	361.0	4.81	3.24
12260	362.0	3.38	4.43
12260	364.0	-0.26	5.35
12270	361.0	5.88	3.4
12270	362.0	4.48	4.44
12270	364.0	0.85	5.22
12280	361.0	6.99	3.63
12280	362.0	5.6	4.5
12280	364.0	1.95	5.17
12290	361.0	8.11	3.85
12290	362.0	6.68	4.54
12290	364.0	3.13	5.1
12300	361.0	9.22	4.02
12300	362.0	7.83	4.6
12300	364.0	4.23	4.93
12310	361.0	10.37	4.31
12310	362.0	8.9	4.65
12310	364.0	5.36	4.82
12320	361.0	11.52	4.57
12320	362.0	9.96	4.75
12320	364.0	6.51	4.68
12330	361.0	12.61	4.8
12330	362.0	11.02	4.88
12330	364.0	7.59	4.5
12340	361.0	13.39	4.85
12340	362.0	12.04	4.98
12340	364.0	8.68	4.35
12350	362.0	12.85	5.08
12350	364.0	9.7	4.26
12360	364.0	10.64	4.13
12370	364.0	11.5	4.09
12380	364.0	12.29	4.14
