0	4.0	2.74	-2.5
0	6.0	-1.72	1.32
0	7.0	-2.45	2.26
0	9.0	1.16	-8.54
0	10.0	-0.11	-9.9
10	4.0	2.76	-1.77
10	6.0	-1.72	1.32
10	7.0	-2.43	2.46
10	9.0	1.18	-9.17
10	10.0	-0.1	-9.88
20	4.0	2.73	-1.07
20	6.0	-1.72	1.32
20	7.0	-2.43	2.59
30	4.0	2.73	-0.42
30	6.0	-1.72	1.32
30	7.0	-2.38	2.82
40	4.0	2.71	0.34
40	6.0	-1.72	1.32
40	7.0	-2.41	3.35
50	4.0	2.63	0.94
50	6.0	-1.72	1.32
50	7.0	-2.41	3.76
60	4.0	2.59	1.68
60	6.0	-1.72	1.32
70	4.0	2.53	2.24
70	6.0	-1.72	1.32
80	6.0	-1.72	1.32
90	6.0	-1.72	1.32
100	6.0	-1.72	1.32
110	6.0	-1.7	1.32
120	6.0	-1.7	1.32
130	6.0	-1.7	1.32
140	6.0	-1.7	1.32
150	6.0	-1.7	1.32
160	6.0	-1.7	1.32
170	6.0	-1.7	1.32
180	6.0	-1.7	1.32
190	6.0	-1.7	1.32
200	6.0	-1.7	1.32
210	6.0	-1.7	1.32
220	6.0	-1.7	1.32
230	6.0	-1.7	1.32
230	18.0	3.29	-6.77
240	6.0	-1.72	1.32
240	18.0	3.29	-6.04
250	6.0	-1.72	1.32
250	18.0	3.24	-5.34
260	18.0	3.25	-4.66
270	18.0	3.24	-3.93
280	18.0	3.27	-3.24
290	18.0	3.26	-2.57
300	18.0	3.21	-1.88
310	18.0	3.22	-1.22
320	18.0	3.22	-0.53
320	19.0	0.36	1.64
330	18.0	3.29	0.12
330	19.0	0.44	2.06
340	18.0	3.43	0.85
340	19.0	0.57	2.5
350	18.0	3.44	1.44
350	19.0	0.61	2.96
500	24.0	0.27	2.65
500	25.0	-0.67	2.78
510	24.0	0.44	2.34
510	25.0	-0.45	2.56
520	24.0	0.58	2.1
520	25.0	-0.29	2.33
530	24.0	0.7	1.88
530	25.0	-0.09	2.1
540	24.0	0.72	1.61
540	25.0	0.05	1.83
550	24.0	0.76	1.34
550	25.0	0.15	1.52
560	24.0	0.83	1.0
560	25.0	0.27	1.22
570	24.0	0.82	0.68
570	25.0	0.26	0.9
580	24.0	0.85	0.35
580	25.0	0.3	0.59
590	24.0	0.99	0.01
590	25.0	0.27	0.28
600	24.0	1.07	-0.32
600	25.0	0.26	-0.05
610	24.0	1.13	-0.71
610	25.0	0.3	-0.39
620	24.0	1.22	-1.08
620	25.0	0.26	-0.78
630	24.0	1.29	-1.47
630	25.0	0.34	-1.18
640	24.0	1.33	-1.82
640	25.0	0.37	-1.57
650	24.0	1.42	-2.18
650	25.0	0.42	-1.96
660	24.0	1.49	-2.54
660	25.0	0.5	-2.33
670	24.0	1.5	-2.91
670	25.0	0.54	-2.74
680	24.0	1.54	-3.31
680	25.0	0.66	-3.14
690	24.0	1.64	-3.8
690	25.0	0.71	-3.52
700	24.0	1.66	-4.26
700	25.0	0.8	-3.9
710	24.0	1.67	-4.72
710	25.0	0.89	-4.27
720	24.0	1.7	-5.18
720	25.0	0.88	-4.65
730	24.0	1.65	-5.59
730	25.0	0.94	-5.06
740	24.0	1.59	-5.98
740	25.0	0.93	-5.46
750	24.0	1.65	-6.4
750	25.0	0.97	-5.87
760	24.0	1.69	-6.77
760	25.0	0.99	-6.24
770	24.0	1.71	-7.14
770	25.0	0.97	-6.62
780	24.0	1.8	-7.43
780	25.0	1.07	-6.99
790	24.0	1.88	-7.7
790	25.0	1.13	-7.34
800	24.0	1.85	-7.96
800	25.0	1.22	-7.67
1000	37.0	0.05	-4.68
1000	38.0	-1.4	-7.32
1010	37.0	-0.22	-4.31
1010	38.0	-1.4	-7.3
1020	37.0	-0.52	-3.93
1020	38.0	-1.4	-7.28
1030	37.0	-0.78	-3.5
1030	38.0	-1.4	-7.28
1040	37.0	-1.05	-3.16
1040	38.0	-1.4	-7.28
1050	37.0	-1.24	-2.85
1050	38.0	-1.4	-7.28
1060	37.0	-1.37	-2.62
1060	38.0	-1.4	-7.28
1070	37.0	-1.57	-2.52
1070	38.0	-1.4	-7.28
1080	37.0	-1.66	-2.54
1080	38.0	-1.4	-7.28
1090	38.0	-1.36	-7.32
1100	38.0	-1.33	-7.38
1110	38.0	-1.31	-7.42
1120	38.0	-1.31	-7.43
1130	38.0	-1.31	-7.43
1140	38.0	-1.31	-7.43
1140	44.0	-2.39	-2.19
1150	38.0	-1.31	-7.43
1150	44.0	-2.39	-2.19
1160	38.0	-1.31	-7.43
1160	44.0	-2.39	-2.19
1170	38.0	-1.31	-7.43
1170	44.0	-2.39	-2.19
1180	38.0	-1.31	-7.43
1190	38.0	-1.31	-7.43
1200	38.0	-1.31	-7.43
1210	38.0	-1.37	-7.53
1210	49.0	-1.09	-3.64
1220	38.0	-1.43	-7.56
1220	49.0	-0.84	-4.05
1230	38.0	-1.32	-7.44
1230	49.0	-0.49	-4.48
1240	38.0	-1.31	-7.43
1240	49.0	-0.21	-4.78
1240	51.0	0.92	3.06
1250	38.0	-1.31	-7.43
1250	49.0	0.04	-5.27
1250	51.0	1.01	2.49
1260	38.0	-1.31	-7.43
1260	49.0	0.33	-5.73
1260	51.0	1.03	1.91
1270	38.0	-1.32	-7.41
1270	49.0	0.52	-6.3
1270	51.0	1.02	1.33
1280	38.0	-1.34	-7.37
1280	49.0	0.56	-6.89
1280	51.0	1.09	0.7
1290	38.0	-1.36	-7.34
1290	49.0	0.67	-7.48
1290	51.0	1.08	0.07
1300	38.0	-1.36	-7.3
1300	49.0	0.67	-8.05
1300	51.0	1.12	-0.52
1310	38.0	-1.36	-7.32
1310	49.0	0.77	-8.64
1310	51.0	1.16	-1.15
1320	38.0	-1.33	-7.38
1320	51.0	1.18	-1.79
1330	38.0	-1.29	-7.44
1330	51.0	1.3	-2.42
1340	38.0	-1.27	-7.47
1340	51.0	1.52	-3.16
1350	38.0	-1.27	-7.47
1350	51.0	1.52	-3.83
1360	38.0	-1.27	-7.47
1360	51.0	1.61	-4.39
1370	38.0	-1.27	-7.47
1370	51.0	1.6	-5.09
1380	38.0	-1.31	-7.58
1380	51.0	1.63	-5.78
1390	38.0	-1.29	-7.52
1400	38.0	-1.27	-7.47
1410	38.0	-1.27	-7.47
1420	38.0	-1.27	-7.47
1430	38.0	-1.27	-7.47
1440	38.0	-1.27	-7.47
1450	38.0	-1.27	-7.47
1460	38.0	-1.27	-7.47
1470	38.0	-1.27	-7.47
1480	38.0	-1.27	-7.47
1480	53.0	3.02	-1.86
1490	38.0	-1.27	-7.47
1490	53.0	2.91	-1.14
1500	38.0	-1.29	-7.47
1500	53.0	2.74	-0.43
1510	38.0	-1.38	-7.43
1510	53.0	2.66	0.29
1520	38.0	-1.47	-7.34
1520	53.0	2.59	0.99
1530	38.0	-1.51	-7.27
1530	53.0	2.6	1.68
1540	38.0	-1.52	-7.27
1540	53.0	2.55	2.34
1550	38.0	-1.52	-7.27
1550	53.0	2.55	2.99
1560	38.0	-1.52	-7.27
1570	38.0	-1.52	-7.27
1580	38.0	-1.52	-7.27
1590	38.0	-1.52	-7.27
1600	38.0	-1.52	-7.27
1610	38.0	-1.52	-7.27
1620	38.0	-1.52	-7.27
1630	38.0	-1.52	-7.27
1640	38.0	-1.52	-7.27
1650	38.0	-1.52	-7.27
1660	38.0	-1.52	-7.27
1670	38.0	-1.52	-7.27
1670	57.0	3.14	-3.22
1680	38.0	-1.52	-7.27
1680	57.0	3.07	-2.62
1690	38.0	-1.52	-7.27
1690	57.0	2.96	-2.04
1700	38.0	-1.52	-7.27
1700	57.0	2.97	-1.5
1710	38.0	-1.52	-7.27
1710	57.0	2.94	-0.93
1720	38.0	-1.52	-7.27
1720	57.0	2.78	-0.38
1730	38.0	-1.52	-7.27
1730	57.0	2.69	0.13
1740	38.0	-1.52	-7.27
1740	57.0	2.65	0.72
1750	38.0	-1.52	-7.27
1750	57.0	2.57	1.34
1760	38.0	-1.52	-7.27
1770	38.0	-1.52	-7.27
1780	38.0	-1.52	-7.27
1790	38.0	-1.52	-7.27
1800	38.0	-1.52	-7.27
1810	38.0	-1.52	-7.27
1820	38.0	-1.52	-7.27
1830	38.0	-1.52	-7.27
1840	38.0	-1.52	-7.27
1840	60.0	1.04	4.06
1850	38.0	-1.52	-7.27
1850	60.0	0.95	3.5
1850	62.0	3.24	-3.68
1860	38.0	-1.52	-7.27
1860	60.0	1.0	3.04
1860	62.0	3.23	-3.08
1870	38.0	-1.52	-7.27
1870	60.0	1.04	2.63
1870	62.0	3.21	-2.52
1880	38.0	-1.52	-7.27
1880	60.0	1.02	2.21
1880	62.0	3.2	-1.95
1890	38.0	-1.52	-7.27
1890	60.0	1.07	1.88
1890	62.0	3.28	-1.36
1900	38.0	-1.52	-7.27
1900	60.0	1.08	1.61
1900	62.0	3.31	-0.81
1900	63.0	1.18	3.75
1910	38.0	-1.52	-7.27
1910	60.0	1.06	1.33
1910	62.0	3.34	-0.25
1910	63.0	1.2	3.25
1920	38.0	-1.52	-7.27
1920	60.0	0.98	1.12
1920	62.0	3.46	0.32
1920	63.0	1.33	2.71
1930	38.0	-1.52	-7.27
1930	60.0	0.98	0.9
1930	62.0	3.49	0.86
1930	63.0	1.45	2.13
1940	38.0	-1.52	-7.27
1940	60.0	0.98	0.59
1940	62.0	3.52	1.4
1940	63.0	1.69	1.61
1950	38.0	-1.52	-7.27
1950	60.0	1.03	0.28
1950	62.0	3.63	1.93
1950	63.0	1.97	1.07
1960	38.0	-1.52	-7.27
1960	60.0	0.94	-0.04
1960	62.0	3.63	2.42
1960	63.0	2.2	0.54
1970	38.0	-1.52	-7.27
1970	60.0	0.88	-0.34
1970	62.0	3.63	2.93
1970	63.0	2.44	-0.08
1980	38.0	-1.52	-7.27
1980	60.0	0.93	-0.57
1980	63.0	2.56	-0.76
1990	38.0	-1.52	-7.27
1990	60.0	0.83	-0.74
1990	63.0	2.61	-1.41
2000	65.0	0.7	-0.86
2000	66.0	2.63	-2.22
2010	65.0	0.66	-1.11
2010	66.0	2.57	-2.94
2020	65.0	0.55	-1.31
2020	66.0	2.59	-3.64
2030	65.0	0.58	-1.37
2030	66.0	2.56	-4.38
2040	65.0	0.5	-1.52
2040	66.0	2.47	-5.07
2050	65.0	0.49	-1.5
2050	66.0	2.45	-5.77
2060	65.0	0.49	-1.5
2060	66.0	2.33	-6.47
2100	67.0	3.13	-7.14
2110	67.0	3.21	-6.34
2120	67.0	3.21	-5.55
2130	67.0	3.17	-4.74
2130	69.0	3.07	-9.21
2140	67.0	3.1	-3.94
2140	69.0	3.04	-8.45
2150	67.0	2.99	-3.16
2150	69.0	2.94	-7.66
2160	67.0	2.91	-2.44
2160	69.0	2.73	-6.87
2170	67.0	2.78	-1.69
2170	69.0	2.55	-6.06
2180	67.0	2.76	-0.89
2180	69.0	2.29	-5.24
2190	67.0	2.61	-0.14
2190	69.0	2.12	-4.47
2200	67.0	2.53	0.6
2200	69.0	1.93	-3.66
2210	67.0	2.42	1.33
2210	69.0	1.83	-2.85
2220	67.0	2.36	2.12
2220	69.0	1.88	-2.04
2230	69.0	1.89	-1.23
2240	69.0	1.98	-0.45
2300	70.0	2.85	0.74
2310	70.0	2.93	0.25
2320	70.0	3.14	-0.23
2330	70.0	3.35	-0.73
2340	70.0	3.55	-1.23
2350	70.0	3.8	-1.87
2770	73.0	3.66	0.82
2780	73.0	3.63	1.38
2790	73.0	3.61	1.99
2800	73.0	3.59	2.57
2840	75.0	2.29	-6.96
2840	80.0	1.48	-9.33
2850	75.0	2.32	-6.52
2850	80.0	1.48	-9.33
2860	75.0	2.36	-6.09
2860	80.0	1.48	-9.33
2870	75.0	2.57	-5.62
2870	80.0	1.48	-9.33
2880	75.0	2.69	-5.17
2880	80.0	1.48	-9.33
2890	75.0	2.73	-4.7
2890	80.0	1.48	-9.33
2900	75.0	2.8	-4.22
2900	80.0	1.48	-9.33
2910	75.0	2.86	-3.8
2910	80.0	1.48	-9.33
2920	75.0	2.79	-3.36
2920	80.0	1.48	-9.33
2930	80.0	1.48	-9.33
2940	80.0	1.48	-9.33
2950	80.0	1.48	-9.33
2960	80.0	1.48	-9.33
2970	80.0	1.48	-9.33
2980	80.0	1.5	-9.33
3100	83.0	1.65	2.7
3110	83.0	1.73	2.09
3110	84.0	3.39	-0.92
3120	83.0	1.73	1.52
3120	84.0	3.46	-0.36
3130	83.0	1.71	0.91
3130	84.0	3.54	0.19
3140	83.0	1.78	0.3
3140	84.0	3.55	0.77
3150	83.0	1.76	-0.31
3160	83.0	1.72	-0.89
3170	83.0	1.74	-1.47
3170	85.0	1.22	-8.24
3170	86.0	1.41	-9.28
3180	83.0	1.68	-2.07
3180	85.0	1.22	-8.24
3180	86.0	1.41	-9.28
3190	83.0	1.66	-2.67
3190	85.0	1.22	-8.24
3190	86.0	1.41	-9.28
3200	83.0	1.68	-3.29
3200	85.0	1.22	-8.24
3200	86.0	1.41	-9.28
3200	87.0	3.36	-8.77
3210	83.0	1.58	-3.91
3210	85.0	1.22	-8.24
3210	86.0	1.41	-9.28
3210	87.0	3.33	-8.02
3220	83.0	1.49	-4.55
3220	85.0	1.22	-8.24
3220	86.0	1.41	-9.28
3220	87.0	3.35	-7.3
3230	83.0	1.35	-5.17
3230	85.0	1.22	-8.24
3230	86.0	1.41	-9.28
3230	87.0	3.32	-6.61
3240	83.0	1.09	-5.74
3240	85.0	1.22	-8.24
3240	86.0	1.41	-9.28
3240	87.0	3.22	-5.88
3250	83.0	0.93	-6.33
3250	85.0	1.22	-8.24
3250	86.0	1.41	-9.28
3260	83.0	0.75	-6.88
3260	85.0	1.22	-8.24
3260	86.0	1.41	-9.28
3270	83.0	0.51	-7.43
3270	85.0	1.22	-8.24
3270	86.0	1.41	-9.27
3280	83.0	0.46	-8.02
3280	85.0	1.22	-8.24
3280	86.0	1.41	-9.26
3290	83.0	0.41	-8.57
3290	85.0	1.22	-8.24
3290	86.0	1.41	-9.26
3300	83.0	0.33	-9.13
3300	85.0	1.22	-8.24
3300	86.0	1.41	-9.26
3410	90.0	1.28	-0.65
3410	91.0	1.97	-3.91
3410	93.0	1.41	-9.2
3420	90.0	1.33	-1.16
3420	91.0	2.09	-4.42
3420	93.0	1.41	-9.2
3430	90.0	1.34	-1.68
3430	91.0	2.2	-4.95
3430	93.0	1.41	-9.2
3440	90.0	1.47	-2.2
3440	91.0	2.27	-5.49
3440	93.0	1.41	-9.2
3450	90.0	1.57	-2.71
3450	91.0	2.34	-5.99
3450	93.0	1.41	-9.2
3460	90.0	1.64	-3.29
3460	91.0	2.4	-6.48
3460	93.0	1.41	-9.2
3470	90.0	1.75	-3.82
3470	91.0	2.47	-6.94
3470	93.0	1.41	-9.2
3480	90.0	1.85	-4.35
3480	91.0	2.52	-7.37
3480	93.0	1.41	-9.2
3490	90.0	1.9	-4.9
3490	91.0	2.5	-7.95
3490	93.0	1.41	-9.2
3490	95.0	3.7	-10.21
3500	90.0	1.96	-5.4
3500	91.0	2.38	-8.32
3500	93.0	1.41	-9.2
3500	95.0	3.79	-9.6
3510	90.0	2.06	-5.93
3510	91.0	2.37	-8.88
3510	93.0	1.41	-9.2
3510	95.0	3.78	-8.92
3520	90.0	2.08	-6.43
3520	91.0	2.21	-9.41
3520	93.0	1.41	-9.2
3520	95.0	3.79	-8.29
3530	90.0	2.07	-6.97
3530	91.0	2.25	-9.99
3530	93.0	1.41	-9.2
3530	95.0	3.74	-7.73
3540	90.0	2.14	-7.51
3540	93.0	1.43	-9.19
3540	95.0	3.8	-7.11
3550	90.0	2.12	-8.08
3550	93.0	1.47	-9.15
3560	90.0	2.09	-8.66
3560	93.0	1.45	-9.14
3570	90.0	2.28	-9.11
3570	93.0	1.4	-9.14
3580	90.0	2.16	-9.65
3580	93.0	1.38	-9.14
4000	98.0	3.51	1.98
4000	99.0	3.53	-4.78
4000	101.0	1.26	-8.15
4010	98.0	3.53	1.61
4010	99.0	3.57	-4.14
4010	101.0	1.26	-8.15
4020	98.0	3.62	1.19
4020	99.0	3.43	-3.63
4020	101.0	1.25	-8.13
4030	98.0	3.71	0.79
4030	99.0	3.44	-3.09
4030	101.0	1.25	-8.13
4040	98.0	3.8	0.52
4040	99.0	3.41	-2.58
4040	101.0	1.31	-8.2
4050	98.0	3.82	0.43
4050	99.0	3.31	-2.06
4050	101.0	1.36	-8.29
4060	98.0	3.82	0.37
4060	99.0	3.28	-1.54
4060	101.0	1.37	-8.31
4070	98.0	3.82	0.34
4070	99.0	3.22	-1.06
4070	101.0	1.37	-8.31
4080	98.0	3.82	0.25
4080	99.0	3.14	-0.56
4080	101.0	1.37	-8.31
4090	98.0	3.82	0.25
4090	99.0	3.13	0.02
4090	101.0	1.37	-8.31
4100	98.0	3.82	0.25
4100	99.0	3.1	0.54
4100	101.0	1.37	-8.31
4110	98.0	3.82	0.25
4110	99.0	3.17	1.02
4110	101.0	1.37	-8.31
4120	98.0	3.82	0.25
4120	99.0	3.22	1.48
4120	101.0	1.38	-8.32
4130	98.0	3.82	0.28
4130	99.0	3.22	2.0
4130	101.0	1.39	-8.32
4140	101.0	1.39	-8.32
4150	101.0	1.39	-8.32
4160	101.0	1.39	-8.32
4170	101.0	1.39	-8.32
4180	101.0	1.39	-8.32
4190	101.0	1.39	-8.32
4200	101.0	1.39	-8.32
4210	101.0	1.39	-8.32
4220	101.0	1.39	-8.32
4230	101.0	1.39	-8.32
4240	101.0	1.39	-8.32
4240	103.0	3.92	-8.42
4250	101.0	1.39	-8.32
4250	103.0	3.7	-7.77
4260	101.0	1.39	-8.32
4260	103.0	3.68	-7.09
4430	105.0	1.37	-8.27
4430	106.0	2.59	-9.52
4430	107.0	3.28	-9.49
4440	105.0	1.37	-8.27
4440	106.0	2.62	-9.36
4440	107.0	3.3	-9.35
4450	105.0	1.37	-8.27
4450	106.0	2.61	-9.17
4450	107.0	3.3	-9.16
4460	105.0	1.37	-8.27
4460	106.0	2.53	-8.93
4460	107.0	3.28	-8.91
4470	105.0	1.37	-8.27
4470	106.0	2.48	-8.74
4470	107.0	3.25	-8.71
4480	105.0	1.37	-8.27
4480	106.0	2.49	-8.47
4480	107.0	3.23	-8.45
4490	105.0	1.37	-8.27
4490	106.0	2.51	-8.26
4490	107.0	3.22	-8.29
4490	108.0	3.79	-3.58
4500	105.0	1.37	-8.27
4500	106.0	2.46	-8.03
4500	107.0	3.09	-7.98
4500	108.0	3.79	-4.26
4510	105.0	1.37	-8.27
4510	106.0	2.35	-7.78
4510	107.0	3.13	-7.79
4510	108.0	3.83	-4.98
4510	109.0	2.8	2.27
4520	105.0	1.37	-8.27
4520	106.0	2.3	-7.57
4520	107.0	3.12	-7.59
4520	108.0	3.8	-5.78
4520	109.0	2.9	1.78
4530	105.0	1.37	-8.27
4530	106.0	2.29	-7.32
4530	107.0	3.01	-7.33
4530	108.0	3.86	-6.44
4530	109.0	3.02	1.31
4540	105.0	1.37	-8.27
4540	106.0	2.29	-7.11
4540	107.0	2.96	-7.11
4540	108.0	3.87	-7.12
4540	109.0	3.12	0.88
4550	105.0	1.37	-8.27
4550	106.0	2.19	-6.82
4550	107.0	2.86	-6.81
4550	109.0	3.27	0.43
4560	105.0	1.37	-8.27
4560	106.0	2.05	-6.54
4560	107.0	2.8	-6.56
4560	109.0	3.42	0.08
4570	105.0	1.37	-8.27
4570	106.0	2.1	-6.27
4570	107.0	2.78	-6.34
4570	109.0	3.53	-0.26
4570	110.0	2.56	2.43
4580	105.0	1.37	-8.27
4580	106.0	2.15	-6.07
4580	107.0	2.81	-6.18
4580	110.0	2.45	1.83
4590	105.0	1.37	-8.27
4590	106.0	2.11	-5.76
4590	107.0	2.74	-5.89
4590	110.0	2.51	1.23
4600	105.0	1.37	-8.27
4600	106.0	2.03	-5.49
4600	107.0	2.68	-5.64
4600	110.0	2.54	0.62
4610	105.0	1.37	-8.27
4610	106.0	2.04	-5.28
4610	107.0	2.71	-5.34
4610	110.0	2.56	-0.01
4620	105.0	1.37	-8.27
4620	106.0	2.1	-5.03
4620	107.0	2.7	-5.13
4620	110.0	2.66	-0.62
4630	105.0	1.37	-8.27
4630	106.0	2.12	-4.83
4630	107.0	2.71	-4.91
4630	110.0	2.63	-1.22
4640	105.0	1.37	-8.27
4640	106.0	2.03	-4.55
4640	107.0	2.69	-4.74
4640	110.0	2.8	-1.86
4650	105.0	1.37	-8.27
4650	106.0	1.98	-4.34
4650	107.0	2.68	-4.5
4650	110.0	2.87	-2.51
4660	105.0	1.37	-8.27
4660	106.0	2.02	-4.14
4660	107.0	2.65	-4.24
4660	110.0	3.04	-3.16
4670	105.0	1.37	-8.27
4670	106.0	2.05	-3.98
4670	107.0	2.65	-4.07
4670	110.0	3.19	-3.83
4680	105.0	1.37	-8.27
4680	106.0	1.97	-3.74
4680	107.0	2.58	-3.83
4680	110.0	3.17	-4.51
4690	105.0	1.37	-8.27
4690	106.0	1.85	-3.51
4690	107.0	2.49	-3.6
4690	110.0	3.26	-5.19
4700	105.0	1.37	-8.27
4700	106.0	1.85	-3.31
4700	107.0	2.49	-3.4
4700	110.0	3.08	-5.83
4710	105.0	1.37	-8.27
4710	106.0	1.91	-3.08
4710	107.0	2.53	-3.17
4710	110.0	3.03	-6.51
4720	105.0	1.37	-8.27
4720	106.0	1.94	-2.92
4720	107.0	2.56	-3.01
4720	110.0	2.83	-7.18
4730	105.0	1.37	-8.27
4730	106.0	1.89	-2.66
4730	107.0	2.51	-2.77
4730	110.0	2.71	-7.87
4740	105.0	1.37	-8.27
4740	106.0	1.83	-2.43
4740	107.0	2.45	-2.53
4740	110.0	2.63	-8.54
4750	105.0	1.37	-8.27
4750	106.0	1.87	-2.2
4750	107.0	2.47	-2.3
4750	110.0	2.41	-9.17
4760	105.0	1.33	-8.34
4760	106.0	1.95	-1.97
4760	107.0	2.55	-2.07
4760	110.0	2.39	-9.84
4770	105.0	1.36	-8.37
4770	106.0	1.97	-1.79
4770	107.0	2.57	-1.89
4780	105.0	1.37	-8.32
4780	106.0	1.88	-1.55
4780	107.0	2.5	-1.65
4790	105.0	1.37	-8.28
4790	106.0	1.83	-1.36
4790	107.0	2.45	-1.46
4800	105.0	1.37	-8.27
4800	106.0	1.87	-1.16
4800	107.0	2.47	-1.25
4810	105.0	1.37	-8.27
4810	106.0	1.92	-0.95
4810	107.0	2.52	-1.04
4820	105.0	1.37	-8.27
4820	106.0	1.91	-0.68
4820	107.0	2.58	-0.69
4830	105.0	1.37	-8.27
4830	106.0	1.83	-0.41
4830	107.0	2.57	-0.59
4840	105.0	1.37	-8.27
4840	106.0	1.77	-0.23
4840	107.0	2.54	-0.41
4850	105.0	1.35	-8.27
4850	106.0	1.77	-0.06
4850	107.0	2.5	-0.19
4860	105.0	1.33	-8.27
4860	106.0	1.81	0.13
4860	107.0	2.5	-0.06
4870	105.0	1.33	-8.27
4870	106.0	1.8	0.35
4870	107.0	2.5	0.15
4880	105.0	1.33	-8.34
4880	106.0	1.77	0.54
4880	107.0	2.51	0.31
4890	105.0	1.35	-8.28
4890	106.0	1.76	0.69
4890	107.0	2.47	0.53
4900	105.0	1.35	-8.27
4900	106.0	1.82	0.87
4900	107.0	2.43	0.75
4910	105.0	1.38	-8.35
4910	106.0	1.9	1.05
4910	107.0	2.4	0.95
4920	105.0	1.35	-8.28
4920	106.0	1.93	1.21
4920	107.0	2.38	1.23
4930	105.0	1.35	-8.27
4930	106.0	1.88	1.47
4930	107.0	2.34	1.46
4940	105.0	1.35	-8.27
4940	106.0	1.85	1.68
4940	107.0	2.31	1.64
4950	105.0	1.35	-8.27
4950	106.0	1.88	1.89
4950	107.0	2.33	1.85
4960	105.0	1.35	-8.27
4960	106.0	1.91	2.08
4960	107.0	2.36	2.04
4970	105.0	1.33	-8.29
4970	106.0	1.9	2.26
4970	107.0	2.36	2.22
4980	105.0	1.31	-8.29
4980	106.0	1.83	2.51
4980	107.0	2.45	2.42
4990	105.0	1.23	-8.23
4990	106.0	1.8	2.68
4990	107.0	2.47	2.6
5000	105.0	1.17	-8.26
5000	106.0	1.79	2.91
5000	107.0	2.46	2.83
5010	105.0	1.13	-8.22
5010	106.0	1.76	3.1
5010	107.0	2.46	3.01
5240	116.0	-1.97	0.45
5250	116.0	-1.97	0.45
5260	116.0	-1.97	0.45
5270	116.0	-1.97	0.45
5280	116.0	-1.97	0.45
5290	116.0	-1.97	0.45
5300	116.0	-1.95	0.45
5310	116.0	-1.95	0.45
5320	116.0	-1.95	0.45
5330	116.0	-1.95	0.45
5340	116.0	-1.95	0.45
5350	116.0	-1.95	0.45
5360	116.0	-1.95	0.45
5370	116.0	-1.95	0.45
5680	118.0	2.39	-0.56
5680	119.0	1.3	3.75
5680	122.0	2.7	-8.14
5690	118.0	2.54	0.03
5690	119.0	1.23	3.21
5690	122.0	2.78	-7.37
5700	118.0	2.58	0.66
5700	119.0	1.25	2.68
5700	122.0	2.79	-6.6
5710	118.0	2.73	1.27
5710	119.0	1.24	2.15
5710	122.0	2.77	-5.79
5720	118.0	2.82	1.85
5720	119.0	1.23	1.65
5720	122.0	2.82	-5.0
5730	118.0	2.79	2.46
5730	119.0	1.21	1.03
5730	122.0	2.83	-4.19
5740	119.0	1.23	0.42
5740	122.0	2.89	-3.37
5750	119.0	1.29	-0.06
5750	122.0	2.88	-2.58
5760	119.0	1.32	-0.61
5760	122.0	2.79	-1.71
5770	119.0	1.38	-1.18
5770	122.0	2.81	-0.86
5780	119.0	1.47	-1.86
5780	122.0	2.75	-0.1
5790	119.0	1.53	-2.46
5790	122.0	2.73	0.67
5800	119.0	1.73	-3.04
5800	122.0	2.69	1.41
5810	119.0	1.83	-3.68
5810	122.0	2.68	2.15
5820	119.0	1.95	-4.21
5820	124.0	1.45	-9.23
5830	119.0	2.07	-4.79
5830	124.0	1.45	-9.23
5840	119.0	2.24	-5.45
5840	124.0	1.45	-9.23
5850	119.0	2.37	-5.91
5850	124.0	1.45	-9.23
5860	119.0	2.58	-6.61
5860	124.0	1.45	-9.23
5870	119.0	2.68	-7.26
5870	124.0	1.45	-9.23
5880	119.0	2.86	-7.87
5880	124.0	1.45	-9.23
5890	119.0	2.96	-8.47
5890	124.0	1.45	-9.23
5900	119.0	3.13	-9.2
5900	124.0	1.45	-9.23
6680	128.0	1.86	0.38
6690	128.0	1.86	-0.32
6700	128.0	1.96	-1.04
6710	128.0	2.0	-1.76
6710	129.0	3.7	-2.88
6720	128.0	2.0	-2.43
6720	129.0	3.56	-2.61
6730	128.0	2.12	-3.17
6730	129.0	3.49	-2.28
6740	128.0	2.17	-3.93
6740	129.0	3.4	-2.04
6750	128.0	2.29	-4.75
6750	129.0	3.26	-1.82
6760	129.0	3.19	-1.63
6770	129.0	3.12	-1.47
6780	129.0	3.1	-1.43
6780	133.0	-1.35	-1.09
6790	133.0	-1.32	-0.93
6800	133.0	-1.34	-0.71
6810	133.0	-1.39	-0.48
6820	133.0	-1.37	-0.38
6830	133.0	-1.24	-0.28
6840	133.0	-1.09	-0.18
6850	133.0	-1.05	-0.05
6860	133.0	-1.06	0.17
6870	140.0	2.0	2.07
6880	140.0	1.95	1.41
6890	140.0	1.97	0.63
6900	140.0	2.05	-0.02
6910	140.0	2.0	-0.66
6920	140.0	2.09	-1.34
6930	140.0	2.05	-1.98
6940	140.0	2.11	-2.69
6950	140.0	2.23	-3.37
6960	140.0	2.31	-4.12
6970	140.0	2.45	-4.8
6970	145.0	2.46	2.98
6980	140.0	2.51	-5.49
6980	145.0	2.51	2.45
6990	140.0	2.62	-6.13
6990	145.0	2.6	1.9
7000	140.0	2.79	-6.81
7000	145.0	2.66	1.36
7010	140.0	2.89	-7.49
7010	145.0	2.68	0.84
7020	140.0	3.01	-8.19
7020	145.0	2.69	0.31
7030	140.0	3.09	-8.85
7030	145.0	2.53	-0.18
7040	140.0	2.98	-9.59
7040	145.0	2.36	-0.61
7050	145.0	2.17	-1.09
7060	145.0	1.95	-1.56
7070	145.0	1.85	-1.99
7080	145.0	1.85	-2.54
7090	145.0	1.82	-3.13
7100	145.0	1.99	-3.67
7110	145.0	2.1	-4.27
7120	145.0	2.27	-4.96
7130	145.0	2.44	-5.52
7140	145.0	2.53	-6.17
7150	145.0	2.57	-6.81
7160	145.0	2.59	-7.47
7170	145.0	2.56	-8.12
7180	145.0	2.56	-8.78
7190	145.0	2.53	-9.4
7480	159.0	2.08	-4.13
7490	159.0	2.08	-3.52
7500	159.0	2.03	-2.93
7510	159.0	1.93	-2.36
7520	159.0	1.92	-1.78
7530	159.0	1.85	-1.2
7540	159.0	1.78	-0.63
7550	159.0	1.76	-0.05
7560	159.0	1.67	0.55
7570	159.0	1.64	1.14
7570	161.0	-0.1	2.32
7570	162.0	3.44	2.52
7580	159.0	1.55	1.71
7580	161.0	-0.08	2.32
7580	162.0	3.4	2.02
7590	159.0	1.42	2.29
7590	161.0	-0.06	2.33
7590	162.0	3.56	1.54
7600	159.0	1.35	2.87
7600	161.0	-0.06	2.33
7600	162.0	3.66	1.13
7610	159.0	1.2	3.49
7610	161.0	-0.06	2.33
7610	162.0	3.68	0.7
7620	161.0	-0.06	2.33
7620	162.0	3.93	0.23
7630	161.0	-0.06	2.33
7630	162.0	3.96	-0.36
7640	161.0	-0.01	2.32
7640	162.0	3.99	-0.79
7650	161.0	-0.0	2.32
7660	161.0	-0.0	2.32
7670	161.0	-0.0	2.32
8050	164.0	2.18	-7.98
8050	165.0	2.78	-8.31
8060	164.0	2.21	-7.44
8060	165.0	2.84	-7.67
8070	164.0	2.23	-6.87
8070	165.0	2.82	-7.06
8080	164.0	2.23	-6.24
8080	165.0	2.8	-6.44
8090	164.0	2.31	-5.63
8090	165.0	2.78	-5.84
8090	168.0	0.9	1.86
8100	164.0	2.23	-5.04
8100	165.0	2.77	-5.25
8100	168.0	0.96	1.55
8110	164.0	2.2	-4.41
8110	165.0	2.8	-4.64
8110	168.0	0.97	1.12
8120	164.0	2.2	-3.72
8120	165.0	2.8	-4.03
8120	168.0	0.9	0.68
8130	164.0	2.13	-3.07
8130	165.0	2.82	-3.37
8130	168.0	0.95	0.23
8140	164.0	2.12	-2.48
8140	165.0	2.9	-2.71
8140	168.0	0.94	-0.18
8150	164.0	2.18	-1.88
8150	165.0	2.89	-2.06
9280	176.0	-0.41	-4.11
9290	176.0	-0.42	-3.72
9300	176.0	-0.42	-3.34
9310	176.0	-0.48	-3.05
9370	180.0	-1.09	-6.72
9380	180.0	-1.09	-6.72
9390	180.0	-1.09	-6.72
9400	180.0	-1.09	-6.72
9400	181.0	1.17	-9.88
9410	180.0	-1.09	-6.72
9410	181.0	1.21	-9.22
9410	186.0	-0.11	-0.77
9420	180.0	-1.09	-6.72
9420	181.0	1.39	-8.65
9420	186.0	0.13	-1.28
9420	188.0	3.91	-5.44
9430	180.0	-1.09	-6.72
9430	181.0	1.58	-8.14
9430	186.0	0.39	-1.75
9430	188.0	3.92	-5.15
9440	180.0	-1.09	-6.72
9440	181.0	1.54	-7.67
9440	186.0	0.54	-2.26
9440	188.0	3.98	-4.88
9450	180.0	-1.09	-6.72
9450	181.0	1.58	-7.1
9450	186.0	0.56	-2.82
9450	188.0	4.02	-4.54
9460	180.0	-1.09	-6.72
9460	181.0	1.73	-6.55
9460	186.0	0.64	-3.38
9460	189.0	0.25	-5.95
9460	190.0	-1.1	-0.45
9470	180.0	-1.09	-6.72
9470	181.0	1.8	-5.92
9470	186.0	0.63	-3.96
9470	189.0	0.08	-5.9
9470	190.0	-0.69	-0.58
9480	180.0	-1.09	-6.72
9480	181.0	1.88	-5.25
9480	186.0	0.77	-4.61
9480	189.0	0.0	-5.79
9480	190.0	-0.32	-0.9
9490	180.0	-1.09	-6.72
9490	181.0	1.99	-4.66
9490	186.0	0.82	-5.21
9490	189.0	0.09	-5.7
9490	190.0	-0.13	-1.34
9500	180.0	-1.09	-6.72
9500	181.0	2.06	-4.12
9500	186.0	0.81	-5.87
9500	189.0	0.01	-5.68
9500	190.0	-0.08	-1.86
9500	196.0	2.07	3.9
9510	180.0	-1.09	-6.72
9510	181.0	2.12	-3.45
9510	189.0	-0.04	-5.75
9510	190.0	0.22	-2.46
9510	196.0	2.0	3.36
9510	198.0	-1.31	-2.43
9520	180.0	-1.09	-6.72
9520	181.0	2.14	-2.76
9520	189.0	-0.02	-5.74
9520	190.0	0.54	-2.92
9520	196.0	2.05	2.77
9520	198.0	-1.48	-2.32
9530	180.0	-1.09	-6.72
9530	181.0	2.12	-2.17
9530	189.0	-0.02	-5.74
9530	190.0	0.58	-3.49
9530	196.0	1.97	2.08
9530	198.0	-1.54	-2.14
9540	180.0	-1.11	-6.79
9540	181.0	2.22	-1.52
9540	189.0	-0.02	-5.74
9540	190.0	0.71	-3.96
9540	196.0	1.9	1.49
9540	198.0	-1.7	-2.01
9550	180.0	-1.09	-6.73
9550	181.0	2.21	-0.82
9550	189.0	-0.02	-5.74
9550	190.0	0.83	-4.49
9550	196.0	1.81	0.87
9560	180.0	-1.09	-6.72
9560	181.0	2.16	-0.18
9560	189.0	-0.02	-5.74
9560	190.0	0.87	-5.06
9560	196.0	1.66	0.32
9570	180.0	-1.09	-6.72
9570	181.0	2.27	0.47
9570	189.0	-0.02	-5.74
9570	190.0	1.04	-5.49
9570	196.0	1.57	-0.3
9580	180.0	-1.09	-6.72
9580	181.0	2.15	1.13
9580	189.0	-0.09	-5.79
9580	190.0	0.88	-6.01
9580	196.0	1.44	-0.92
9590	180.0	-1.09	-6.72
9590	181.0	2.13	1.71
9590	190.0	0.81	-6.64
9590	196.0	1.34	-1.49
9600	180.0	-1.09	-6.72
9600	181.0	2.13	2.37
9600	190.0	0.89	-7.25
9600	196.0	1.27	-2.12
9610	180.0	-1.09	-6.72
9610	181.0	2.01	3.01
9610	190.0	0.88	-7.88
9610	196.0	1.16	-2.75
9620	180.0	-1.09	-6.72
9620	190.0	0.89	-8.47
9620	196.0	1.15	-3.37
9630	180.0	-1.09	-6.72
9630	190.0	1.01	-9.06
9630	196.0	1.18	-4.1
9640	180.0	-1.09	-6.72
9640	190.0	1.09	-9.65
9640	196.0	1.23	-4.67
9650	180.0	-1.11	-6.7
9650	196.0	1.38	-5.3
9660	180.0	-1.11	-6.7
9660	196.0	1.44	-5.93
9660	206.0	1.26	3.88
9670	180.0	-1.11	-6.7
9670	196.0	1.51	-6.57
9670	206.0	1.24	3.45
9670	207.0	-0.48	2.56
9670	208.0	-1.01	2.77
9680	180.0	-1.11	-6.7
9680	196.0	1.52	-7.23
9680	206.0	1.16	2.94
9680	207.0	-0.19	2.81
9680	208.0	-0.76	3.03
9690	180.0	-1.11	-6.7
9690	196.0	1.45	-7.91
9690	206.0	1.14	2.42
9690	207.0	0.04	3.09
9690	208.0	-0.49	3.3
9700	180.0	-1.11	-6.7
9700	206.0	1.08	1.84
9710	180.0	-1.11	-6.7
9710	206.0	1.11	1.24
9720	180.0	-1.11	-6.7
9720	206.0	1.1	0.66
9730	180.0	-1.11	-6.7
9730	206.0	1.13	-0.02
9740	180.0	-1.11	-6.7
9740	206.0	1.26	-0.53
9750	180.0	-1.11	-6.7
9750	206.0	1.29	-1.2
9760	180.0	-1.11	-6.7
9760	206.0	1.45	-1.82
9770	180.0	-1.11	-6.7
9770	206.0	1.55	-2.44
9770	213.0	0.36	-5.16
9780	180.0	-1.11	-6.7
9780	206.0	1.7	-3.03
9780	213.0	0.5	-5.45
9790	180.0	-1.11	-6.7
9790	206.0	1.87	-3.61
9790	213.0	0.66	-5.5
9790	214.0	1.41	-10.01
9800	180.0	-1.11	-6.7
9800	206.0	2.0	-4.29
9800	213.0	0.55	-5.65
9800	214.0	1.74	-9.46
9810	180.0	-1.11	-6.7
9810	206.0	2.26	-4.91
9810	213.0	0.44	-5.93
9810	214.0	1.98	-8.94
9820	180.0	-1.11	-6.7
9820	206.0	2.6	-5.41
9820	213.0	0.51	-6.24
9820	214.0	2.25	-8.37
9820	215.0	2.85	-10.05
9830	180.0	-1.11	-6.7
9830	206.0	3.03	-5.99
9830	213.0	0.57	-6.64
9830	214.0	2.53	-7.91
9830	215.0	2.88	-9.66
9840	180.0	-1.11	-6.7
9840	206.0	3.4	-6.47
9840	213.0	0.59	-6.98
9840	214.0	2.67	-7.29
9840	215.0	2.85	-9.31
9850	180.0	-1.11	-6.7
9850	206.0	4.0	-7.19
9850	213.0	0.61	-7.32
9850	214.0	2.92	-6.76
9850	215.0	2.63	-8.91
9860	180.0	-1.11	-6.7
9860	213.0	0.75	-7.71
9860	214.0	3.15	-6.26
9860	215.0	2.49	-8.59
9870	180.0	-1.11	-6.7
9870	213.0	0.83	-8.05
9870	214.0	3.42	-5.81
9870	215.0	2.4	-8.18
9880	180.0	-1.11	-6.7
9880	213.0	0.83	-8.44
9880	214.0	3.81	-5.46
9880	215.0	2.31	-7.85
9890	180.0	-1.11	-6.7
9890	213.0	0.88	-8.83
9890	214.0	4.19	-5.09
9890	215.0	2.1	-7.51
9900	180.0	-1.11	-6.7
9900	213.0	0.95	-9.26
9900	215.0	1.91	-7.2
9910	180.0	-1.11	-6.7
9910	215.0	1.85	-6.78
9920	180.0	-1.11	-6.7
9920	215.0	1.8	-6.43
9920	217.0	-1.42	-5.68
9930	180.0	-1.11	-6.7
9930	215.0	1.68	-6.05
9930	217.0	-1.42	-5.68
9940	180.0	-1.11	-6.7
9940	215.0	1.58	-5.68
9940	217.0	-1.42	-5.68
9950	180.0	-1.11	-6.7
9950	215.0	1.61	-5.26
9950	217.0	-1.42	-5.68
9960	180.0	-1.11	-6.7
9960	215.0	1.6	-4.88
9960	217.0	-1.42	-5.68
9970	180.0	-1.11	-6.7
9970	215.0	1.43	-4.55
9970	217.0	-1.42	-5.68
9980	180.0	-1.11	-6.7
9980	215.0	1.23	-4.21
9980	217.0	-1.42	-5.68
9990	180.0	-1.11	-6.7
9990	215.0	1.16	-3.83
9990	217.0	-1.42	-5.68
10050	222.0	-0.94	-0.96
10060	222.0	-0.99	-1.05
10070	222.0	-1.02	-1.15
10080	222.0	-1.02	-1.2
10080	225.0	3.95	-6.52
10080	226.0	1.62	-9.94
10090	222.0	-1.06	-1.2
10090	225.0	3.64	-6.03
10090	226.0	1.72	-9.5
10100	222.0	-1.09	-1.17
10100	225.0	3.21	-5.57
10100	226.0	1.71	-8.99
10110	222.0	-1.11	-1.15
10110	225.0	2.9	-5.06
10110	226.0	1.7	-8.5
10120	222.0	-1.11	-1.13
10120	225.0	2.64	-4.48
10120	226.0	1.64	-8.02
10130	222.0	-1.13	-1.11
10130	225.0	2.4	-3.87
10130	226.0	1.5	-7.49
10140	222.0	-1.15	-1.08
10140	225.0	2.41	-3.2
10140	226.0	1.45	-6.96
10150	222.0	-1.15	-1.08
10150	225.0	2.42	-2.66
10150	226.0	1.4	-6.46
10160	222.0	-1.15	-1.08
10160	225.0	2.43	-2.05
10160	226.0	1.31	-5.96
10170	222.0	-1.15	-1.08
10170	225.0	2.64	-1.47
10170	226.0	1.27	-5.46
10180	222.0	-1.15	-1.08
10180	225.0	2.73	-0.87
10180	226.0	1.21	-4.99
10190	222.0	-1.15	-1.08
10190	225.0	2.77	-0.25
10190	226.0	1.12	-4.52
10200	222.0	-1.15	-1.08
10200	225.0	2.75	0.42
10200	226.0	1.1	-4.04
10210	222.0	-1.15	-1.1
10210	225.0	2.57	1.03
10210	226.0	0.97	-3.58
10220	222.0	-1.21	-1.19
10220	225.0	2.56	1.62
10220	226.0	0.85	-3.14
10230	222.0	-1.33	-1.31
10230	225.0	2.46	2.21
10230	226.0	0.76	-2.65
10240	222.0	-1.34	-1.32
10240	225.0	2.3	2.81
10240	226.0	0.67	-2.19
10250	222.0	-1.69	-1.46
10250	226.0	0.67	-1.75
10260	222.0	-1.76	-1.4
10260	226.0	0.74	-1.28
10260	230.0	0.93	-9.76
10260	233.0	-1.11	-6.76
10270	226.0	0.81	-0.75
10270	230.0	0.76	-9.2
10270	233.0	-1.11	-6.76
10280	226.0	0.96	-0.34
10280	230.0	0.63	-8.65
10280	233.0	-1.11	-6.76
10290	226.0	1.12	0.22
10290	230.0	0.58	-8.08
10290	233.0	-1.11	-6.76
10300	226.0	1.25	0.73
10300	230.0	0.45	-7.48
10300	233.0	-1.09	-6.76
10310	226.0	1.45	1.21
10310	230.0	0.41	-6.95
10310	233.0	-1.09	-6.76
10320	226.0	1.58	1.69
10320	230.0	0.41	-6.36
10320	233.0	-1.09	-6.76
10330	230.0	0.35	-5.75
10330	233.0	-1.09	-6.76
10340	230.0	0.43	-5.1
10340	233.0	-1.09	-6.76
10350	230.0	0.52	-4.55
10350	233.0	-1.09	-6.76
10360	230.0	0.56	-3.91
10360	233.0	-1.09	-6.76
10370	230.0	0.73	-3.38
10370	233.0	-1.09	-6.76
10370	235.0	4.0	-9.3
10370	236.0	3.42	-9.44
10380	230.0	0.79	-2.81
10380	233.0	-1.09	-6.76
10380	235.0	4.02	-8.91
10380	236.0	3.38	-9.1
10390	230.0	0.84	-2.26
10390	233.0	-1.09	-6.76
10390	235.0	4.04	-8.55
10390	236.0	3.33	-8.76
10400	230.0	0.94	-1.72
10400	233.0	-1.09	-6.76
10400	235.0	3.97	-8.19
10400	236.0	3.35	-8.41
10410	230.0	0.95	-1.14
10410	233.0	-1.09	-6.76
10410	235.0	3.92	-7.87
10410	236.0	3.34	-8.07
10420	230.0	1.02	-0.6
10420	233.0	-1.09	-6.76
10420	235.0	3.98	-7.55
10420	236.0	3.26	-7.66
10430	230.0	1.13	-0.06
10430	233.0	-1.09	-6.76
10430	235.0	3.94	-7.21
10430	236.0	3.24	-7.32
10440	230.0	1.19	0.53
10440	233.0	-1.09	-6.76
10440	235.0	3.87	-6.89
10440	236.0	3.29	-6.88
10440	239.0	1.13	4.18
10450	230.0	1.34	1.07
10450	233.0	-1.09	-6.76
10450	235.0	3.95	-6.5
10450	236.0	3.21	-6.56
10450	239.0	1.12	4.2
10460	230.0	1.45	1.61
10460	233.0	-1.09	-6.76
10460	235.0	3.89	-6.17
10460	236.0	3.15	-6.12
10460	239.0	1.13	4.19
10470	230.0	1.5	2.15
10470	233.0	-1.09	-6.76
10470	235.0	3.81	-5.81
10470	236.0	3.21	-5.74
10470	239.0	1.1	4.21
10480	230.0	1.65	2.67
10480	233.0	-1.07	-6.76
10480	235.0	3.82	-5.41
10480	236.0	3.19	-5.31
10480	239.0	1.09	4.19
10490	230.0	1.73	3.21
10490	233.0	-1.07	-6.76
10490	235.0	3.83	-4.95
10490	236.0	3.1	-4.93
10490	239.0	1.08	4.19
10500	230.0	1.76	3.75
10500	233.0	-1.07	-6.76
10500	235.0	3.77	-4.52
10500	236.0	3.11	-4.57
10500	239.0	1.09	4.19
10510	233.0	-1.11	-6.74
10510	235.0	3.81	-4.12
10510	236.0	3.13	-4.2
10510	239.0	1.15	4.2
10520	233.0	-1.2	-6.7
10520	235.0	3.83	-3.76
10520	236.0	3.07	-3.8
10520	239.0	1.12	4.21
10520	240.0	3.04	-9.01
10530	235.0	3.81	-3.39
10530	236.0	3.02	-3.42
10530	239.0	1.1	4.19
10530	240.0	3.08	-8.44
10540	235.0	3.82	-3.02
10540	236.0	3.07	-3.03
10540	239.0	1.08	4.19
10540	240.0	3.08	-7.85
10550	235.0	3.82	-2.65
10550	236.0	3.06	-2.68
10550	239.0	0.99	4.14
10550	240.0	3.03	-7.23
10560	235.0	3.8	-2.26
10560	236.0	2.94	-2.25
10560	240.0	3.07	-6.62
10570	235.0	3.75	-1.88
10570	236.0	3.0	-1.87
10570	240.0	2.96	-5.98
10580	235.0	3.75	-1.46
10580	236.0	3.07	-1.5
10580	240.0	2.93	-5.33
10590	235.0	3.68	-1.09
10590	236.0	3.02	-1.12
10590	240.0	2.86	-4.69
10600	235.0	3.64	-0.75
10600	236.0	2.96	-0.78
10600	240.0	2.8	-4.21
10610	235.0	3.66	-0.29
10610	236.0	3.04	-0.42
10610	240.0	2.86	-3.53
10620	235.0	3.61	-0.0
10620	236.0	3.03	-0.1
10620	240.0	2.73	-2.93
10630	235.0	3.55	0.37
10630	236.0	3.02	0.31
10630	240.0	2.71	-2.38
10640	235.0	3.57	0.73
10640	236.0	2.94	0.7
10640	240.0	2.75	-1.8
10650	235.0	3.51	1.04
10650	236.0	2.95	1.03
10650	240.0	2.74	-1.22
10660	235.0	3.39	1.34
10660	236.0	2.88	1.37
10660	240.0	2.76	-0.74
10670	235.0	3.41	1.75
10670	236.0	2.88	1.71
10670	240.0	2.74	-0.25
10680	235.0	3.44	2.12
10680	236.0	2.91	2.05
10680	240.0	2.67	0.22
10690	235.0	3.41	2.47
10690	236.0	2.86	2.4
10690	240.0	2.65	0.74
10700	235.0	3.47	2.83
10700	236.0	2.78	2.73
10700	240.0	2.62	1.21
10710	235.0	3.51	3.19
10710	236.0	2.83	3.05
10710	240.0	2.51	1.68
10720	235.0	3.47	3.55
10720	236.0	2.88	3.44
10720	240.0	2.63	2.06
10730	235.0	3.52	3.72
10730	236.0	2.8	3.78
10730	240.0	2.61	2.37
10730	256.0	0.72	3.75
10740	240.0	2.56	2.77
10740	256.0	0.67	3.92
10750	240.0	2.64	3.22
10750	256.0	0.72	3.8
10780	257.0	-0.26	-2.83
10790	257.0	0.3	-2.89
10800	257.0	0.85	-3.06
10810	257.0	1.49	-3.31
10820	257.0	2.12	-3.51
10830	257.0	2.7	-3.74
10840	257.0	3.27	-3.89
10850	257.0	3.94	-3.9
10850	259.0	3.58	2.97
10860	259.0	3.46	2.39
10860	260.0	2.37	-1.43
10870	259.0	3.45	1.84
10870	260.0	2.73	-1.85
10880	259.0	3.48	1.32
10880	260.0	3.17	-2.21
10890	259.0	3.45	0.77
10890	260.0	3.66	-2.46
10900	259.0	3.45	0.2
10900	260.0	4.16	-2.73
10900	261.0	1.27	3.92
10910	259.0	3.43	-0.36
10910	261.0	1.35	3.26
10920	259.0	3.4	-0.94
10920	261.0	1.41	2.68
10930	259.0	3.45	-1.53
10930	261.0	1.47	2.08
10940	259.0	3.45	-2.16
10940	261.0	1.68	1.46
10950	259.0	3.47	-2.77
10950	261.0	1.79	0.85
10960	259.0	3.45	-3.35
10960	261.0	1.89	0.26
10970	259.0	3.33	-3.96
10970	261.0	2.05	-0.34
10980	259.0	3.23	-4.58
10980	261.0	2.07	-0.95
10990	259.0	3.04	-5.18
10990	261.0	2.14	-1.59
11000	259.0	2.88	-5.77
11000	261.0	2.11	-2.24
11010	259.0	2.77	-6.39
11010	261.0	2.04	-2.91
11010	263.0	1.15	-10.15
11020	259.0	2.67	-7.16
11020	261.0	2.08	-3.59
11020	263.0	1.19	-9.46
11030	259.0	2.71	-7.8
11030	261.0	2.04	-4.29
11030	263.0	1.26	-8.82
11040	259.0	2.74	-8.45
11040	261.0	2.1	-4.96
11040	263.0	1.23	-8.21
11050	259.0	2.85	-9.1
11050	261.0	2.15	-5.64
11050	263.0	1.24	-7.58
11060	259.0	3.06	-9.78
11060	261.0	2.06	-6.31
11060	263.0	1.33	-6.89
11070	261.0	2.06	-7.01
11070	263.0	1.39	-6.21
11080	261.0	1.93	-7.66
11080	263.0	1.54	-5.58
11090	261.0	1.77	-8.3
11090	263.0	1.74	-4.92
11100	263.0	1.88	-4.29
11110	263.0	2.07	-3.69
11120	263.0	2.22	-3.04
11130	263.0	2.27	-2.39
11140	263.0	2.4	-1.76
11150	263.0	2.46	-1.09
11160	263.0	2.45	-0.44
11170	263.0	2.5	0.22
11180	263.0	2.47	0.88
11190	263.0	2.4	1.5
11200	263.0	2.4	2.08
11210	263.0	2.35	2.61
11350	266.0	-0.83	2.36
11360	266.0	-0.83	2.36
11360	267.0	1.57	3.49
11370	266.0	-0.83	2.36
11370	267.0	1.61	2.85
11380	266.0	-0.83	2.36
11380	267.0	1.73	2.12
11390	266.0	-0.83	2.36
11390	267.0	1.75	1.57
11400	266.0	-0.83	2.36
11400	267.0	1.75	0.94
11410	266.0	-0.83	2.36
11410	267.0	1.79	0.23
11420	266.0	-0.83	2.36
11420	267.0	1.83	-0.42
11430	266.0	-0.83	2.36
11430	267.0	1.84	-1.06
11440	266.0	-0.83	2.36
11440	267.0	1.91	-1.72
11450	266.0	-0.83	2.36
11450	267.0	1.95	-2.4
11460	266.0	-0.83	2.36
11460	267.0	2.02	-3.05
11470	266.0	-0.83	2.36
11470	267.0	2.09	-3.76
11480	266.0	-0.83	2.36
11480	267.0	2.13	-4.5
11490	266.0	-0.83	2.36
11490	267.0	2.2	-5.17
11500	266.0	-0.83	2.36
11500	267.0	2.22	-5.9
11510	266.0	-0.83	2.36
11510	267.0	2.19	-6.55
11520	266.0	-0.83	2.36
11520	267.0	2.14	-7.32
11530	266.0	-0.83	2.36
11530	267.0	2.06	-7.97
11540	266.0	-0.83	2.36
11540	267.0	2.13	-8.67
11610	272.0	1.57	2.8
11610	273.0	1.24	-9.96
11620	272.0	1.6	2.28
11620	273.0	1.25	-9.19
11630	272.0	1.59	1.79
11630	273.0	1.23	-8.6
11640	272.0	1.65	1.26
11640	273.0	1.32	-7.97
11650	272.0	1.65	0.78
11650	273.0	1.38	-7.32
11660	272.0	1.61	0.3
11660	273.0	1.52	-6.73
11670	272.0	1.59	-0.22
11670	273.0	1.7	-6.01
11680	272.0	1.53	-0.71
11680	273.0	1.78	-5.42
11690	272.0	1.47	-1.2
11690	273.0	1.91	-4.78
11700	272.0	1.47	-1.73
11700	273.0	1.97	-4.11
11710	272.0	1.46	-2.27
11710	273.0	2.04	-3.46
11720	272.0	1.46	-2.81
11720	273.0	2.1	-2.74
11730	272.0	1.54	-3.41
11730	273.0	2.06	-2.07
11770	275.0	3.07	2.55
11770	276.0	2.12	0.66
11780	275.0	3.05	3.17
11780	276.0	2.04	1.3
11790	275.0	2.86	3.75
11790	276.0	2.05	1.9
11800	276.0	2.03	2.46
11810	276.0	1.99	3.06
11820	276.0	2.1	3.66
12440	285.0	1.43	1.75
12450	285.0	1.5	1.05
12450	286.0	-0.26	-3.22
12450	288.0	3.1	-7.4
12460	285.0	1.51	0.33
12460	286.0	-0.27	-2.71
12460	288.0	3.03	-6.72
12470	285.0	1.56	-0.36
12470	286.0	-0.26	-2.15
12470	288.0	2.95	-6.06
12480	285.0	1.53	-1.07
12480	286.0	-0.29	-1.56
12480	288.0	2.91	-5.43
12480	289.0	2.98	-7.11
12490	285.0	1.51	-1.73
12490	286.0	-0.25	-1.01
12490	288.0	2.91	-4.79
12490	289.0	2.98	-6.5
12500	285.0	1.48	-2.49
12500	286.0	-0.18	-0.46
12500	288.0	2.86	-4.12
12500	289.0	2.88	-5.87
12510	285.0	1.41	-3.19
12510	286.0	-0.17	0.09
12510	288.0	2.77	-3.44
12510	289.0	2.81	-5.27
12510	291.0	2.72	-8.62
12520	285.0	1.43	-3.95
12520	286.0	-0.09	0.61
12520	288.0	2.59	-2.84
12520	289.0	2.79	-4.61
12520	291.0	2.65	-7.96
12520	292.0	-0.85	2.36
12520	293.0	-0.81	4.04
12530	285.0	1.4	-4.7
12530	286.0	-0.03	1.14
12530	288.0	2.36	-2.18
12530	289.0	2.65	-4.01
12530	291.0	2.43	-7.24
12530	292.0	-0.85	2.36
12530	293.0	-0.81	4.04
12540	285.0	1.41	-5.43
12540	286.0	-0.08	1.79
12540	288.0	2.15	-1.58
12540	289.0	2.54	-3.41
12540	291.0	2.46	-6.47
12540	292.0	-0.85	2.36
12540	293.0	-0.81	4.04
12550	285.0	1.36	-6.19
12550	286.0	-0.02	2.31
12550	288.0	1.89	-1.02
12550	289.0	2.39	-2.81
12550	291.0	2.37	-5.76
12550	292.0	-0.85	2.36
12550	293.0	-0.81	4.04
12560	285.0	1.29	-6.98
12560	286.0	0.03	2.81
12560	288.0	1.68	-0.46
12560	289.0	2.15	-2.28
12560	291.0	2.31	-5.06
12560	292.0	-0.85	2.36
12560	293.0	-0.81	4.04
12570	285.0	1.31	-7.79
12570	286.0	0.02	3.32
12570	288.0	1.48	0.07
12570	289.0	2.01	-1.68
12570	291.0	2.31	-4.35
12570	292.0	-0.85	2.36
12570	293.0	-0.81	4.04
12580	285.0	1.3	-8.47
12580	286.0	0.1	3.79
12580	288.0	1.26	0.62
12580	289.0	1.86	-1.12
12580	291.0	2.31	-3.61
12580	292.0	-0.85	2.36
12580	293.0	-0.81	4.04
12590	285.0	1.39	-9.32
12590	286.0	0.11	4.27
12590	288.0	1.07	1.14
12590	289.0	1.7	-0.59
12590	291.0	2.41	-2.93
12590	292.0	-0.85	2.36
12590	293.0	-0.81	4.04
12600	288.0	0.84	1.6
12600	289.0	1.64	0.07
12600	291.0	2.41	-2.18
12600	292.0	-0.85	2.36
12600	293.0	-0.81	4.04
12610	288.0	0.67	2.03
12610	289.0	1.53	0.64
12610	291.0	2.28	-1.54
12610	292.0	-0.85	2.36
12610	293.0	-0.81	4.04
12620	288.0	0.47	2.48
12620	289.0	1.53	1.2
12620	291.0	2.38	-0.87
12620	292.0	-0.85	2.36
12620	293.0	-0.81	4.04
12630	288.0	0.25	2.83
12630	289.0	1.52	1.74
12630	291.0	2.38	-0.18
12630	292.0	-0.85	2.36
12630	293.0	-0.81	4.04
12640	288.0	0.18	3.06
12640	289.0	1.41	2.27
12640	291.0	2.37	0.48
12640	292.0	-0.85	2.36
12640	293.0	-0.81	4.04
12650	288.0	0.09	3.33
12650	289.0	1.36	2.83
12650	291.0	2.32	1.12
12650	292.0	-0.85	2.36
12650	293.0	-0.81	4.04
12660	288.0	0.02	3.33
12660	289.0	1.22	3.36
12660	291.0	2.36	1.73
12660	292.0	-0.85	2.36
12660	293.0	-0.81	4.04
12670	288.0	0.0	3.37
12670	289.0	0.92	3.9
12670	291.0	2.42	2.35
12670	292.0	-0.85	2.36
12670	293.0	-0.81	4.04
12680	288.0	0.0	3.39
12680	292.0	-0.85	2.36
12680	293.0	-0.81	4.04
12690	288.0	0.0	3.39
12690	292.0	-0.85	2.36
12690	293.0	-0.81	4.04
12700	288.0	0.0	3.39
12700	292.0	-0.85	2.36
12700	293.0	-0.81	4.04
12700	297.0	1.85	3.28
12710	288.0	0.0	3.39
12710	292.0	-0.85	2.36
12710	293.0	-0.81	4.04
12710	297.0	1.79	2.68
12720	288.0	0.0	3.39
12720	292.0	-0.85	2.36
12720	293.0	-0.81	4.04
12720	297.0	1.77	2.07
12730	288.0	0.0	3.39
12730	292.0	-0.85	2.36
12730	293.0	-0.81	4.04
12730	297.0	1.8	1.36
12740	288.0	0.0	3.39
12740	292.0	-0.85	2.36
12740	293.0	-0.81	4.04
12740	297.0	1.78	0.72
12740	298.0	3.56	-4.17
12750	288.0	0.13	3.49
12750	292.0	-0.85	2.36
12750	293.0	-0.81	4.04
12750	297.0	1.77	0.07
12750	298.0	3.61	-3.55
12760	297.0	1.83	-0.7
12760	298.0	3.61	-2.96
12770	297.0	1.79	-1.35
12770	298.0	3.61	-2.39
12780	297.0	1.79	-2.0
12780	298.0	3.82	-1.73
12790	297.0	1.74	-2.67
12790	298.0	3.85	-1.12
12790	299.0	3.46	-7.18
12790	300.0	2.36	-8.39
12800	297.0	1.77	-3.35
12800	298.0	3.82	-0.57
12800	299.0	3.5	-6.4
12800	300.0	2.4	-7.62
12810	297.0	1.67	-4.06
12810	298.0	3.84	-0.03
12810	299.0	3.52	-5.63
12810	300.0	2.46	-6.88
12820	297.0	1.57	-4.71
12820	298.0	3.83	0.66
12820	299.0	3.51	-4.88
12820	300.0	2.53	-6.24
12830	297.0	1.51	-5.47
12830	298.0	3.91	1.13
12830	299.0	3.48	-4.14
12830	300.0	2.59	-5.47
12840	297.0	1.51	-6.24
12840	299.0	3.27	-3.44
12840	300.0	2.55	-4.73
12850	297.0	1.5	-6.98
12850	299.0	3.01	-2.77
12850	300.0	2.55	-3.96
12860	297.0	1.41	-7.66
12860	299.0	2.59	-2.09
12860	300.0	2.56	-3.21
12870	297.0	1.35	-8.35
12870	299.0	2.05	-1.64
12870	300.0	2.46	-2.5
12870	302.0	2.74	-10.19
12880	297.0	1.44	-9.11
12880	299.0	1.54	-1.14
12880	300.0	2.54	-1.69
12880	302.0	2.91	-9.54
12890	297.0	1.38	-9.82
12890	299.0	1.0	-0.72
12890	300.0	2.52	-0.88
12890	302.0	2.96	-8.71
12900	299.0	0.38	-0.24
12900	300.0	2.55	-0.22
12900	302.0	3.0	-8.04
12900	303.0	-2.0	0.22
12910	299.0	-0.27	0.21
12910	300.0	2.61	0.6
12910	302.0	3.07	-7.36
12910	303.0	-1.89	0.04
12920	299.0	-0.91	0.61
12920	300.0	2.64	1.35
12920	302.0	3.08	-6.65
12920	303.0	-1.82	-0.26
12930	299.0	-1.46	1.04
12930	300.0	2.71	2.03
12930	302.0	3.11	-5.96
12930	303.0	-1.67	-0.44
12940	299.0	-2.0	1.45
12940	300.0	2.76	2.71
12940	302.0	3.12	-5.26
12940	303.0	-1.45	-0.51
12950	299.0	-2.48	1.84
12950	302.0	3.09	-4.53
12950	303.0	-1.27	-0.5
12960	299.0	-3.06	2.21
12960	302.0	3.15	-3.8
12960	303.0	-1.22	-0.46
12970	302.0	3.14	-3.08
12970	303.0	-1.05	-0.41
12980	302.0	3.23	-2.5
12980	303.0	-1.03	-0.38
12990	302.0	3.31	-1.82
12990	303.0	-1.08	-0.38
13000	302.0	3.4	-1.15
13000	303.0	-1.14	-0.37
13010	302.0	3.42	-0.57
13010	303.0	-1.18	-0.32
13020	302.0	3.53	0.01
13020	303.0	-1.22	-0.26
13030	302.0	3.48	0.7
13030	303.0	-1.22	-0.24
13040	302.0	3.69	1.2
13040	303.0	-1.22	-0.23
13050	302.0	3.69	1.81
13050	303.0	-1.22	-0.23
13060	303.0	-1.22	-0.23
13060	307.0	2.6	-8.67
13070	303.0	-1.22	-0.23
13070	307.0	2.49	-8.26
13080	303.0	-1.22	-0.23
13080	307.0	2.47	-7.74
13090	303.0	-1.22	-0.23
13090	307.0	2.5	-7.26
13100	303.0	-1.22	-0.23
13100	307.0	2.47	-6.78
13110	303.0	-1.22	-0.23
13110	307.0	2.46	-6.28
13120	303.0	-1.22	-0.23
13120	307.0	2.53	-5.81
13130	303.0	-1.22	-0.23
13130	307.0	2.55	-5.37
13130	313.0	-0.52	3.4
13140	303.0	-1.22	-0.23
13140	307.0	2.55	-4.94
13140	313.0	-0.52	3.4
13150	303.0	-1.22	-0.23
13150	307.0	2.56	-4.48
13150	313.0	-0.52	3.4
13160	303.0	-1.22	-0.23
13160	307.0	2.48	-4.14
13160	313.0	-0.52	3.4
13170	303.0	-1.22	-0.23
13170	307.0	2.35	-3.8
13170	313.0	-0.52	3.4
13180	303.0	-1.22	-0.23
13180	307.0	2.29	-3.42
13180	313.0	-0.52	3.4
13190	303.0	-1.22	-0.23
13190	307.0	2.24	-3.07
13190	313.0	-0.52	3.4
13200	303.0	-1.22	-0.23
13200	307.0	2.12	-2.74
13200	313.0	-0.52	3.4
13210	303.0	-1.22	-0.23
13210	307.0	2.07	-2.36
13210	313.0	-0.52	3.4
13210	318.0	3.7	0.62
13220	303.0	-1.22	-0.23
13220	307.0	2.1	-2.07
13220	313.0	-0.52	3.4
13220	318.0	3.66	1.49
13230	303.0	-1.22	-0.23
13230	307.0	2.1	-1.73
13230	313.0	-0.52	3.4
13230	318.0	3.66	2.18
13230	319.0	1.64	3.88
13240	303.0	-1.22	-0.23
13240	307.0	2.03	-1.54
13240	313.0	-0.52	3.4
13240	318.0	3.64	2.88
13240	319.0	1.55	3.17
13250	303.0	-1.22	-0.23
13250	307.0	2.04	-1.24
13250	313.0	-0.52	3.4
13250	319.0	1.4	2.37
13260	303.0	-1.22	-0.23
13260	307.0	2.03	-1.12
13260	313.0	-0.52	3.4
13260	319.0	1.28	1.48
13270	303.0	-1.22	-0.23
13270	307.0	2.02	-1.21
13270	313.0	-0.52	3.4
13270	319.0	1.15	0.76
13280	303.0	-1.22	-0.23
13280	307.0	2.02	-1.21
13280	313.0	-0.52	3.4
13280	319.0	1.15	-0.03
13290	303.0	-1.22	-0.23
13290	307.0	2.02	-1.2
13290	313.0	-0.52	3.4
13290	319.0	1.06	-0.92
13300	303.0	-1.22	-0.23
13300	307.0	2.01	-1.13
13300	313.0	-0.52	3.4
13300	319.0	1.14	-1.76
13310	303.0	-1.22	-0.23
13310	307.0	2.01	-1.14
13310	313.0	-0.52	3.4
13310	319.0	1.22	-2.6
13320	303.0	-1.22	-0.23
13320	307.0	2.0	-1.16
13320	313.0	-0.52	3.4
13320	319.0	1.29	-3.46
13320	320.0	1.82	2.92
13330	303.0	-1.22	-0.23
13330	307.0	2.0	-1.18
13330	313.0	-0.52	3.4
13330	319.0	1.37	-4.37
13330	320.0	1.98	2.34
13340	303.0	-1.22	-0.23
13340	307.0	1.98	-1.21
13340	313.0	-0.52	3.4
13340	319.0	1.35	-5.25
13340	320.0	2.15	1.76
13350	303.0	-1.22	-0.23
13350	307.0	1.93	-1.21
13350	313.0	-0.56	3.21
13350	319.0	1.39	-6.12
13350	320.0	2.28	1.15
13360	303.0	-1.22	-0.23
13360	307.0	1.8	-1.09
13360	313.0	-0.57	3.19
13360	319.0	1.38	-6.98
13360	320.0	2.46	0.53
13370	303.0	-1.22	-0.23
13370	313.0	-0.57	3.19
13370	319.0	1.32	-7.88
13370	320.0	2.62	-0.23
13380	303.0	-1.22	-0.23
13380	313.0	-0.57	3.19
13380	319.0	1.25	-8.71
13380	320.0	2.7	-0.97
13390	303.0	-1.22	-0.23
13390	313.0	-0.57	3.19
13390	319.0	1.19	-9.57
13390	320.0	2.69	-1.61
13400	303.0	-1.22	-0.23
13400	313.0	-0.57	3.19
13400	320.0	2.61	-2.26
13410	320.0	2.5	-2.96
13420	320.0	2.34	-3.61
13430	320.0	2.21	-4.36
13440	320.0	2.07	-5.07
13450	320.0	1.99	-5.77
13460	320.0	1.95	-6.48
13470	320.0	1.88	-7.16
13480	320.0	1.9	-7.87
13490	320.0	1.89	-8.58
13500	320.0	1.95	-9.39
13740	326.0	1.92	-1.68
13750	326.0	1.87	-2.51
13750	327.0	0.62	0.23
13750	328.0	2.75	1.15
13760	326.0	1.83	-3.36
13760	327.0	0.7	1.04
13760	328.0	2.73	0.39
13770	326.0	1.73	-4.23
13770	327.0	0.75	1.8
13770	328.0	2.66	-0.35
13780	326.0	1.74	-5.09
13780	327.0	0.84	2.54
13780	328.0	2.63	-1.11
13790	326.0	1.73	-5.98
13790	328.0	2.5	-1.9
13800	326.0	1.81	-6.89
13800	328.0	2.45	-2.81
13810	326.0	1.87	-7.74
13810	328.0	2.37	-3.62
13820	326.0	1.87	-8.62
13820	328.0	2.37	-4.44
13830	326.0	1.91	-9.52
13830	328.0	2.36	-5.27
13840	328.0	2.46	-6.04
13850	328.0	2.52	-6.87
13860	328.0	2.63	-7.64
13870	328.0	2.79	-8.46
13880	328.0	3.01	-9.39
14160	329.0	2.39	-9.03
14170	329.0	2.49	-8.28
14180	329.0	2.59	-7.48
14190	329.0	2.75	-6.71
14200	329.0	2.85	-5.98
14210	329.0	2.9	-5.08
14220	329.0	2.96	-4.32
14230	329.0	2.92	-3.53
14240	329.0	2.92	-2.78
14250	329.0	2.9	-2.03
14260	329.0	2.86	-1.27
14270	329.0	2.85	-0.46
14280	329.0	2.82	0.3
14290	329.0	2.86	1.1
14400	336.0	3.15	-5.23
14410	336.0	3.15	-4.58
14420	336.0	3.15	-3.97
14430	336.0	3.2	-3.31
14440	336.0	3.14	-2.66
14450	336.0	3.11	-2.06
14450	337.0	1.34	2.66
14460	336.0	3.12	-1.43
14460	337.0	1.34	2.04
14470	336.0	3.01	-0.77
14470	337.0	1.28	1.5
14480	336.0	2.99	-0.18
14480	337.0	1.26	0.9
14490	336.0	2.94	0.44
14490	337.0	1.28	0.28
14500	336.0	2.85	1.25
14500	337.0	1.23	-0.41
14510	336.0	2.8	1.89
14510	337.0	1.32	-0.89
14520	336.0	2.72	2.4
14520	337.0	1.31	-1.66
14530	336.0	2.65	2.98
14530	337.0	1.32	-2.31
14540	336.0	2.65	3.58
14540	337.0	1.5	-3.07
14550	337.0	1.58	-3.72
14560	337.0	1.72	-4.53
14570	337.0	1.88	-5.31
14580	337.0	1.86	-5.89
14590	337.0	1.94	-6.53
14600	337.0	1.98	-7.1
14880	343.0	1.6	3.25
14890	343.0	1.57	2.64
14900	343.0	1.53	2.01
14910	343.0	1.48	1.36
14920	343.0	1.49	0.72
14930	343.0	1.46	0.07
14940	343.0	1.49	-0.59
14950	343.0	1.48	-1.24
14960	343.0	1.49	-1.9
14970	343.0	1.53	-2.55
14980	343.0	1.48	-3.24
14990	343.0	1.41	-4.0
15000	343.0	1.45	-4.72
15010	343.0	1.43	-5.4
15010	346.0	2.27	2.86
15020	343.0	1.47	-5.97
15020	346.0	2.35	2.33
15030	343.0	1.37	-6.75
15030	346.0	2.4	1.87
15040	346.0	2.4	1.34
15050	346.0	2.44	0.81
15060	346.0	2.43	0.33
15070	346.0	2.47	-0.26
15080	346.0	2.43	-0.77
15090	346.0	2.38	-1.32
15100	346.0	2.35	-1.87
15100	349.0	3.04	-7.88
15110	346.0	2.24	-2.44
15110	349.0	2.96	-7.27
15120	346.0	2.23	-3.02
15120	349.0	2.85	-6.64
15130	346.0	2.22	-3.59
15130	349.0	2.79	-6.04
15140	346.0	2.16	-4.18
15140	349.0	2.73	-5.44
15140	351.0	0.82	3.36
15150	346.0	2.1	-4.79
15150	349.0	2.72	-4.81
15150	351.0	0.81	2.66
15160	346.0	2.11	-5.49
15160	349.0	2.79	-4.15
15160	351.0	0.88	1.93
15170	346.0	1.99	-5.97
15170	349.0	2.63	-3.59
15170	351.0	0.88	1.19
15180	346.0	2.05	-6.58
15180	349.0	2.54	-2.9
15180	351.0	0.95	0.46
15190	346.0	1.92	-7.24
15190	349.0	2.45	-2.32
15190	351.0	0.94	-0.39
15200	349.0	2.44	-1.63
15200	351.0	1.01	-1.15
15210	349.0	2.32	-0.99
15210	351.0	1.06	-1.94
15220	349.0	2.24	-0.45
15230	349.0	2.18	0.1
15240	349.0	2.17	0.7
15250	349.0	2.16	1.27
15820	355.0	1.19	2.9
15820	356.0	0.54	0.01
15830	355.0	1.16	2.33
15830	356.0	0.52	-0.03
15840	355.0	1.21	1.74
15840	356.0	0.51	-0.03
15850	355.0	1.32	1.09
15850	356.0	0.51	-0.03
15860	355.0	1.33	0.5
15860	356.0	0.51	-0.03
15870	355.0	1.32	-0.32
15870	356.0	0.51	-0.03
15880	355.0	1.32	-1.0
15880	356.0	0.51	-0.03
15890	355.0	1.22	-1.78
15890	356.0	0.51	-0.03
15900	355.0	1.11	-2.33
15900	356.0	0.51	-0.03
15910	355.0	0.95	-3.14
15910	356.0	0.51	-0.03
15910	359.0	3.58	-9.8
15920	355.0	0.83	-3.74
15920	356.0	0.53	-0.07
15920	359.0	3.53	-9.32
15920	360.0	3.77	-6.98
15930	355.0	0.64	-4.47
15930	356.0	0.53	-0.08
15930	359.0	3.6	-8.73
15930	360.0	3.78	-6.51
15940	355.0	0.49	-5.33
15940	356.0	0.5	-0.04
15940	359.0	3.54	-8.17
15940	360.0	3.68	-6.03
15950	355.0	0.35	-6.05
15950	356.0	0.53	-0.02
15950	359.0	3.45	-7.57
15950	360.0	3.54	-5.67
15950	361.0	-0.89	-6.71
15960	355.0	0.3	-6.81
15960	356.0	0.53	-0.07
15960	359.0	3.53	-7.1
15960	360.0	3.54	-5.21
15960	361.0	-0.89	-6.71
15970	355.0	0.33	-7.51
15970	356.0	0.53	-0.08
15970	359.0	3.44	-6.48
15970	360.0	3.47	-4.82
15970	361.0	-0.89	-6.71
15980	355.0	0.26	-8.2
15980	356.0	0.53	-0.02
15980	359.0	3.37	-5.98
15980	360.0	3.5	-4.33
15980	361.0	-0.89	-6.71
15990	355.0	0.34	-8.93
15990	356.0	0.53	-0.05
15990	359.0	3.39	-5.42
15990	360.0	3.67	-3.93
15990	361.0	-0.89	-6.71
16000	355.0	0.48	-9.62
16000	356.0	0.46	-0.03
16000	359.0	3.32	-4.85
16000	360.0	3.87	-3.52
16000	361.0	-0.89	-6.71
16010	356.0	0.47	0.14
16010	359.0	3.29	-4.35
16010	360.0	4.02	-3.04
16010	361.0	-0.89	-6.71
16020	356.0	0.47	0.24
16020	359.0	3.35	-3.74
16020	360.0	4.03	-2.69
16020	361.0	-0.89	-6.71
16030	356.0	0.47	0.18
16030	359.0	3.31	-3.14
16030	360.0	4.14	-2.38
16030	361.0	-0.89	-6.71
16040	356.0	0.47	0.16
16040	359.0	3.36	-2.59
16040	360.0	4.12	-1.89
16040	361.0	-0.89	-6.71
16040	366.0	0.64	4.11
16050	356.0	0.47	0.12
16050	359.0	3.41	-2.03
16050	361.0	-0.89	-6.71
16050	366.0	0.78	3.58
16060	356.0	0.46	0.08
16060	359.0	3.36	-1.53
16060	361.0	-0.89	-6.71
16060	366.0	0.83	3.07
16070	356.0	0.51	0.01
16070	359.0	3.45	-1.04
16070	361.0	-0.89	-6.71
16070	366.0	0.88	2.46
16080	356.0	0.52	0.01
16080	359.0	3.51	-0.52
16080	361.0	-0.89	-6.71
16080	366.0	0.97	1.89
16090	356.0	0.52	0.01
16090	359.0	3.49	0.01
16090	361.0	-0.89	-6.71
16090	366.0	1.06	1.38
16100	356.0	0.52	0.01
16100	359.0	3.64	0.51
16100	361.0	-0.89	-6.71
16100	366.0	1.17	0.79
16110	356.0	0.52	0.01
16110	361.0	-0.89	-6.71
16110	366.0	1.28	0.1
16110	367.0	3.38	-6.8
16120	356.0	0.52	0.01
16120	361.0	-0.89	-6.71
16120	366.0	1.22	-0.37
16120	367.0	3.35	-6.21
16130	356.0	0.52	0.01
16130	361.0	-0.89	-6.71
16130	366.0	1.25	-0.98
16130	367.0	3.33	-5.64
16140	356.0	0.52	0.01
16140	361.0	-0.89	-6.71
16140	366.0	1.27	-1.56
16140	367.0	3.37	-5.07
16140	372.0	2.03	2.2
16150	356.0	0.43	0.04
16150	361.0	-0.89	-6.71
16150	366.0	1.25	-2.11
16150	367.0	3.31	-4.49
16150	372.0	1.94	1.64
16160	356.0	0.42	0.04
16160	361.0	-0.89	-6.71
16160	366.0	1.22	-2.81
16160	367.0	3.31	-3.92
16160	372.0	1.98	0.86
16160	376.0	1.84	2.87
16170	356.0	0.34	0.02
16170	361.0	-0.89	-6.71
16170	366.0	1.19	-3.36
16170	367.0	3.32	-3.36
16170	372.0	1.87	0.27
16170	376.0	1.83	2.4
16170	378.0	-0.82	-2.48
16180	356.0	0.29	0.0
16180	361.0	-0.89	-6.71
16180	366.0	1.18	-4.01
16180	367.0	3.29	-2.77
16180	372.0	1.83	-0.36
16180	376.0	1.87	1.93
16180	378.0	-0.82	-2.48
16190	356.0	0.31	0.1
16190	361.0	-0.89	-6.71
16190	366.0	1.16	-4.67
16190	367.0	3.36	-2.19
16190	372.0	1.76	-0.97
16190	376.0	1.89	1.49
16190	378.0	-1.06	-2.3
16200	356.0	0.29	0.23
16200	361.0	-0.89	-6.71
16200	366.0	1.18	-5.48
16200	367.0	3.35	-1.62
16200	372.0	1.77	-1.59
16200	376.0	1.88	1.01
16200	378.0	-1.1	-2.19
16210	356.0	0.35	0.2
16210	361.0	-0.89	-6.71
16210	366.0	1.23	-5.95
16210	367.0	3.34	-1.08
16210	372.0	1.73	-2.18
16210	376.0	1.91	0.53
16210	378.0	-1.14	-1.97
16220	356.0	0.18	0.38
16220	361.0	-0.89	-6.71
16220	366.0	1.24	-6.82
16220	367.0	3.36	-0.56
16220	372.0	1.72	-2.85
16220	376.0	1.9	-0.0
16220	378.0	-1.15	-1.8
16230	356.0	0.24	0.32
16230	361.0	-0.89	-6.71
16230	366.0	1.25	-7.55
16230	367.0	3.28	-0.0
16230	372.0	1.75	-3.57
16230	376.0	1.86	-0.51
16230	378.0	-1.4	-1.49
16240	356.0	0.27	0.14
16240	361.0	-0.89	-6.71
16240	366.0	1.19	-8.18
16240	367.0	3.27	0.57
16240	372.0	1.71	-4.26
16240	376.0	1.86	-1.05
16240	378.0	-1.58	-1.34
16250	356.0	0.33	0.1
16250	361.0	-0.89	-6.71
16250	366.0	1.15	-8.93
16250	367.0	3.21	1.09
16250	372.0	1.73	-4.94
16250	376.0	1.8	-1.58
16250	378.0	-1.45	-1.2
16260	356.0	0.21	0.16
16260	361.0	-0.87	-6.64
16260	366.0	1.24	-9.59
16260	367.0	3.1	1.63
16260	372.0	1.72	-5.64
16260	376.0	1.75	-2.11
16260	378.0	-1.41	-1.01
16270	356.0	0.23	0.15
16270	361.0	-0.85	-6.64
16270	367.0	3.07	2.18
16270	372.0	1.67	-6.32
16270	376.0	1.77	-2.67
16270	378.0	-1.38	-0.88
16280	356.0	0.22	0.19
16280	361.0	-0.86	-6.75
16280	367.0	2.92	2.79
16280	372.0	1.69	-7.02
16280	376.0	1.79	-3.23
16280	378.0	-1.66	-0.52
16290	356.0	0.22	0.14
16290	361.0	-0.86	-6.83
16290	367.0	2.91	3.33
16290	372.0	1.66	-7.72
16290	376.0	1.82	-3.77
16290	378.0	-1.73	-0.32
16290	383.0	3.84	-10.31
16300	356.0	0.22	0.15
16300	361.0	-0.85	-6.88
16300	372.0	1.64	-8.48
16300	376.0	1.84	-4.33
16300	378.0	-1.71	-0.12
16300	383.0	3.92	-9.78
16310	356.0	0.24	0.13
16310	361.0	-0.71	-6.73
16310	372.0	1.6	-9.13
16310	376.0	1.87	-4.89
16310	378.0	-1.81	0.04
16310	383.0	3.93	-9.32
16320	356.0	0.24	0.16
16320	361.0	-0.66	-6.64
16320	376.0	1.84	-5.45
16320	378.0	-1.97	0.19
16320	383.0	3.92	-8.92
16330	356.0	0.27	0.18
16330	361.0	-0.71	-6.7
16330	376.0	1.84	-6.01
16330	378.0	-2.11	0.3
16330	383.0	3.93	-8.46
16340	356.0	0.28	0.18
16340	361.0	-0.72	-6.71
16340	376.0	1.85	-6.6
16340	378.0	-2.22	0.45
16340	383.0	3.83	-8.04
16340	384.0	1.56	3.74
16350	356.0	0.3	0.18
16350	361.0	-0.72	-6.71
16350	376.0	1.87	-7.22
16350	378.0	-2.37	0.53
16350	383.0	3.83	-7.61
16350	384.0	1.62	3.03
16360	356.0	0.26	0.13
16360	361.0	-0.72	-6.71
16360	376.0	1.98	-7.78
16360	378.0	-2.52	0.48
16360	383.0	3.83	-7.16
16360	384.0	1.64	2.35
16370	356.0	0.22	0.15
16370	361.0	-0.72	-6.71
16370	376.0	2.01	-8.3
16370	378.0	-2.61	0.48
16370	383.0	3.84	-6.65
16370	384.0	1.76	1.5
16380	356.0	0.24	0.15
16380	361.0	-0.72	-6.71
16380	376.0	2.07	-8.88
16380	378.0	-2.63	0.52
16380	383.0	3.78	-6.09
16380	384.0	1.71	0.74
16390	356.0	0.24	0.17
16390	361.0	-0.72	-6.71
16390	378.0	-2.63	0.54
16390	383.0	3.81	-5.75
16390	384.0	1.79	-0.02
16400	356.0	0.24	0.17
16400	361.0	-0.72	-6.71
16400	378.0	-2.63	0.56
16400	383.0	3.76	-5.26
16400	384.0	1.77	-0.76
16410	356.0	0.22	0.08
16410	361.0	-0.72	-6.71
16410	383.0	3.76	-4.78
16410	384.0	1.67	-1.54
16420	356.0	0.24	0.12
16420	361.0	-0.72	-6.71
16420	383.0	3.71	-4.27
16420	384.0	1.66	-2.31
16430	356.0	0.22	0.13
16430	361.0	-0.72	-6.71
16430	383.0	3.7	-3.75
16430	384.0	1.62	-3.12
16440	356.0	0.25	0.12
16440	361.0	-0.62	-6.81
16440	383.0	3.69	-3.22
16440	384.0	1.67	-3.96
16450	356.0	0.24	0.14
16450	361.0	-0.71	-6.72
16450	383.0	3.68	-2.73
16450	384.0	1.67	-4.89
16460	356.0	0.22	0.13
16460	361.0	-0.65	-6.8
16460	383.0	3.46	-2.26
16460	384.0	1.67	-5.71
16470	356.0	0.27	0.14
16470	361.0	-0.71	-6.72
16470	383.0	3.64	-1.77
16470	384.0	1.72	-6.48
16480	356.0	0.24	0.15
16480	361.0	-0.65	-6.75
16480	383.0	3.43	-1.28
16480	384.0	1.68	-7.31
16490	356.0	0.27	0.16
16490	361.0	-0.59	-6.78
16490	383.0	3.36	-0.84
16490	384.0	1.66	-8.13
16500	356.0	0.29	0.14
16500	361.0	-0.7	-6.71
16500	383.0	3.36	-0.38
16500	384.0	1.58	-8.88
16510	356.0	0.29	0.08
16510	361.0	-0.72	-6.71
16510	383.0	3.35	0.06
16510	384.0	1.54	-9.65
16520	356.0	0.27	0.06
16520	361.0	-0.72	-6.71
16520	383.0	3.3	0.51
16530	356.0	0.27	0.04
16530	361.0	-0.72	-6.71
16530	383.0	3.34	0.97
16540	356.0	0.18	-0.02
16540	361.0	-0.72	-6.71
16540	383.0	3.33	1.41
16550	356.0	0.14	0.05
16550	361.0	-0.72	-6.71
16550	383.0	3.4	1.86
16560	356.0	0.08	0.22
16560	361.0	-0.72	-6.71
16560	383.0	3.44	2.3
16570	356.0	0.01	0.37
16570	361.0	-0.72	-6.71
16570	383.0	3.44	2.72
16580	356.0	-0.15	0.48
16580	361.0	-0.72	-6.71
16580	383.0	3.44	3.16
16590	361.0	-0.72	-6.71
16600	361.0	-0.72	-6.71
16600	394.0	0.25	-9.03
16610	361.0	-0.72	-6.71
16610	394.0	0.26	-8.3
16620	361.0	-0.72	-6.71
16620	394.0	0.33	-7.57
16630	361.0	-0.72	-6.71
16630	394.0	0.34	-6.82
16640	361.0	-0.72	-6.71
16640	394.0	0.26	-6.03
16650	361.0	-0.72	-6.71
16650	394.0	0.27	-5.27
16660	361.0	-0.72	-6.71
16660	394.0	0.2	-4.41
16670	361.0	-0.65	-6.69
16670	394.0	0.17	-3.75
16670	396.0	3.84	-5.52
16680	361.0	-0.64	-6.69
16680	394.0	0.07	-3.0
16680	396.0	3.76	-4.81
16690	361.0	-0.64	-6.69
16690	394.0	0.07	-2.23
16690	396.0	3.85	-4.1
16700	361.0	-0.64	-6.69
16700	394.0	0.06	-1.48
16700	396.0	3.73	-3.36
16710	361.0	-0.69	-6.69
16710	394.0	0.06	-0.69
16710	396.0	3.72	-2.69
16720	361.0	-0.82	-6.68
16720	394.0	0.11	-0.04
16720	396.0	3.79	-2.07
16720	398.0	2.02	2.65
16730	361.0	-0.9	-6.67
16730	394.0	0.12	0.75
16730	396.0	3.71	-1.44
16730	398.0	1.94	1.95
16740	361.0	-0.91	-6.67
16740	394.0	0.04	1.48
16740	396.0	3.73	-0.75
16740	398.0	1.95	1.29
16750	361.0	-0.91	-6.67
16750	394.0	0.18	2.03
16750	396.0	3.76	-0.14
16750	398.0	1.97	0.67
16760	361.0	-0.92	-6.5
16760	394.0	0.12	2.83
16760	396.0	3.75	0.54
16760	398.0	1.99	0.07
16770	361.0	-0.97	-6.54
16770	394.0	0.12	3.4
16770	396.0	3.73	1.17
16770	398.0	2.06	-0.59
16780	361.0	-1.0	-6.5
16780	394.0	0.11	4.1
16780	396.0	3.79	1.81
16780	398.0	2.02	-1.27
16790	361.0	-1.22	-6.37
16790	396.0	3.68	2.44
16790	398.0	1.96	-1.96
16800	361.0	-1.44	-6.31
16800	396.0	3.66	2.96
16800	398.0	1.94	-2.65
16800	401.0	2.88	-2.24
16810	361.0	-1.38	-6.47
16810	398.0	1.93	-3.38
16810	401.0	2.46	-1.99
16820	398.0	2.0	-4.13
16820	401.0	2.0	-1.68
16830	398.0	2.05	-4.89
16840	398.0	2.17	-5.8
16850	398.0	2.32	-6.53
16860	398.0	2.35	-7.16
16870	398.0	2.47	-7.85
16880	398.0	2.51	-8.57
17260	402.0	2.23	-1.34
17260	405.0	1.42	-8.11
17270	402.0	2.24	-1.87
17270	405.0	1.38	-7.55
17280	402.0	2.26	-2.36
17280	405.0	1.52	-7.07
17290	402.0	2.41	-2.87
17290	405.0	1.46	-6.54
17300	402.0	2.51	-3.36
17300	405.0	1.4	-5.96
17310	402.0	2.53	-3.9
17310	405.0	1.45	-5.4
17320	402.0	2.58	-4.46
17320	405.0	1.28	-4.83
17590	410.0	3.7	-2.0
17600	410.0	3.69	-1.53
17610	410.0	3.69	-1.15
17620	410.0	3.47	-0.7
17630	410.0	3.42	-0.26
17640	410.0	3.41	0.17
17650	410.0	3.36	0.64
17660	410.0	3.36	1.05
17670	410.0	3.33	1.45
17680	410.0	3.19	1.81
17690	410.0	3.15	2.01
17920	417.0	3.71	-0.95
17930	417.0	3.54	-1.45
17930	418.0	3.71	-4.82
17940	417.0	3.36	-1.92
17940	418.0	3.57	-4.35
17940	419.0	3.37	-9.71
17950	417.0	3.1	-2.33
17950	418.0	3.52	-3.81
17950	419.0	3.35	-9.05
17960	417.0	2.95	-2.79
17960	418.0	3.78	-3.29
17960	419.0	3.3	-8.36
17970	417.0	2.84	-3.31
17970	418.0	3.92	-2.88
17970	419.0	3.33	-7.66
17980	417.0	2.7	-3.83
17980	418.0	3.96	-2.32
17980	419.0	3.33	-6.98
17990	417.0	2.62	-4.37
17990	418.0	3.94	-1.91
17990	419.0	3.33	-6.31
18000	417.0	2.57	-4.9
18000	419.0	3.34	-5.65
18010	417.0	2.49	-5.41
18010	419.0	3.3	-4.96
18020	417.0	2.51	-5.95
18020	419.0	3.29	-4.27
18030	417.0	2.55	-6.5
18030	419.0	3.3	-3.58
18040	417.0	2.54	-7.04
18040	419.0	3.28	-2.87
18050	417.0	2.61	-7.65
18050	419.0	3.35	-2.18
18060	417.0	2.69	-8.24
18060	419.0	3.35	-1.49
