830	3.0	12.49	6.6
840	3.0	11.94	6.77
850	3.0	11.03	6.84
850	5.0	-1.48	4.43
860	3.0	10.21	6.81
860	5.0	-0.49	4.38
870	3.0	9.36	6.85
870	5.0	0.6	4.23
880	3.0	8.59	6.85
880	5.0	1.6	4.13
890	3.0	7.78	6.84
890	5.0	2.67	4.07
900	3.0	6.96	6.84
900	5.0	3.7	4.02
910	3.0	6.29	7.0
910	5.0	4.75	4.04
920	3.0	5.62	7.1
920	5.0	5.76	4.06
930	3.0	5.06	7.04
930	5.0	6.76	4.04
940	3.0	4.69	7.0
940	5.0	7.82	4.17
950	3.0	4.35	7.01
950	5.0	8.85	4.21
960	3.0	3.76	6.99
960	5.0	9.93	4.29
970	3.0	3.19	6.89
970	5.0	10.82	4.49
980	3.0	2.62	7.13
980	5.0	11.75	4.36
990	3.0	1.78	7.15
1000	3.0	1.01	6.96
1010	3.0	0.07	6.91
1020	3.0	-0.72	6.66
1100	16.0	12.1	5.49
1100	17.0	13.05	6.62
1110	16.0	11.21	5.8
1110	17.0	12.14	7.06
1110	18.0	12.81	6.25
1120	16.0	10.41	5.86
1120	17.0	11.25	7.24
1120	18.0	12.08	6.36
1120	20.0	12.81	6.52
1130	16.0	9.57	5.82
1130	17.0	10.38	7.44
1130	18.0	11.2	6.55
1130	20.0	12.07	6.94
1140	16.0	8.85	5.63
1140	17.0	9.59	7.47
1140	18.0	10.31	6.71
1140	20.0	11.12	7.33
1150	16.0	8.01	5.6
1150	17.0	8.68	7.67
1150	18.0	9.53	6.83
1150	20.0	10.12	7.5
1160	16.0	7.24	5.38
1160	17.0	7.57	7.95
1160	18.0	8.56	6.74
1160	20.0	8.99	7.48
1170	16.0	6.62	5.39
1170	17.0	6.77	7.97
1170	18.0	7.82	6.82
1170	20.0	7.98	7.51
1180	16.0	5.77	5.36
1180	17.0	5.91	8.16
1180	18.0	6.88	6.9
1180	20.0	7.05	7.62
1190	16.0	4.99	5.22
1190	17.0	4.93	8.13
1190	18.0	5.81	6.96
1190	20.0	5.9	7.71
1200	16.0	4.16	5.19
1200	17.0	3.5	8.04
1200	18.0	4.87	6.92
1200	20.0	4.87	7.68
1210	16.0	3.41	5.0
1210	17.0	2.44	7.9
1210	18.0	4.06	6.82
1210	20.0	3.91	7.71
1220	16.0	2.54	5.01
1220	17.0	1.48	7.63
1220	18.0	3.01	6.78
1220	20.0	2.95	7.8
1230	16.0	1.66	4.83
1230	17.0	0.53	7.31
1230	18.0	2.19	6.64
1230	20.0	1.93	7.8
1240	16.0	0.85	4.84
1240	17.0	-0.36	6.97
1240	18.0	1.26	6.73
1240	20.0	0.95	7.68
1280	23.0	9.46	5.4
1290	23.0	8.41	5.24
1300	23.0	7.35	5.18
1310	23.0	6.37	5.23
1320	23.0	5.45	5.18
1330	23.0	4.58	5.26
1340	23.0	3.55	5.29
1340	26.0	-3.51	-1.63
1350	23.0	2.59	5.42
1350	26.0	-2.97	-0.87
1360	23.0	1.52	5.42
1360	26.0	-2.36	-0.36
1370	23.0	0.48	5.34
1450	30.0	3.08	2.76
1460	30.0	3.84	3.11
1470	30.0	4.4	3.13
1480	30.0	5.15	3.33
1490	30.0	5.91	3.45
1490	31.0	11.2	5.57
1500	30.0	6.78	3.53
1500	31.0	9.98	5.5
1510	30.0	7.64	3.7
1510	31.0	8.73	5.18
1520	30.0	8.42	3.89
1520	31.0	7.63	5.05
1530	30.0	9.18	4.03
1530	31.0	6.46	4.94
1530	33.0	13.1	6.2
1540	30.0	9.92	4.16
1540	31.0	5.4	4.97
1540	33.0	12.12	6.46
1540	34.0	12.56	5.64
1550	30.0	10.67	4.32
1550	31.0	4.36	5.18
1550	33.0	11.31	6.59
1550	34.0	11.53	5.82
1560	30.0	11.47	4.53
1560	31.0	3.3	5.22
1560	33.0	10.51	6.7
1560	34.0	10.55	5.83
1570	30.0	12.22	4.83
1570	31.0	2.26	5.33
1570	33.0	9.66	6.78
1570	34.0	9.71	5.86
1580	33.0	8.81	6.95
1580	34.0	8.85	6.02
1590	33.0	7.96	7.14
1590	34.0	7.96	6.2
1600	33.0	7.11	7.21
1600	34.0	7.14	6.22
1610	33.0	6.29	7.28
1610	34.0	6.26	6.26
1620	33.0	5.36	7.44
1620	34.0	5.2	6.39
1630	33.0	4.48	7.73
1630	34.0	4.34	6.66
1640	33.0	3.57	8.01
1640	34.0	3.47	6.93
1650	33.0	2.85	8.3
1650	34.0	2.72	7.22
1660	33.0	2.02	8.57
1660	34.0	1.65	7.59
1670	33.0	0.96	9.03
1670	34.0	0.67	8.02
1680	33.0	0.19	9.45
1680	34.0	0.01	8.48
1750	35.0	3.03	2.72
1760	35.0	3.84	3.05
1770	35.0	4.73	3.26
1780	35.0	5.6	3.49
1790	35.0	6.57	3.75
1800	35.0	7.45	3.94
1800	36.0	12.14	6.1
1810	35.0	8.38	4.13
1810	36.0	10.99	6.46
1820	35.0	9.28	4.35
1820	36.0	9.86	6.71
1830	35.0	10.14	4.49
1830	36.0	8.79	6.97
1840	35.0	11.03	4.71
1840	36.0	7.73	7.23
1850	35.0	11.88	4.87
1850	36.0	6.65	7.42
1860	36.0	5.55	7.68
1870	36.0	4.46	7.96
1880	36.0	3.4	8.25
1890	36.0	2.9	8.43
1900	36.0	1.65	8.92
1910	36.0	0.55	9.49
1920	36.0	-0.28	9.98
1930	36.0	-1.31	10.3
1970	39.0	11.13	5.34
1980	39.0	9.81	5.26
1990	39.0	8.47	5.21
2000	39.0	7.17	5.13
2010	39.0	5.79	4.92
2020	39.0	4.52	4.83
2030	39.0	3.25	4.68
2040	39.0	1.99	4.55
2050	39.0	0.72	4.56
2060	39.0	-0.55	4.5
2110	41.0	12.61	5.88
2120	41.0	11.67	6.15
2120	42.0	12.54	5.16
2130	41.0	10.91	5.93
2130	42.0	11.73	5.34
2130	44.0	12.92	6.06
2140	41.0	9.91	6.1
2140	42.0	10.95	5.36
2140	44.0	11.83	6.18
2150	41.0	9.01	5.97
2150	42.0	10.19	5.49
2150	44.0	10.89	6.19
2160	41.0	8.15	5.91
2160	42.0	9.25	5.45
2160	44.0	10.01	6.21
2170	41.0	7.25	5.76
2170	42.0	8.38	5.43
2170	44.0	9.12	6.21
2180	41.0	6.37	5.7
2180	42.0	7.61	5.28
2180	44.0	8.24	6.2
2180	45.0	12.38	5.2
2190	41.0	5.47	5.61
2190	42.0	6.74	5.18
2190	44.0	7.35	6.11
2190	45.0	11.22	5.05
2200	41.0	4.55	5.52
2200	42.0	5.85	5.13
2200	44.0	6.36	5.94
2200	45.0	10.23	4.79
2210	41.0	3.67	5.44
2210	42.0	5.0	4.91
2210	44.0	5.51	5.74
2210	45.0	9.17	4.62
2210	47.0	12.84	5.19
2220	41.0	2.77	5.24
2220	42.0	4.18	4.88
2220	44.0	4.56	5.69
2220	45.0	8.08	4.51
2220	47.0	11.56	4.72
2230	41.0	1.95	5.14
2230	42.0	3.33	4.74
2230	44.0	3.7	5.86
2230	45.0	7.03	4.31
2230	47.0	10.41	4.34
2240	41.0	1.06	4.93
2240	42.0	2.4	4.59
2240	44.0	2.75	5.68
2240	45.0	5.93	4.19
2240	47.0	9.26	3.93
2250	41.0	0.11	4.65
2250	42.0	1.42	4.39
2250	44.0	1.8	5.37
2250	45.0	4.79	4.13
2250	47.0	8.29	3.63
2260	41.0	-0.6	4.29
2260	42.0	0.51	4.2
2260	44.0	0.65	4.97
2260	45.0	3.76	3.96
2260	47.0	6.9	3.22
2270	41.0	-1.5	3.87
2270	42.0	-0.32	4.03
2270	44.0	-0.21	4.77
2270	45.0	2.72	3.76
2270	47.0	5.57	3.01
2270	49.0	11.67	6.02
2280	41.0	-2.46	3.54
2280	42.0	-1.25	3.61
2280	44.0	-1.23	4.46
2280	45.0	1.72	3.61
2280	47.0	4.52	2.82
2280	49.0	10.36	5.96
2290	41.0	-3.12	3.39
2290	42.0	-1.74	3.15
2290	44.0	-2.04	4.48
2290	45.0	0.72	3.46
2290	47.0	3.38	2.61
2290	49.0	9.13	6.05
2300	45.0	-0.3	3.4
2300	47.0	2.72	2.4
2300	49.0	7.99	6.26
2310	49.0	6.67	6.23
2320	49.0	5.48	6.3
2330	49.0	4.26	6.41
2860	53.0	4.66	6.69
2860	54.0	4.71	6.09
2870	53.0	5.88	6.59
2870	54.0	5.93	6.0
2880	53.0	7.16	6.58
2880	54.0	7.22	5.99
2890	53.0	8.37	6.64
2890	54.0	8.42	6.07
2900	53.0	9.59	6.68
2900	54.0	9.64	6.11
2910	53.0	10.83	6.8
2910	54.0	10.84	6.25
2920	53.0	12.24	6.7
2920	54.0	12.11	5.97
3010	59.0	-1.06	1.16
3020	59.0	-0.16	1.58
3030	59.0	0.89	2.07
3040	59.0	1.8	2.54
3050	59.0	2.78	2.76
3060	59.0	3.82	3.05
3070	59.0	4.72	3.32
3080	59.0	5.78	3.51
3090	59.0	6.83	3.7
3100	59.0	7.85	3.93
3110	59.0	8.86	4.13
3120	59.0	9.93	4.33
3130	59.0	10.99	4.58
3140	59.0	12.03	4.74
3650	64.0	6.93	4.35
3650	65.0	3.91	7.35
3650	67.0	1.21	8.43
3660	64.0	5.96	4.02
3660	65.0	3.16	7.37
3660	67.0	0.4	8.89
3670	64.0	4.97	3.71
3670	65.0	2.3	7.29
3670	67.0	-0.34	9.52
3680	64.0	3.85	3.46
3680	65.0	1.54	7.24
3680	67.0	-1.06	10.11
3690	64.0	2.74	3.33
3700	64.0	1.64	3.02
3710	64.0	0.72	2.76
3720	64.0	-0.16	2.53
3730	64.0	-1.03	2.18
4200	71.0	-2.31	5.3
4200	72.0	-2.46	6.05
4210	71.0	-1.31	5.3
4210	72.0	-1.37	6.01
4220	71.0	-0.57	5.34
4220	72.0	-0.42	5.89
4220	74.0	12.45	4.92
4230	71.0	0.44	5.37
4230	72.0	0.45	5.81
4230	74.0	11.75	4.81
4240	71.0	1.37	5.33
4240	72.0	1.4	5.96
4240	74.0	10.94	4.57
4250	71.0	2.02	5.42
4250	72.0	2.33	5.95
4250	74.0	10.01	4.39
4260	71.0	2.84	5.4
4260	72.0	3.13	5.86
4260	74.0	9.07	4.16
4270	71.0	3.53	5.56
4270	72.0	3.93	6.0
4270	74.0	8.22	3.88
4280	71.0	4.26	5.66
4280	72.0	5.09	6.08
4280	74.0	7.35	3.54
4290	71.0	4.83	5.75
4290	72.0	6.05	6.1
4290	74.0	6.4	3.13
4300	71.0	5.68	5.88
4300	72.0	6.96	6.05
4300	74.0	5.56	2.96
4310	71.0	6.56	5.98
4310	72.0	7.89	6.14
4310	74.0	4.51	2.67
4310	77.0	12.07	4.37
4310	78.0	-2.19	5.0
4320	71.0	7.4	6.07
4320	72.0	8.72	6.08
4320	74.0	3.64	2.42
4320	77.0	10.97	4.17
4320	78.0	-1.15	5.18
4330	71.0	8.28	6.16
4330	72.0	9.71	6.13
4330	74.0	2.66	2.27
4330	77.0	9.63	3.83
4330	78.0	-0.03	5.37
4340	71.0	9.16	6.16
4340	72.0	10.71	5.92
4340	74.0	1.7	2.07
4340	77.0	8.46	3.63
4340	78.0	1.03	5.53
4350	71.0	9.99	6.24
4350	72.0	11.64	5.68
4350	74.0	0.86	1.71
4350	77.0	7.33	3.45
4350	78.0	2.1	5.65
4360	71.0	10.91	6.06
4360	72.0	12.52	5.51
4360	74.0	-0.12	1.35
4360	77.0	6.04	3.25
4360	78.0	3.05	5.83
4370	74.0	-0.96	0.92
4370	77.0	5.05	3.17
4370	78.0	4.15	5.91
4380	77.0	3.72	3.11
4380	78.0	5.23	5.92
4390	77.0	2.58	2.93
4390	78.0	6.28	5.87
4400	77.0	1.36	2.87
4400	78.0	7.45	5.84
4410	77.0	0.25	2.74
4410	78.0	8.63	5.81
4420	77.0	-0.86	2.63
4420	78.0	9.76	5.79
4430	77.0	-1.98	2.65
4430	78.0	10.9	5.71
4440	77.0	-3.16	2.63
4440	78.0	12.0	5.64
4600	83.0	11.39	4.7
4610	83.0	10.34	4.58
4620	83.0	9.27	4.51
4630	83.0	8.27	4.54
4630	85.0	-0.45	9.88
4640	83.0	7.33	4.47
4640	85.0	0.46	9.56
4650	83.0	6.34	4.41
4650	85.0	1.17	9.24
4660	83.0	5.35	4.26
4660	85.0	1.89	8.89
4670	83.0	4.41	4.12
4670	85.0	2.74	8.49
4680	83.0	3.47	4.01
4680	85.0	3.56	8.13
4690	83.0	2.48	3.77
4690	85.0	4.32	7.75
4700	83.0	1.49	3.66
4700	85.0	5.2	7.41
4700	86.0	12.34	4.79
4710	83.0	0.54	3.59
4710	85.0	6.03	7.26
4710	86.0	11.33	4.49
4720	83.0	-0.46	3.52
4720	85.0	7.0	7.06
4720	86.0	10.11	4.23
4730	83.0	-1.5	3.48
4730	85.0	7.64	7.06
4730	86.0	8.97	3.78
4740	85.0	8.55	6.86
4740	86.0	7.82	3.49
4750	85.0	9.19	6.65
4750	86.0	6.69	3.26
4750	91.0	12.18	5.35
4760	85.0	10.1	6.51
4760	86.0	5.47	2.95
4760	91.0	11.16	5.09
4770	85.0	11.13	6.29
4770	86.0	4.38	2.77
4770	91.0	10.21	4.73
4780	85.0	11.99	6.24
4780	86.0	3.13	2.55
4780	91.0	9.22	4.43
4790	86.0	2.03	2.18
4790	91.0	8.21	4.13
4800	86.0	0.99	1.77
4800	91.0	7.18	3.89
4810	86.0	0.17	1.22
4810	91.0	6.18	3.77
4810	93.0	-1.39	5.59
4820	86.0	-0.75	0.55
4820	91.0	5.17	3.62
4820	93.0	-0.44	5.66
4830	86.0	-1.75	0.04
4830	91.0	4.13	3.47
4830	93.0	0.54	5.65
4840	86.0	-2.32	-0.63
4840	91.0	3.12	3.3
4840	93.0	1.48	5.65
4850	86.0	-2.96	-1.43
4850	91.0	2.12	3.02
4850	93.0	2.46	5.61
4860	86.0	-3.54	-2.3
4860	91.0	1.15	2.72
4860	93.0	3.46	5.59
4870	86.0	-4.16	-3.17
4870	91.0	0.22	2.33
4870	93.0	4.48	5.51
4880	91.0	-0.7	1.82
4880	93.0	5.46	5.48
4890	93.0	6.37	5.56
4900	93.0	7.25	5.6
4900	97.0	12.76	6.78
4910	93.0	8.2	5.55
4910	97.0	12.0	6.96
4920	93.0	9.19	5.57
4920	97.0	11.21	7.13
4930	93.0	10.13	5.53
4930	97.0	10.34	7.26
4940	93.0	10.83	5.46
4940	97.0	9.47	7.22
4950	93.0	11.71	5.4
4950	97.0	8.59	7.12
4960	93.0	12.09	5.42
4960	97.0	7.74	6.94
4970	93.0	12.85	5.18
4970	97.0	6.92	6.82
4980	97.0	6.12	6.62
4990	97.0	5.3	6.53
5110	106.0	5.26	6.57
5110	107.0	5.02	7.18
5110	109.0	-3.07	4.58
5120	106.0	4.35	6.37
5120	107.0	4.15	6.96
5120	109.0	-2.13	4.72
5130	106.0	3.6	5.91
5130	107.0	3.31	6.34
5130	109.0	-1.17	4.92
5140	106.0	2.85	5.39
5140	107.0	2.59	5.93
5140	109.0	-0.39	5.24
5150	106.0	2.32	4.7
5150	107.0	1.89	5.23
5150	109.0	0.49	5.53
5160	106.0	1.75	4.0
5160	107.0	1.12	4.55
5160	109.0	1.33	5.71
5170	106.0	0.87	3.45
5170	107.0	0.49	4.08
5170	109.0	2.04	5.75
5180	106.0	0.2	2.85
5180	107.0	-0.1	3.27
5180	109.0	2.95	5.76
5190	109.0	3.86	5.77
5200	109.0	4.75	5.76
5210	109.0	5.66	5.71
5220	109.0	6.56	5.68
5220	112.0	12.64	5.35
5230	109.0	7.49	5.64
5230	112.0	11.5	5.11
5240	109.0	8.41	5.61
5240	112.0	10.21	4.79
5250	109.0	9.3	5.6
5250	112.0	8.92	4.63
5260	109.0	10.17	5.53
5260	112.0	7.63	4.67
5270	109.0	11.04	5.45
5270	112.0	6.45	4.68
5280	109.0	11.95	5.4
5280	112.0	5.25	4.71
5290	109.0	13.01	5.22
5290	112.0	4.09	4.71
5300	112.0	2.95	4.7
5310	112.0	1.78	4.64
5320	112.0	0.59	4.56
5330	112.0	-0.56	4.49
5430	115.0	-1.73	0.53
5440	115.0	-1.73	0.53
5470	117.0	-2.57	0.9
5480	117.0	-1.84	1.77
5490	117.0	-1.21	2.35
5500	117.0	-0.32	2.93
5510	117.0	0.45	3.38
5520	117.0	1.47	3.73
5530	117.0	2.47	3.9
5540	117.0	3.63	4.02
5550	117.0	4.61	4.1
5550	119.0	12.96	6.37
5560	117.0	5.68	4.19
5560	119.0	11.82	6.79
5570	117.0	6.69	4.34
5570	119.0	11.13	7.19
5580	117.0	7.8	4.45
5580	119.0	10.54	7.55
5590	117.0	8.86	4.63
5590	119.0	9.73	7.84
5600	117.0	9.95	4.89
5600	119.0	8.8	8.01
5610	117.0	11.02	5.1
5610	119.0	7.78	8.0
5620	117.0	12.04	5.13
5620	119.0	6.78	8.05
5620	120.0	12.13	6.5
5630	117.0	13.25	4.97
5630	119.0	5.76	8.12
5630	120.0	11.31	6.81
6420	127.0	-5.45	7.31
6430	127.0	-4.56	7.42
6440	127.0	-3.66	7.48
6450	127.0	-2.72	7.42
6460	127.0	-1.59	7.31
6470	127.0	-0.59	7.22
6480	127.0	0.36	7.14
6490	127.0	1.32	7.05
6500	127.0	2.28	6.9
6510	127.0	3.16	6.66
6520	127.0	4.1	6.43
6530	127.0	5.01	6.31
6540	127.0	5.92	6.23
6550	127.0	6.84	6.22
6560	127.0	7.72	6.19
6570	127.0	8.67	6.17
6580	127.0	9.53	6.23
6590	127.0	10.39	6.23
6600	127.0	11.2	6.25
6610	127.0	12.02	6.08
6870	137.0	12.77	5.14
6880	137.0	11.85	4.89
6890	137.0	10.81	4.53
6890	139.0	12.58	4.94
6900	137.0	9.8	4.38
6900	139.0	11.48	4.82
6910	137.0	8.91	4.17
6910	139.0	10.31	4.8
6920	137.0	7.96	4.16
6920	139.0	9.18	4.78
6930	137.0	6.98	4.15
6930	139.0	8.04	4.87
6940	137.0	6.09	4.11
6940	139.0	7.0	4.83
6950	137.0	4.95	4.15
6950	139.0	5.86	4.89
6960	137.0	4.07	4.02
6960	139.0	4.78	5.0
6970	137.0	3.04	4.08
6970	139.0	3.73	5.07
6980	137.0	2.06	3.92
6980	139.0	2.7	5.2
6980	142.0	-5.15	4.12
6990	137.0	1.21	3.91
6990	139.0	1.69	5.24
6990	142.0	-4.25	4.15
7000	137.0	0.05	3.86
7000	139.0	0.68	5.32
7000	142.0	-3.43	4.22
7010	137.0	-0.82	3.61
7010	139.0	-0.37	5.56
7010	142.0	-2.38	4.37
7020	137.0	-1.98	3.28
7020	139.0	-1.26	5.82
7020	142.0	-1.45	4.36
7030	137.0	-3.06	3.13
7030	139.0	-2.59	5.72
7030	142.0	-0.26	4.33
7040	137.0	-4.0	3.34
7040	139.0	-3.64	5.62
7040	142.0	0.78	4.31
7050	142.0	1.83	4.35
7060	142.0	2.9	4.47
7070	142.0	3.88	4.61
7080	142.0	4.88	4.69
7090	142.0	5.94	4.73
7100	142.0	6.89	4.75
7110	142.0	7.58	4.77
7120	142.0	8.47	4.88
7130	142.0	9.53	4.93
7140	142.0	10.5	5.17
7150	142.0	11.59	5.09
7160	142.0	12.37	5.33
7300	145.0	-1.58	3.42
7300	146.0	-1.88	4.28
7310	145.0	-0.56	3.49
7310	146.0	-0.89	4.33
7320	145.0	0.55	3.54
7320	146.0	0.35	4.33
7330	145.0	1.65	3.56
7330	146.0	1.42	4.38
7340	145.0	2.73	3.57
7340	146.0	2.52	4.43
7350	145.0	3.84	3.63
7350	146.0	3.65	4.47
7360	145.0	4.97	3.72
7360	146.0	4.79	4.55
7370	145.0	6.12	3.73
7370	146.0	5.97	4.59
7370	148.0	-2.36	1.16
7380	145.0	7.26	3.83
7380	146.0	7.08	4.71
7380	148.0	-1.59	1.99
7390	145.0	8.4	3.94
7390	146.0	8.2	4.88
7390	148.0	-0.77	2.58
7400	145.0	9.56	4.16
7400	146.0	9.35	5.08
7400	148.0	0.3	3.11
7410	145.0	10.6	4.41
7410	146.0	10.5	5.31
7410	148.0	1.37	3.47
7420	145.0	11.78	4.67
7420	146.0	11.6	5.43
7420	148.0	2.51	3.79
7430	145.0	12.97	4.67
7430	146.0	12.44	5.54
7430	148.0	3.38	3.94
7440	148.0	4.48	4.1
7450	148.0	5.63	4.18
7460	148.0	6.75	4.19
7470	148.0	7.84	4.28
7480	148.0	8.97	4.45
7490	148.0	10.12	4.59
7500	148.0	11.23	4.7
7510	148.0	12.25	4.76
7630	157.0	0.12	1.45
7640	157.0	1.09	1.97
7650	157.0	2.04	2.34
7660	157.0	3.01	2.68
7670	157.0	4.12	2.91
7680	157.0	5.19	3.1
7690	157.0	6.3	3.48
7700	157.0	7.35	3.71
7710	157.0	8.37	4.04
7720	157.0	9.38	4.36
7730	157.0	10.42	4.56
7740	157.0	11.51	4.71
7750	157.0	12.6	4.93
7750	159.0	-1.09	5.33
7760	159.0	-0.07	5.35
7770	159.0	1.04	5.35
7770	160.0	11.65	5.63
7780	159.0	2.08	5.27
7780	160.0	10.51	5.29
7790	159.0	3.18	5.27
7790	160.0	9.64	5.15
7800	159.0	4.17	5.24
7800	160.0	8.54	4.92
7810	159.0	5.29	5.23
7810	160.0	7.51	4.68
7810	163.0	12.29	5.16
7820	159.0	6.3	5.26
7820	160.0	6.63	4.4
7820	163.0	11.09	4.81
7830	159.0	7.36	5.24
7830	160.0	5.51	4.05
7830	163.0	10.07	4.46
7840	159.0	8.32	5.31
7840	160.0	4.49	3.78
7840	163.0	8.56	4.23
7850	159.0	9.37	5.38
7850	160.0	3.46	3.67
7850	163.0	7.34	4.24
7860	159.0	10.44	5.49
7860	160.0	2.49	3.36
7860	163.0	6.21	4.07
7870	159.0	11.52	5.6
7870	160.0	1.48	3.15
7870	163.0	5.07	3.85
7870	167.0	12.54	4.31
7880	159.0	12.53	5.69
7880	160.0	0.57	2.94
7880	163.0	4.0	3.64
7880	167.0	11.66	3.83
7890	160.0	-0.52	2.66
7890	163.0	2.88	3.44
7890	167.0	10.78	3.48
7900	160.0	-1.6	2.59
7900	163.0	1.83	3.11
7900	167.0	9.7	3.23
7910	160.0	-2.74	2.61
7910	163.0	0.8	2.64
7910	167.0	8.75	3.25
7920	160.0	-3.88	2.77
7920	163.0	-0.17	2.1
7920	167.0	7.56	2.88
7930	160.0	-4.63	3.06
7930	163.0	-0.97	1.63
7930	167.0	6.6	2.75
7940	163.0	-1.91	0.62
7940	167.0	5.7	2.64
7950	163.0	-2.63	-0.2
7950	167.0	4.64	2.59
7960	167.0	3.77	2.41
7970	167.0	2.88	2.3
7980	167.0	1.77	1.98
8290	174.0	-3.14	13.21
8300	174.0	-2.68	12.24
8310	174.0	-2.1	11.41
8320	174.0	-1.38	10.59
8330	174.0	-0.71	10.15
8340	174.0	0.08	9.64
8350	174.0	0.99	9.2
8360	174.0	2.17	8.84
8370	174.0	3.15	8.54
8370	177.0	-1.24	7.06
8380	174.0	4.14	8.31
8380	177.0	-0.11	7.14
8390	174.0	5.2	8.09
8390	177.0	0.92	7.19
8400	174.0	6.25	7.82
8400	177.0	2.06	7.24
8400	183.0	-2.06	6.5
8410	174.0	7.27	7.53
8410	177.0	3.08	7.36
8410	183.0	-0.98	6.49
8420	174.0	8.28	7.22
8420	177.0	4.15	7.47
8420	183.0	0.29	6.39
8430	174.0	9.31	6.83
8430	177.0	5.17	7.41
8430	183.0	1.54	6.23
8440	174.0	10.33	6.48
8440	177.0	6.25	7.24
8440	183.0	2.83	6.14
8450	174.0	11.32	6.16
8450	177.0	7.26	7.14
8450	183.0	4.15	6.25
8460	174.0	12.18	5.82
8460	177.0	8.32	7.1
8460	183.0	5.43	6.38
8460	186.0	-3.14	7.07
8460	187.0	-2.98	8.82
8470	174.0	13.11	5.66
8470	177.0	9.36	7.15
8470	183.0	6.66	6.4
8470	186.0	-2.18	7.19
8470	187.0	-2.01	8.65
8480	177.0	10.52	6.88
8480	183.0	7.81	6.44
8480	186.0	-0.95	7.39
8480	187.0	-1.04	8.39
8490	177.0	11.68	6.59
8490	183.0	9.01	6.45
8490	186.0	0.19	7.2
8490	187.0	-0.05	8.14
8500	177.0	12.86	6.35
8500	183.0	10.17	6.4
8500	186.0	1.29	6.99
8500	187.0	0.89	7.95
8510	183.0	11.17	6.28
8510	186.0	2.35	6.75
8510	187.0	2.01	7.83
8520	183.0	12.04	6.12
8520	186.0	3.23	6.56
8520	187.0	3.04	7.62
8530	183.0	12.85	5.96
8530	186.0	4.05	6.39
8530	187.0	3.97	7.38
8540	183.0	13.99	5.71
8540	186.0	5.06	6.38
8540	187.0	4.85	7.25
8550	186.0	6.15	6.07
8550	187.0	5.81	7.03
8560	186.0	7.14	5.8
8560	187.0	6.75	6.83
8570	186.0	8.05	5.51
8570	187.0	7.64	6.68
8580	186.0	8.92	5.48
8580	187.0	8.54	6.5
8590	186.0	9.79	5.34
8590	187.0	9.42	6.35
8600	186.0	10.6	5.04
8600	187.0	10.28	6.21
8610	186.0	11.45	5.1
8610	187.0	11.07	6.04
8620	186.0	12.3	4.95
8620	187.0	11.79	5.96
8710	192.0	9.83	7.07
8720	192.0	8.82	7.21
8730	192.0	7.8	7.32
8740	192.0	6.8	7.29
8750	192.0	5.8	7.18
8760	192.0	4.79	7.14
8770	192.0	3.77	7.22
8780	192.0	2.79	7.46
8790	192.0	1.76	7.9
8800	192.0	0.88	8.36
8810	192.0	0.03	8.91
8860	194.0	0.46	4.97
8870	194.0	1.56	5.01
8880	194.0	2.66	5.0
8890	194.0	3.73	5.04
8900	194.0	4.86	5.11
8900	196.0	13.43	5.21
8910	194.0	6.05	5.1
8910	196.0	12.66	5.11
8920	194.0	7.16	5.12
8920	196.0	11.82	4.85
8930	194.0	8.16	5.15
8930	196.0	10.98	4.75
8940	194.0	8.86	5.52
8940	196.0	10.18	4.55
8940	199.0	-1.31	4.48
8950	194.0	9.47	5.91
8950	196.0	9.41	4.41
8950	199.0	-0.13	4.59
8960	194.0	10.35	6.0
8960	196.0	8.72	4.26
8960	199.0	1.08	4.71
8960	201.0	12.01	6.94
8970	194.0	11.31	5.95
8970	196.0	7.99	4.03
8970	199.0	2.28	4.86
8970	201.0	10.89	7.38
8970	202.0	12.87	5.37
8980	194.0	12.44	6.02
8980	196.0	7.2	3.96
8980	199.0	3.45	5.07
8980	201.0	9.92	7.71
8980	202.0	11.94	5.24
8990	196.0	6.39	3.77
8990	199.0	4.64	5.32
8990	201.0	8.79	8.03
8990	202.0	11.07	5.14
9000	196.0	5.5	3.53
9000	199.0	5.85	5.49
9000	201.0	7.68	8.2
9000	202.0	10.18	5.01
9010	196.0	4.65	3.36
9010	199.0	7.05	5.63
9010	201.0	6.53	8.51
9010	202.0	9.25	4.81
9020	196.0	3.73	3.12
9020	199.0	8.23	5.61
9020	201.0	5.63	8.76
9020	202.0	8.31	4.64
9030	196.0	2.76	2.95
9030	199.0	9.46	5.64
9030	201.0	4.6	8.51
9030	202.0	7.37	4.49
9040	196.0	1.92	2.82
9040	199.0	10.63	5.64
9040	201.0	3.62	7.93
9040	202.0	6.38	4.37
9050	196.0	1.01	2.52
9050	199.0	11.92	5.64
9050	201.0	2.51	7.5
9050	202.0	5.48	4.18
9050	207.0	-2.81	5.16
9060	196.0	0.07	2.2
9060	201.0	1.34	7.24
9060	202.0	4.55	4.11
9060	207.0	-1.77	5.1
9070	196.0	-0.89	1.79
9070	201.0	0.03	7.06
9070	202.0	3.6	3.97
9070	207.0	-0.85	5.1
9080	196.0	-1.65	1.35
9080	201.0	-1.12	6.97
9080	202.0	2.63	3.87
9080	207.0	0.24	5.1
9080	208.0	-3.33	4.78
9090	196.0	-2.33	0.88
9090	201.0	-2.46	7.17
9090	202.0	1.7	3.68
9090	207.0	1.45	5.11
9090	208.0	-2.39	4.89
9090	209.0	-3.41	-1.97
9100	196.0	-2.92	0.35
9100	201.0	-3.69	7.19
9100	202.0	0.75	3.61
9100	207.0	2.53	5.13
9100	208.0	-1.01	4.91
9100	209.0	-2.5	-0.82
9110	196.0	-3.59	-0.24
9110	201.0	-4.75	7.13
9110	202.0	-0.3	3.51
9110	207.0	3.62	5.2
9110	208.0	0.17	4.87
9110	209.0	-1.85	-0.27
9110	210.0	-3.15	5.55
9120	201.0	-5.84	6.95
9120	202.0	-1.29	3.4
9120	207.0	4.74	5.32
9120	208.0	1.36	4.91
9120	209.0	-0.83	0.28
9120	210.0	-2.09	5.54
9130	202.0	-2.3	3.29
9130	207.0	5.88	5.36
9130	208.0	2.57	4.97
9130	209.0	0.29	0.83
9130	210.0	-0.97	5.66
9140	202.0	-3.23	3.22
9140	207.0	7.21	5.41
9140	208.0	3.66	4.93
9140	209.0	1.17	1.58
9140	210.0	0.14	5.73
9150	207.0	8.34	5.45
9150	208.0	4.88	4.93
9150	209.0	2.26	2.27
9150	210.0	1.18	5.8
9160	207.0	9.48	5.36
9160	208.0	5.99	5.07
9160	209.0	3.45	2.88
9160	210.0	2.19	5.89
9170	207.0	10.65	5.35
9170	208.0	7.06	5.27
9170	209.0	4.62	3.3
9170	210.0	3.25	5.95
9180	207.0	11.71	5.24
9180	208.0	8.25	5.37
9180	209.0	5.86	3.74
9180	210.0	4.27	5.96
9190	207.0	12.68	5.03
9190	208.0	9.36	5.28
9190	209.0	7.1	4.03
9190	210.0	5.36	6.04
9200	207.0	13.6	4.99
9200	208.0	10.52	5.17
9200	209.0	8.37	4.34
9200	210.0	6.53	6.23
9210	208.0	11.64	5.01
9210	209.0	9.62	4.58
9210	210.0	7.54	6.33
9210	213.0	12.89	6.34
9220	208.0	12.82	5.0
9220	209.0	10.82	4.84
9220	210.0	8.46	6.37
9220	213.0	11.86	6.49
9230	208.0	14.42	5.44
9230	209.0	12.14	5.09
9230	210.0	9.14	6.07
9230	213.0	10.62	6.83
9240	209.0	13.32	5.31
9240	210.0	9.98	5.88
9240	213.0	9.46	6.88
9250	210.0	10.97	5.82
9250	213.0	8.37	6.64
9260	210.0	11.93	5.81
9260	213.0	7.26	6.4
9270	210.0	12.79	5.58
9270	213.0	6.12	6.26
9280	213.0	5.02	6.11
9290	213.0	3.87	6.16
9300	213.0	2.7	6.24
9300	215.0	10.78	6.43
9300	216.0	-4.26	8.11
9310	213.0	1.55	6.23
9310	215.0	9.71	6.27
9310	216.0	-3.98	8.01
9320	213.0	0.41	6.24
9320	215.0	8.67	5.92
9320	216.0	-3.84	7.96
9330	213.0	-0.72	6.34
9330	215.0	7.68	5.41
9330	216.0	-3.31	8.21
9340	213.0	-1.83	6.38
9340	215.0	6.72	4.86
9340	216.0	-2.9	8.26
9350	213.0	-3.02	6.4
9350	215.0	5.8	4.25
9350	216.0	-2.79	8.41
9360	213.0	-4.07	6.45
9360	215.0	4.87	3.58
9360	216.0	-2.51	8.43
9370	215.0	3.89	3.04
9370	216.0	-2.23	8.46
9380	215.0	3.02	2.68
9380	216.0	-2.01	8.44
9390	215.0	2.1	2.34
9390	216.0	-1.86	8.34
9400	215.0	1.06	1.97
9400	216.0	-1.65	8.28
9400	219.0	-2.37	4.43
9410	215.0	0.2	1.46
9410	216.0	-1.65	8.28
9410	219.0	-1.19	4.36
9420	215.0	-0.59	0.93
9420	216.0	-1.65	8.28
9420	219.0	-0.09	4.4
9430	215.0	-1.43	0.46
9430	216.0	-2.21	8.09
9430	219.0	1.03	4.5
9440	215.0	-2.22	-0.28
9440	216.0	-2.21	8.09
9440	219.0	2.08	4.51
9450	216.0	-2.23	8.18
9450	219.0	3.33	4.67
9460	216.0	-2.25	8.28
9460	219.0	4.52	4.75
9470	216.0	-2.25	8.28
9470	219.0	5.63	4.79
9480	216.0	-2.25	8.28
9480	219.0	6.76	4.84
9490	216.0	-2.25	8.28
9490	219.0	7.91	4.8
9500	216.0	-2.25	8.28
9500	219.0	9.02	4.66
9510	216.0	-2.78	8.5
9510	219.0	10.16	4.49
9520	216.0	-2.81	8.44
9520	219.0	11.3	4.33
9530	216.0	-2.98	8.14
9530	219.0	12.45	4.39
9530	223.0	-0.71	5.6
9530	224.0	-1.46	6.86
9540	216.0	-2.98	8.14
9540	219.0	13.57	4.79
9540	223.0	0.37	5.63
9540	224.0	-0.24	6.75
9550	216.0	-3.27	8.07
9550	223.0	1.48	5.61
9550	224.0	0.86	6.77
9560	216.0	-3.27	8.07
9560	223.0	2.68	5.6
9560	224.0	1.92	6.97
9570	216.0	-3.27	8.07
9570	223.0	3.83	5.57
9570	224.0	2.97	6.99
9580	216.0	-3.27	8.07
9580	223.0	4.94	5.51
9580	224.0	4.1	6.89
9590	216.0	-3.27	8.07
9590	223.0	6.07	5.5
9590	224.0	5.21	6.79
9600	216.0	-3.27	8.07
9600	223.0	7.32	5.55
9600	224.0	6.38	6.64
9610	216.0	-3.27	8.07
9610	223.0	8.37	5.53
9610	224.0	7.44	6.53
9620	216.0	-3.27	8.07
9620	223.0	9.47	5.48
9620	224.0	8.43	6.47
9620	226.0	12.81	6.56
9630	216.0	-3.27	8.07
9630	223.0	10.53	5.45
9630	224.0	9.39	6.31
9630	226.0	11.73	6.86
9640	216.0	-3.27	8.07
9640	223.0	11.65	5.43
9640	224.0	10.38	6.09
9640	226.0	10.65	7.09
9650	216.0	-3.61	7.93
9650	223.0	12.72	5.52
9650	224.0	11.38	5.91
9650	226.0	9.53	7.27
9660	216.0	-3.68	7.91
9660	226.0	8.38	7.46
9670	216.0	-3.78	7.9
9670	226.0	7.24	7.65
9680	216.0	-4.41	7.87
9680	226.0	6.08	7.73
9680	229.0	1.76	2.48
9690	216.0	-4.67	7.75
9690	226.0	4.94	7.74
9690	229.0	2.77	2.84
9700	216.0	-4.84	7.8
9700	226.0	3.78	7.66
9700	229.0	3.9	3.26
9710	216.0	-4.84	7.84
9710	226.0	2.61	7.56
9710	229.0	5.05	3.61
9720	216.0	-4.84	7.84
9720	226.0	1.48	7.43
9720	229.0	6.15	3.86
9730	216.0	-4.84	7.84
9730	226.0	0.32	7.31
9730	229.0	7.28	4.05
9740	216.0	-4.84	7.84
9740	226.0	-0.83	7.11
9740	229.0	8.49	4.23
9750	216.0	-4.84	7.84
9750	229.0	9.65	4.44
9760	216.0	-4.78	7.79
9760	229.0	10.82	4.65
9770	216.0	-4.83	7.83
9770	229.0	12.01	4.91
9780	216.0	-4.92	7.89
9780	229.0	13.1	5.24
9780	233.0	0.08	9.05
9790	216.0	-5.03	7.89
9790	233.0	1.16	8.69
9800	216.0	-5.23	7.82
9800	233.0	2.31	8.46
9810	216.0	-5.42	7.85
9810	233.0	3.43	8.17
9820	216.0	-5.67	7.99
9820	233.0	4.64	7.9
9830	216.0	-5.86	8.05
9830	233.0	5.83	7.6
9840	216.0	-6.06	8.09
9840	233.0	6.94	7.29
9850	216.0	-6.22	8.28
9850	233.0	8.12	6.99
9860	216.0	-6.25	8.45
9860	233.0	9.24	6.75
9870	216.0	-6.18	8.65
9870	233.0	10.39	6.65
9880	216.0	-5.02	9.02
9880	233.0	11.72	6.46
9890	216.0	-3.86	9.6
9890	233.0	12.99	6.22
9900	216.0	-2.62	9.95
9920	239.0	-1.57	5.57
9920	240.0	-1.36	4.73
9920	242.0	-0.92	9.05
9930	239.0	-0.74	5.53
9930	240.0	-0.48	4.76
9930	242.0	0.43	8.91
9940	239.0	0.07	5.49
9940	240.0	0.49	4.84
9940	242.0	1.62	8.69
9950	239.0	1.01	5.49
9950	240.0	1.47	4.88
9950	242.0	2.83	8.41
9960	239.0	1.95	5.41
9960	240.0	2.4	4.83
9960	242.0	4.11	8.12
9970	239.0	2.87	5.33
9970	240.0	3.31	4.79
9970	242.0	5.42	7.89
9970	244.0	-2.59	5.75
9980	239.0	3.75	5.37
9980	240.0	4.22	4.83
9980	242.0	6.58	7.59
9980	244.0	-1.43	5.98
9990	239.0	4.62	5.47
9990	240.0	5.11	4.88
9990	242.0	7.78	7.26
9990	244.0	-0.29	6.13
10000	239.0	5.44	5.48
10000	240.0	5.97	4.96
10000	242.0	8.99	6.94
10000	244.0	0.78	6.32
10010	239.0	6.19	5.49
10010	240.0	6.78	4.97
10010	242.0	10.19	6.7
10010	244.0	1.97	6.52
10020	239.0	6.97	5.46
10020	240.0	7.51	5.02
10020	242.0	11.51	6.62
10020	244.0	3.08	6.59
10030	239.0	7.74	5.47
10030	240.0	8.27	5.04
10030	242.0	12.75	6.4
10030	244.0	4.13	6.67
10040	239.0	8.51	5.47
10040	240.0	9.2	5.08
10040	242.0	13.9	6.27
10040	244.0	5.29	6.75
10050	239.0	9.12	5.37
10050	240.0	10.14	5.01
10050	244.0	6.37	6.79
10060	239.0	9.74	5.31
10060	240.0	11.0	4.93
10060	244.0	7.48	6.9
10070	239.0	10.47	5.34
10070	240.0	11.86	4.87
10070	244.0	8.67	6.96
10080	239.0	11.28	5.18
10080	240.0	12.71	4.91
10080	244.0	9.86	6.88
10090	239.0	12.01	5.09
10090	240.0	13.46	5.1
10090	244.0	11.09	6.76
10100	239.0	12.74	5.32
10100	244.0	12.26	6.62
10100	247.0	2.31	4.06
10100	248.0	2.11	4.96
10110	239.0	13.43	5.4
10110	244.0	13.49	6.73
10110	247.0	3.16	3.92
10110	248.0	3.13	4.87
10120	247.0	4.11	3.84
10120	248.0	4.03	4.79
10130	247.0	4.99	3.78
10130	248.0	5.03	4.68
10140	247.0	5.95	3.82
10140	248.0	5.98	4.65
10150	247.0	6.93	3.76
10150	248.0	7.07	4.8
10160	247.0	7.87	3.88
10160	248.0	7.89	4.77
10170	247.0	8.72	3.95
10170	248.0	8.73	4.88
10180	247.0	9.5	4.05
10180	248.0	9.45	5.01
10190	247.0	10.25	4.13
10190	248.0	10.17	5.38
10200	247.0	10.9	4.38
10200	248.0	11.01	5.67
10200	250.0	12.87	7.34
10200	251.0	2.92	6.64
10210	247.0	11.43	4.87
10210	248.0	11.79	5.84
10210	250.0	11.86	7.82
10210	251.0	3.98	6.63
10220	247.0	11.89	5.35
10220	248.0	12.36	6.04
10220	250.0	11.01	7.96
10220	251.0	5.02	6.58
10220	254.0	0.54	5.08
10220	255.0	13.59	6.31
10220	256.0	12.51	7.19
10230	247.0	12.28	5.47
10230	248.0	12.76	5.95
10230	250.0	10.24	7.8
10230	251.0	6.31	6.62
10230	254.0	1.81	5.19
10230	255.0	12.0	6.67
10230	256.0	11.51	7.53
10240	247.0	12.57	5.41
10240	248.0	13.21	5.86
10240	250.0	9.39	7.59
10240	251.0	7.26	6.58
10240	254.0	3.05	5.29
10240	255.0	10.58	6.62
10240	256.0	10.65	7.67
10250	247.0	12.88	5.27
10250	248.0	13.34	5.85
10250	250.0	8.58	7.71
10250	251.0	8.17	6.49
10250	254.0	4.32	5.39
10250	255.0	9.64	6.91
10250	256.0	9.72	7.68
10250	259.0	-2.22	6.66
10260	247.0	13.02	5.25
10260	248.0	13.44	5.8
10260	250.0	7.92	7.53
10260	251.0	9.24	6.17
10260	254.0	5.64	5.48
10260	255.0	8.76	6.91
10260	256.0	9.02	7.45
10260	259.0	-1.22	6.45
10270	247.0	13.17	5.2
10270	250.0	7.21	7.21
10270	251.0	10.23	5.97
10270	254.0	6.93	5.48
10270	255.0	7.92	6.61
10270	256.0	8.26	7.3
10270	259.0	-0.17	6.32
10280	247.0	13.41	5.12
10280	250.0	6.13	6.72
10280	251.0	11.11	5.92
10280	254.0	8.25	5.49
10280	255.0	7.26	6.3
10280	256.0	7.41	7.05
10280	259.0	0.82	6.31
10290	250.0	5.28	6.26
10290	251.0	12.11	5.83
10290	254.0	9.41	5.48
10290	255.0	6.18	5.49
10290	256.0	6.7	6.77
10290	259.0	1.74	6.31
10300	250.0	4.45	5.83
10300	251.0	12.84	5.71
10300	254.0	10.48	5.53
10300	255.0	5.27	5.2
10300	256.0	5.38	6.0
10300	259.0	2.64	6.36
10300	263.0	-1.98	5.1
10300	265.0	-2.07	1.9
10300	266.0	-1.85	2.67
10300	270.0	-0.92	1.99
10300	272.0	-2.43	4.2
10310	250.0	3.72	5.47
10310	251.0	13.7	5.67
10310	254.0	11.43	5.68
10310	255.0	4.36	4.87
10310	256.0	4.67	5.64
10310	259.0	3.46	6.61
10310	263.0	-1.02	5.22
10310	265.0	-1.21	1.87
10310	266.0	-0.95	2.62
10310	270.0	0.07	2.15
10310	272.0	-1.18	4.45
10320	250.0	2.93	5.39
10320	254.0	12.18	5.82
10320	255.0	3.57	4.62
10320	256.0	3.92	5.5
10320	259.0	4.33	6.82
10320	263.0	-0.19	5.44
10320	265.0	-0.13	1.95
10320	266.0	0.0	2.69
10320	270.0	0.96	2.27
10320	272.0	0.31	4.56
10330	250.0	2.03	5.29
10330	254.0	12.65	5.8
10330	255.0	2.84	4.62
10330	256.0	3.14	5.35
10330	259.0	5.19	6.99
10330	263.0	0.7	5.76
10330	265.0	0.94	2.13
10330	266.0	0.95	2.78
10330	270.0	1.88	2.52
10330	272.0	1.66	4.28
10340	250.0	1.14	5.1
10340	254.0	12.96	5.75
10340	255.0	2.11	4.71
10340	256.0	2.53	5.19
10340	259.0	6.09	7.08
10340	263.0	1.57	6.1
10340	265.0	2.0	2.21
10340	266.0	2.06	3.0
10340	270.0	2.84	2.75
10340	272.0	3.17	4.24
10350	250.0	0.25	4.72
10350	254.0	13.09	5.74
10350	255.0	1.53	4.48
10350	256.0	1.48	5.11
10350	259.0	6.99	7.02
10350	263.0	2.59	6.4
10350	265.0	3.0	2.25
10350	266.0	3.01	3.1
10350	270.0	3.95	2.87
10350	272.0	4.83	4.47
10350	275.0	12.96	6.42
10360	250.0	-0.38	4.33
10360	254.0	13.12	5.78
10360	255.0	0.99	4.16
10360	256.0	0.87	5.02
10360	259.0	7.87	7.03
10360	263.0	3.57	6.63
10360	265.0	4.02	2.4
10360	266.0	3.98	3.28
10360	270.0	5.04	2.92
10360	272.0	6.48	4.62
10360	275.0	12.33	6.31
10360	276.0	-3.3	5.59
10360	277.0	13.75	6.05
10370	250.0	-1.14	3.72
10370	254.0	13.45	5.7
10370	255.0	0.38	3.48
10370	256.0	0.26	4.39
10370	259.0	8.42	7.0
10370	263.0	4.4	6.8
10370	265.0	4.97	2.58
10370	266.0	4.89	3.42
10370	270.0	6.0	3.16
10370	272.0	8.07	4.71
10370	275.0	11.79	6.27
10370	276.0	-2.2	5.9
10370	277.0	13.75	6.05
10370	278.0	12.83	7.07
10380	250.0	-1.88	3.17
10380	255.0	-0.29	2.64
10380	256.0	-0.76	3.35
10380	259.0	9.45	7.11
10380	263.0	5.28	6.87
10380	265.0	5.81	2.62
10380	266.0	5.8	3.55
10380	270.0	7.03	3.34
10380	272.0	9.52	4.73
10380	275.0	11.27	6.2
10380	276.0	-1.12	6.1
10380	277.0	13.75	6.05
10380	278.0	12.23	7.21
10380	279.0	12.96	6.32
10380	280.0	-3.05	5.29
10390	259.0	10.03	6.97
10390	263.0	6.13	6.89
10390	265.0	6.44	2.8
10390	266.0	6.7	3.71
10390	270.0	8.01	3.57
10390	272.0	10.79	4.84
10390	275.0	10.76	6.07
10390	276.0	-0.06	6.34
10390	277.0	13.75	6.05
10390	278.0	11.68	6.9
10390	279.0	12.23	6.11
10390	280.0	-1.98	5.64
10400	259.0	10.66	7.0
10400	263.0	7.08	6.94
10400	265.0	7.33	3.04
10400	266.0	7.54	3.83
10400	270.0	9.04	3.83
10400	272.0	12.08	5.06
10400	275.0	10.27	6.17
10400	276.0	1.04	6.59
10400	277.0	13.75	6.05
10400	278.0	11.15	6.58
10400	279.0	11.66	6.04
10400	280.0	-0.87	5.95
10410	259.0	11.24	6.95
10410	263.0	8.0	6.96
10410	265.0	8.05	3.16
10410	266.0	8.39	3.96
10410	270.0	9.93	3.99
10410	272.0	13.16	5.2
10410	275.0	9.76	6.01
10410	276.0	2.12	6.71
10410	277.0	13.75	6.05
10410	278.0	10.48	6.48
10410	279.0	11.04	5.82
10410	280.0	0.24	6.22
10420	259.0	11.54	6.75
10420	263.0	8.88	7.0
10420	265.0	8.97	3.33
10420	266.0	9.29	4.07
10420	270.0	10.8	4.03
10420	272.0	13.37	5.38
10420	275.0	9.25	5.97
10420	276.0	3.18	6.82
10420	278.0	9.84	6.44
10420	279.0	10.06	5.73
10420	280.0	1.32	6.42
10430	259.0	12.04	6.66
10430	263.0	9.65	6.89
10430	265.0	9.66	3.38
10430	266.0	10.43	4.18
10430	270.0	11.68	4.14
10430	275.0	8.62	5.83
10430	276.0	4.22	7.02
10430	278.0	9.36	6.24
10430	279.0	9.75	5.68
10430	280.0	2.34	6.85
10440	259.0	12.4	6.56
10440	263.0	10.44	6.9
10440	265.0	10.46	3.73
10440	266.0	11.23	4.26
10440	270.0	12.51	4.36
10440	275.0	8.01	5.58
10440	276.0	5.29	7.15
10440	278.0	8.67	6.27
10440	279.0	9.09	5.49
10440	280.0	3.41	7.18
10440	286.0	-3.81	9.19
10450	259.0	12.92	6.45
10450	263.0	10.99	6.91
10450	265.0	11.08	4.01
10450	266.0	11.88	4.5
10450	270.0	13.32	4.79
10450	275.0	7.37	5.49
10450	276.0	6.33	7.21
10450	278.0	8.06	6.18
10450	279.0	8.49	5.36
10450	280.0	4.49	7.52
10450	286.0	-3.48	9.39
10460	259.0	13.89	6.52
10460	263.0	11.63	6.74
10460	265.0	11.57	4.16
10460	266.0	12.79	4.6
10460	275.0	6.89	5.24
10460	276.0	7.35	7.24
10460	278.0	7.35	6.12
10460	279.0	7.89	5.42
10460	280.0	5.75	7.68
10460	286.0	-3.07	9.24
10470	263.0	12.08	6.58
10470	265.0	11.96	4.27
10470	266.0	13.41	4.79
10470	275.0	6.25	5.15
10470	276.0	8.3	7.24
10470	278.0	6.72	6.02
10470	279.0	7.35	5.67
10470	280.0	6.91	7.81
10470	286.0	-2.85	9.25
10480	263.0	12.35	6.53
10480	265.0	12.18	4.41
10480	275.0	5.65	4.95
10480	276.0	9.18	7.25
10480	278.0	6.01	5.9
10480	279.0	6.75	6.01
10480	280.0	7.98	7.8
10480	286.0	-2.38	9.26
10490	263.0	12.41	6.46
10490	265.0	12.59	4.53
10490	275.0	5.04	4.9
10490	276.0	10.15	7.18
10490	278.0	5.32	5.72
10490	279.0	6.2	6.07
10490	280.0	9.02	7.79
10490	286.0	-2.03	9.08
10490	291.0	12.95	4.01
10500	263.0	12.31	6.34
10500	265.0	12.95	4.77
10500	275.0	4.46	4.85
10500	276.0	10.85	6.93
10500	278.0	4.77	5.71
10500	279.0	5.55	6.46
10500	280.0	9.84	7.65
10500	286.0	-1.88	9.01
10500	291.0	13.0	4.01
10510	263.0	12.46	6.12
10510	275.0	3.91	4.75
10510	276.0	11.41	6.55
10510	278.0	4.08	5.66
10510	279.0	4.76	6.44
10510	280.0	10.53	7.56
10510	286.0	-1.8	8.98
10510	291.0	12.99	4.12
10520	263.0	12.62	6.08
10520	275.0	3.23	4.67
10520	276.0	11.55	5.99
10520	278.0	3.4	5.58
10520	279.0	4.11	6.48
10520	280.0	11.13	7.13
10520	286.0	-1.8	8.98
10520	291.0	12.9	4.38
10530	263.0	12.62	5.96
10530	275.0	2.57	4.4
10530	276.0	11.84	5.63
10530	278.0	2.73	5.27
10530	279.0	3.28	6.6
10530	280.0	11.59	7.0
10530	291.0	13.01	4.57
10670	293.0	2.74	2.62
10670	294.0	1.35	2.72
10670	295.0	-1.18	4.97
10670	299.0	7.87	4.33
10670	302.0	2.96	7.39
10680	293.0	1.62	1.98
10680	294.0	2.4	3.13
10680	295.0	-1.18	4.97
10680	299.0	8.61	4.49
10680	302.0	4.13	7.35
10690	293.0	0.6	1.55
10690	294.0	3.48	3.44
10690	295.0	-1.18	4.97
10690	299.0	9.36	4.6
10690	302.0	5.1	7.37
10690	303.0	12.9	6.16
10700	293.0	-0.18	1.04
10700	294.0	4.56	3.76
10700	295.0	-1.18	4.97
10700	299.0	10.04	4.71
10700	302.0	6.14	7.23
10700	303.0	12.31	6.32
10700	304.0	13.38	5.92
10710	293.0	-1.44	0.46
10710	294.0	5.53	3.98
10710	295.0	-1.18	4.97
10710	299.0	10.8	4.82
10710	302.0	7.1	6.91
10710	303.0	11.61	6.67
10710	304.0	12.21	6.04
10720	293.0	-2.32	-0.3
10720	294.0	6.56	4.21
10720	295.0	-1.18	4.97
10720	299.0	11.53	5.0
10720	302.0	8.08	6.67
10720	303.0	10.95	7.1
10720	304.0	11.46	6.36
10730	294.0	7.52	4.5
10730	295.0	-1.18	4.97
10730	299.0	12.32	5.07
10730	302.0	9.07	6.44
10730	303.0	10.28	7.37
10730	304.0	10.77	6.7
10740	294.0	8.51	4.7
10740	295.0	-1.18	4.97
10740	299.0	12.91	5.29
10740	302.0	9.97	6.24
10740	303.0	9.63	7.55
10740	304.0	9.81	7.0
10750	294.0	9.52	4.89
10750	295.0	-1.18	4.97
10750	302.0	10.93	6.07
10750	303.0	8.91	7.66
10750	304.0	8.81	7.22
10760	294.0	10.43	5.09
10760	295.0	-1.18	4.97
10760	302.0	11.82	5.93
10760	303.0	8.16	7.78
10760	304.0	8.05	7.34
10770	294.0	11.36	5.22
10770	302.0	12.71	5.88
10770	303.0	7.39	7.94
10770	304.0	7.28	7.5
10780	294.0	12.2	5.32
10780	302.0	12.98	5.86
10780	303.0	6.61	8.11
10780	304.0	6.49	7.66
10780	307.0	1.47	6.03
10790	294.0	13.07	5.47
10790	303.0	5.81	8.31
10790	304.0	5.69	7.86
10790	307.0	2.24	5.81
10800	294.0	13.76	5.71
10800	303.0	5.08	8.41
10800	304.0	5.0	7.93
10800	307.0	2.96	5.54
10810	303.0	4.24	8.45
10810	304.0	4.17	8.08
10810	307.0	3.72	5.32
10810	312.0	0.34	6.96
10820	303.0	3.38	8.52
10820	304.0	3.35	8.14
10820	307.0	4.45	5.19
10820	312.0	1.31	6.87
10830	303.0	2.46	8.62
10830	304.0	2.59	8.13
10830	307.0	5.23	4.98
10830	312.0	2.34	6.65
10840	303.0	1.56	8.66
10840	304.0	1.87	8.03
10840	307.0	6.1	4.81
10840	312.0	3.36	6.52
10850	303.0	0.76	8.61
10850	304.0	1.12	8.01
10850	307.0	6.97	4.67
10850	312.0	4.45	6.43
10850	316.0	-1.87	6.4
10860	303.0	-0.06	8.59
10860	304.0	0.31	8.05
10860	307.0	7.89	4.6
10860	312.0	5.46	6.16
10860	316.0	-1.33	6.37
10870	303.0	-0.74	8.44
10870	304.0	-0.4	7.96
10870	307.0	8.84	4.57
10870	312.0	6.59	6.14
10870	316.0	-0.74	6.32
10880	303.0	-1.45	8.46
10880	304.0	-1.06	7.97
10880	307.0	9.7	4.57
10880	312.0	7.63	6.02
10880	316.0	-0.14	6.18
10890	307.0	10.59	4.51
10890	312.0	8.69	5.9
10890	316.0	0.48	6.05
10900	307.0	11.52	4.56
10900	312.0	9.64	5.79
10900	316.0	1.15	5.98
10910	307.0	12.37	4.63
10910	312.0	10.54	5.71
10910	316.0	1.81	5.91
10920	307.0	14.19	5.22
10920	312.0	11.36	5.61
10920	316.0	2.48	5.94
10930	312.0	12.11	5.55
10930	316.0	3.2	5.92
10940	312.0	12.82	5.36
10940	316.0	3.95	5.89
10950	312.0	13.5	5.36
10950	316.0	4.62	5.82
10960	316.0	5.23	5.78
10970	316.0	5.91	5.72
10980	316.0	6.57	5.71
10990	316.0	7.23	5.67
11000	316.0	7.94	5.67
11010	316.0	8.64	5.72
11020	316.0	9.37	5.77
11030	316.0	10.17	5.77
11040	316.0	10.86	5.73
11050	316.0	11.59	5.73
11060	316.0	12.25	5.63
11070	316.0	12.92	5.65
11240	322.0	11.11	5.18
11240	323.0	11.59	6.21
11250	322.0	10.21	5.33
11250	323.0	10.59	6.22
11260	322.0	9.36	5.23
11260	323.0	9.56	6.15
11270	322.0	8.49	5.13
11270	323.0	8.64	6.13
11280	322.0	7.66	5.08
11280	323.0	7.74	6.05
11280	325.0	-1.54	0.75
11290	322.0	6.74	5.12
11290	323.0	6.83	6.0
11290	325.0	-0.63	1.15
11290	330.0	-4.33	5.52
11300	322.0	5.92	5.01
11300	323.0	5.97	5.83
11300	325.0	0.15	1.51
11300	330.0	-3.27	5.72
11310	322.0	5.04	4.88
11310	323.0	5.11	5.65
11310	325.0	0.87	1.79
11310	330.0	-1.85	6.02
11320	322.0	4.18	4.8
11320	323.0	4.32	5.48
11320	325.0	1.63	2.05
11320	330.0	-0.46	6.26
11330	322.0	3.27	4.83
11330	323.0	3.49	5.4
11330	325.0	2.44	2.36
11330	330.0	0.88	6.38
11340	322.0	2.43	4.85
11340	323.0	2.68	5.33
11340	325.0	3.16	2.77
11340	330.0	1.95	6.39
11350	322.0	1.54	4.72
11350	323.0	1.88	5.29
11350	325.0	4.05	3.07
11350	330.0	3.23	6.38
11360	322.0	0.55	4.53
11360	323.0	1.08	5.17
11360	325.0	4.96	3.24
11360	330.0	4.57	6.38
11370	322.0	-0.29	4.27
11370	323.0	0.32	4.94
11370	325.0	5.81	3.38
11370	330.0	5.88	6.37
11370	332.0	13.33	5.77
11380	322.0	-1.04	3.95
11380	323.0	-0.44	4.58
11380	325.0	6.69	3.46
11380	330.0	7.2	6.41
11380	332.0	12.15	5.7
11390	322.0	-1.79	3.57
11390	323.0	-1.03	4.37
11390	325.0	7.56	3.48
11390	330.0	8.51	6.44
11390	332.0	11.01	5.69
11390	334.0	-2.96	5.37
11390	337.0	-3.5	6.64
11400	322.0	-2.59	2.94
11400	323.0	-1.55	3.88
11400	325.0	8.48	3.59
11400	330.0	9.84	6.52
11400	332.0	9.93	5.72
11400	334.0	-2.36	5.24
11400	337.0	-2.56	6.43
11410	322.0	-3.29	2.54
11410	323.0	-2.39	3.24
11410	325.0	9.34	3.79
11410	330.0	11.18	6.44
11410	332.0	8.83	5.77
11410	334.0	-1.59	5.2
11410	337.0	-1.61	6.42
11420	325.0	10.26	3.94
11420	330.0	12.53	6.17
11420	332.0	7.73	5.62
11420	334.0	-1.28	5.15
11420	337.0	-0.77	6.34
11430	325.0	11.14	4.06
11430	332.0	6.66	5.39
11430	334.0	-0.3	5.1
11430	337.0	0.22	6.31
11440	325.0	12.03	4.34
11440	332.0	5.65	5.05
11440	334.0	0.72	5.23
11440	337.0	1.15	6.25
11450	325.0	13.04	4.7
11450	332.0	4.59	4.62
11450	334.0	1.69	5.23
11450	337.0	2.23	6.23
11460	325.0	13.96	5.0
11460	332.0	3.54	4.18
11460	334.0	2.67	5.2
11460	337.0	3.37	6.2
11470	332.0	2.46	3.68
11470	334.0	3.49	5.12
11470	337.0	4.32	6.22
11480	332.0	1.34	3.17
11480	334.0	4.46	5.05
11480	337.0	5.23	6.18
11490	332.0	0.47	2.71
11490	334.0	5.46	5.01
11490	337.0	6.2	6.15
11500	332.0	-0.62	2.09
11500	334.0	6.41	4.89
11500	337.0	7.25	6.12
11510	334.0	7.36	4.82
11510	337.0	8.27	6.03
11520	334.0	8.35	4.75
11520	337.0	9.26	6.05
11530	334.0	9.26	4.66
11530	337.0	10.26	6.09
11540	334.0	10.17	4.57
11540	337.0	11.24	6.04
11550	334.0	11.12	4.6
11550	337.0	12.19	5.98
11840	342.0	10.64	4.9
11850	342.0	9.73	4.76
11860	342.0	8.75	4.6
11860	343.0	0.13	1.43
11870	342.0	7.84	4.56
11870	343.0	1.12	1.94
11870	346.0	-2.7	0.74
11880	342.0	6.88	4.5
11880	343.0	1.94	2.32
11880	346.0	-1.8	1.32
11890	342.0	5.99	4.48
11890	343.0	2.86	2.6
11890	346.0	-1.04	1.87
11900	342.0	5.08	4.47
11900	343.0	3.89	2.92
11900	346.0	-0.06	2.38
11910	342.0	4.17	4.43
11910	343.0	5.11	3.06
11910	346.0	0.89	2.76
11920	342.0	3.31	4.36
11920	343.0	6.22	3.24
11920	346.0	1.98	3.1
11930	342.0	2.48	4.12
11930	343.0	7.35	3.3
11930	346.0	3.02	3.31
11930	350.0	-4.99	5.19
11940	342.0	1.68	3.86
11940	343.0	8.49	3.53
11940	346.0	4.14	3.53
11940	350.0	-3.91	5.18
11950	342.0	0.82	3.51
11950	343.0	9.6	3.81
11950	346.0	5.34	3.75
11950	350.0	-3.05	5.23
11960	342.0	0.03	3.29
11960	343.0	10.61	4.09
11960	346.0	6.47	3.91
11960	350.0	-2.12	5.27
11970	342.0	-0.92	2.98
11970	343.0	11.74	4.48
11970	346.0	7.53	4.13
11970	350.0	-0.94	5.31
11980	342.0	-1.7	2.72
11980	343.0	12.84	4.85
11980	346.0	8.63	4.4
11980	350.0	-0.26	5.57
11990	342.0	-2.29	2.29
11990	343.0	13.96	5.38
11990	346.0	9.67	4.74
11990	350.0	0.83	5.71
12000	342.0	-2.96	1.67
12000	346.0	10.73	5.07
12000	350.0	1.83	5.83
12010	342.0	-3.47	1.06
12010	346.0	11.71	5.41
12010	350.0	2.72	5.93
12020	342.0	-3.96	0.4
12020	346.0	12.6	5.66
12020	350.0	3.64	5.81
12020	358.0	-6.55	7.2
12030	342.0	-4.35	-0.27
12030	346.0	13.85	6.2
12030	350.0	4.59	5.82
12030	358.0	-6.05	7.26
12040	342.0	-4.74	-1.01
12040	350.0	5.52	5.83
12040	358.0	-5.49	7.27
12050	350.0	6.35	5.9
12050	358.0	-4.99	7.41
12060	350.0	7.15	5.91
12060	358.0	-4.5	7.46
12070	350.0	7.98	5.94
12070	358.0	-4.07	7.51
12080	350.0	9.0	5.99
12080	358.0	-3.78	7.53
12090	350.0	9.65	5.87
12090	358.0	-3.23	7.55
12100	350.0	10.52	5.88
12100	358.0	-2.61	7.56
12110	350.0	11.4	5.93
12110	358.0	-2.24	7.62
12120	350.0	12.25	6.07
12120	358.0	-1.84	7.67
12130	350.0	13.32	6.12
12130	358.0	-1.3	7.52
12140	358.0	-0.9	7.53
12150	358.0	-0.49	7.47
12160	358.0	-0.03	7.4
12170	358.0	0.44	7.34
12180	358.0	0.87	7.36
12190	358.0	1.33	7.27
12200	358.0	1.79	7.27
12200	360.0	-1.34	3.51
12210	358.0	2.28	7.21
12210	360.0	-0.4	3.58
12220	358.0	2.81	7.21
12220	360.0	0.65	3.67
12220	362.0	-0.86	4.45
12230	358.0	3.24	7.11
12230	360.0	1.72	3.84
12230	362.0	0.14	4.42
12240	358.0	3.72	7.14
12240	360.0	2.77	3.91
12240	362.0	1.25	4.44
12240	366.0	-2.4	7.17
12250	358.0	4.14	7.14
12250	360.0	3.88	3.87
12250	362.0	2.34	4.5
12250	366.0	-1.0	7.08
12260	358.0	4.61	7.15
12260	360.0	4.9	3.96
12260	362.0	3.38	4.43
12260	366.0	0.09	7.02
12270	358.0	5.07	7.12
12270	360.0	5.88	4.21
12270	362.0	4.48	4.44
12270	366.0	1.14	6.94
12280	358.0	5.53	7.1
12280	360.0	6.93	4.37
12280	362.0	5.6	4.5
12280	366.0	2.27	6.89
12290	358.0	6.09	7.1
12290	360.0	8.02	4.65
12290	362.0	6.68	4.54
12290	366.0	3.36	6.83
12300	358.0	6.65	7.02
12300	360.0	9.08	4.97
12300	362.0	7.83	4.6
12300	366.0	4.57	6.96
12310	358.0	7.2	7.02
12310	360.0	10.21	5.19
12310	362.0	8.9	4.65
12310	366.0	5.5	7.24
12320	358.0	7.76	6.92
12320	360.0	11.3	5.41
12320	362.0	9.96	4.75
12320	366.0	6.54	7.42
12330	358.0	8.22	6.9
12330	360.0	12.29	5.55
12330	362.0	11.02	4.88
12330	366.0	7.74	7.46
12340	358.0	8.66	6.81
12340	360.0	13.26	5.81
12340	362.0	12.04	4.98
12340	366.0	9.06	7.6
12350	358.0	9.1	6.79
12350	362.0	12.85	5.08
12350	366.0	9.9	7.57
12360	358.0	9.53	6.76
12360	366.0	10.78	7.51
12370	358.0	9.96	6.74
12370	366.0	11.5	7.32
12380	358.0	10.35	6.75
12380	366.0	12.08	7.02
