0.0	3.0	9.3867438893	7.06433007152
0.0	8.0	7.02953466149	4.5822681545
0.0	9.0	7.02953466149	5.17891765378
10.0	3.0	9.80767410855	6.8256702718
10.0	8.0	7.53465092459	4.52761506036
10.0	9.0	7.45572650848	5.17891765378
20.0	3.0	10.2286043278	6.58701047209
20.0	8.0	8.0397671877	4.47320062603
20.0	9.0	7.88191835548	5.17891765378
30.0	3.0	10.653322919	6.35694242517
30.0	8.0	8.5448834508	4.41854753189
30.0	9.0	8.30811020247	5.17891765378
40.0	3.0	11.0818298822	6.13522747123
40.0	8.0	9.01842994745	4.39730680972
40.0	9.0	8.73430204946	5.17891765378
50.0	3.0	11.5101263803	5.9137511771
50.0	8.0	9.46040667767	4.40923979971
50.0	9.0	9.20658575546	5.17891765378
60.0	3.0	11.9786217143	5.73785890471
60.0	8.0	9.90238340788	4.42117278969
60.0	9.0	9.67886946146	5.17891765378
70.0	3.0	12.4643751874	5.5817753957
70.0	8.0	10.3443601381	4.43310577968
70.0	9.0	10.1511531675	5.17891765378
80.0	3.0	12.9427623815	5.42115735049
80.0	8.0	10.762764776	4.43907227467
80.0	9.0	10.6234368735	5.17891765378
90.0	3.0	13.3559053917	5.21781920114
90.0	8.0	11.1573868566	4.43907227467
90.0	9.0	11.0576263946	5.17891765378
100.0	3.0	13.7690484019	5.01448105178
100.0	8.0	11.5520089371	4.43907227467
100.0	9.0	11.4878170787	5.17891765378
110.0	3.0	14.2021855975	4.84288465579
110.0	8.0	11.9466310177	4.43907227467
110.0	9.0	11.9177972977	5.17891765378
110.0	10.0	14.9884832471	6.01494293218
120.0	3.0	14.6652088387	4.71878155993
120.0	8.0	12.3496717026	4.43907227467
120.0	9.0	12.3479879817	5.17891765378
120.0	10.0	14.5082018669	6.09704190328
130.0	3.0	15.1282320799	4.59467846408
130.0	8.0	12.7611309919	4.43907227467
130.0	9.0	12.763235643	5.19156662317
130.0	10.0	14.0281309519	6.17914087438
140.0	8.0	13.1728007464	4.43907227467
140.0	9.0	13.1437565612	5.23357074792
140.0	10.0	13.54448213	6.25789860829
150.0	8.0	13.5842600357	4.43907227467
150.0	9.0	13.5244879445	5.27581353247
150.0	10.0	13.0294740067	6.30825582603
160.0	8.0	13.9959297901	4.43907227467
160.0	9.0	13.9052193278	5.31781765722
160.0	10.0	12.5144658834	6.35837438397
170.0	8.0	14.4673716357	4.45816505865
170.0	9.0	14.2859507112	5.36006044176
170.0	10.0	11.9992472951	6.40873160171
170.0	13.0	-0.126279065775	4.50852227639
180.0	8.0	14.9388134812	4.47725784262
180.0	9.0	14.6666820945	5.40206456651
180.0	10.0	11.488448474	6.46935119083
180.0	13.0	0.435031381596	4.51568207038
190.0	8.0	15.4102553268	4.4963506266
190.0	9.0	15.0474134778	5.44430735106
190.0	10.0	10.987331048	6.55455273933
190.0	13.0	0.996131363858	4.52308052417
200.0	9.0	15.427934396	5.48631147581
200.0	10.0	10.486213622	6.63975428783
200.0	13.0	1.55744181123	4.53024031816
210.0	10.0	9.98509619596	6.72519449613
210.0	13.0	2.12380342123	4.56484598912
220.0	10.0	9.4894508628	6.81660119942
220.0	13.0	2.69774177518	4.64073980543
230.0	10.0	9.0434752955	6.96433161544
230.0	13.0	3.27168012913	4.71687228154
240.0	10.0	8.5974997282	7.11206203146
240.0	13.0	3.84582894819	4.79276609785
250.0	10.0	8.15152416091	7.25979244748
250.0	13.0	4.41976730214	4.86865991415
260.0	10.0	7.70554859361	7.40752286351
260.0	13.0	4.9918114701	4.93596197767
270.0	10.0	7.25368000324	7.497497608
270.0	13.0	5.56385563806	5.00326404119
280.0	10.0	6.80118001755	7.5810285379
280.0	13.0	6.13589980602	5.07056610471
290.0	10.0	6.34868003185	7.6645594678
290.0	13.0	6.71383699705	5.13357229184
300.0	10.0	5.89618004616	7.7480903977
300.0	13.0	7.34523232593	5.15672229241
310.0	10.0	5.44620564178	7.76121668668
310.0	13.0	7.97662765481	5.18011095278
320.0	10.0	4.99665216762	7.76670586207
320.0	13.0	8.60802298368	5.20326095335
320.0	14.0	0.242455806289	4.79658465464
320.0	16.0	15.0158437113	4.40565990271
330.0	10.0	4.54709869346	7.77219503747
330.0	13.0	9.23941831256	5.22664961372
330.0	14.0	0.6012988182	4.7476593957
330.0	16.0	14.4324344275	4.35792794277
340.0	10.0	4.09733475419	7.77768421286
340.0	13.0	9.87081364144	5.27294961487
340.0	14.0	0.959931365002	4.69897279656
340.0	16.0	13.8492356087	4.31019598282
340.0	18.0	0.0774511603422	4.77438929327
350.0	10.0	3.64462430339	7.81730173961
350.0	13.0	10.5022089703	5.31948827581
350.0	14.0	1.31877437691	4.65004753762
350.0	16.0	13.2658263248	4.26246402288
350.0	18.0	0.431453474732	4.78512898425
360.0	10.0	3.18854641083	7.89104761773
360.0	13.0	11.1336042992	5.36578827696
360.0	14.0	1.67740692372	4.60541815507
360.0	16.0	12.6689472739	4.30685474563
360.0	18.0	0.785455789122	4.79586867524
370.0	10.0	2.73246851827	7.96503215564
370.0	13.0	11.7490042797	5.37557332875
370.0	14.0	2.03624993563	4.59754238168
370.0	16.0	12.0659647348	4.39062433533
370.0	18.0	1.13945810351	4.80684702603
380.0	10.0	2.27660109082	8.03877803375
380.0	13.0	12.3402007727	5.329989307
380.0	14.0	2.39509294754	4.58966660829
380.0	16.0	11.4629821958	4.47463258483
380.0	18.0	1.49324995279	4.81758671702
390.0	10.0	1.85314529025	8.14235638682
390.0	13.0	12.9316077307	5.28464394505
390.0	14.0	2.75393595945	4.5817908349
390.0	16.0	10.8599996567	4.55840217453
390.0	18.0	1.90071040503	4.82092795421
400.0	10.0	1.50587785937	8.31538474162
400.0	13.0	13.5228042237	5.23905992331
400.0	14.0	3.11277897136	4.57415372131
400.0	16.0	10.2917438607	4.77319599427
400.0	18.0	2.33111155421	4.82092795421
410.0	10.0	1.15861042849	8.48841309641
410.0	13.0	14.1038983913	5.20493157195
410.0	14.0	3.47162198327	4.56627794792
410.0	16.0	9.7234880647	4.98798981401
410.0	18.0	2.76130223829	4.82092795421
420.0	10.0	0.811342997606	8.6614414512
420.0	13.0	14.6437413975	5.21519394334
420.0	14.0	3.83046499518	4.55840217453
420.0	16.0	9.15523226871	5.20278363375
420.0	18.0	3.19149292236	4.82092795421
430.0	10.0	0.52847789027	8.85260795077
430.0	13.0	15.1835844037	5.22569497453
430.0	14.0	4.1282731253	4.55840217453
430.0	16.0	8.58697647272	5.4175774535
430.0	18.0	3.61558011826	4.82498517081
440.0	10.0	0.395674406096	9.08625589469
440.0	14.0	4.42587079032	4.55840217453
440.0	16.0	8.07512532611	5.63690580943
440.0	18.0	4.01399057078	4.84527125378
450.0	10.0	0.263081387032	9.31966517881
450.0	14.0	4.72367892044	4.55840217453
450.0	16.0	7.56306371439	5.85623416537
450.0	18.0	4.41261148841	4.86555733676
460.0	10.0	0.130488367968	9.55307446293
460.0	14.0	5.02148705056	4.55840217453
460.0	16.0	7.05121256778	6.07556252131
460.0	18.0	4.81123240604	4.88584341973
470.0	10.0	-0.00231511620588	9.78672240685
470.0	14.0	5.38790680641	4.54050268955
470.0	16.0	6.55114746731	6.29536819684
470.0	18.0	5.20964285856	4.90612950271
480.0	14.0	5.76211377133	4.52069392617
480.0	16.0	6.07886376131	6.51660583118
480.0	18.0	5.63478238	4.95362280285
490.0	14.0	6.13632073624	4.500646503
490.0	16.0	5.60658005531	6.73784346551
490.0	18.0	6.08644050526	5.02832332016
500.0	14.0	6.53010095635	4.50589701859
500.0	16.0	5.13429634931	6.95908109984
500.0	18.0	6.53809863052	5.10278517767
510.0	14.0	6.96976257036	4.56985784491
510.0	16.0	4.66053938755	7.16695378539
510.0	18.0	6.98954629066	5.17748569498
520.0	14.0	7.40942418437	4.63381867124
520.0	16.0	4.18088940271	7.32232131501
520.0	18.0	7.44120441592	5.25194755249
530.0	14.0	7.84929626348	4.69777949756
530.0	16.0	3.70123941787	7.47792750442
530.0	18.0	7.87497300686	5.29419033704
540.0	14.0	8.28895787749	4.76174032388
540.0	16.0	3.22158943304	7.63329503403
540.0	18.0	8.30074392363	5.32259085321
550.0	14.0	8.7286194915	4.82570115021
550.0	16.0	2.7419394482	7.78866256365
550.0	18.0	8.72672530551	5.35099136938
560.0	14.0	9.17122761704	4.83763414019
560.0	16.0	2.33763597261	7.98818215621
560.0	18.0	9.15270668739	5.37939188554
570.0	14.0	9.61509853324	4.827133109
570.0	16.0	1.94175110141	8.19295226436
570.0	18.0	9.59636713849	5.4113722987
580.0	14.0	10.0587589843	4.81687073762
580.0	16.0	1.5458662302	8.39748371272
580.0	18.0	10.0574961937	5.44693260886
590.0	14.0	10.5026299005	4.80636970643
590.0	16.0	1.14998135899	8.60201516107
590.0	18.0	10.518835714	5.48249291902
600.0	14.0	10.9416601192	4.80517640743
600.0	16.0	0.866484856328	8.81060382602
600.0	18.0	10.9799647692	5.51805322917
610.0	14.0	11.3373345253	4.88632073933
610.0	16.0	0.630974398657	9.02086310957
610.0	18.0	11.4413042895	5.55361353933
620.0	14.0	11.7330089314	4.96746507124
620.0	16.0	0.395463940986	9.23112239312
620.0	18.0	11.8912786938	5.5805820967
630.0	14.0	12.1286833375	5.04860940314
630.0	16.0	0.159953483315	9.44138167666
630.0	18.0	12.3385170518	5.60540271587
640.0	14.0	12.5243577436	5.12975373504
640.0	16.0	-0.0757674394652	9.65140230041
640.0	18.0	12.7857554098	5.63046199484
650.0	14.0	12.9154019173	5.20946610815
650.0	18.0	13.2329937677	5.65528261401
660.0	14.0	13.2647739993	5.27533621287
660.0	18.0	13.6802321257	5.68010323318
670.0	14.0	13.6139356161	5.34144497739
670.0	18.0	14.0695925785	5.72783519312
680.0	14.0	13.9633076981	5.40731508211
680.0	18.0	14.4589530313	5.77556715307
690.0	14.0	14.312469315	5.47342384663
690.0	18.0	14.8483134841	5.82329911301
700.0	14.0	14.6212216308	5.56077333332
700.0	18.0	15.2376739369	5.87103107295
710.0	14.0	14.869359995	5.68010323318
720.0	14.0	15.1174983593	5.79943313304
740.0	27.0	14.8649402277	4.77773053046
740.0	28.0	14.9851158053	3.70543205035
750.0	27.0	14.3015251293	4.90875476051
750.0	28.0	14.3537204765	3.73621916451
750.0	30.0	0.0420930219251	5.53690735335
760.0	27.0	13.7378995657	5.03954033075
760.0	28.0	13.7223251476	3.76700627868
760.0	30.0	0.618977887409	5.63404189184
770.0	27.0	13.179746095	5.21853518053
770.0	28.0	13.0934554	3.82356865121
770.0	30.0	1.19565228778	5.73141509012
780.0	27.0	12.6337996006	5.50922281659
780.0	28.0	12.4875263494	4.11282432846
780.0	30.0	1.77632552524	5.828072309
790.0	27.0	12.0878531062	5.80014911244
790.0	28.0	11.8818077639	4.40208000571
790.0	30.0	2.36562783219	5.92353622889
800.0	27.0	11.5423275421	6.08510891329
800.0	28.0	11.2758787133	4.69157434277
800.0	30.0	2.95493013914	6.01900014877
810.0	27.0	10.9991170941	6.31613159942
810.0	28.0	10.7364566373	5.03882435135
810.0	30.0	3.54423244609	6.11446406866
820.0	27.0	10.4561171113	6.54691562574
820.0	28.0	10.213661305	5.40063260772
820.0	30.0	4.11901266048	6.16768520399
830.0	27.0	9.91290666336	6.77793831186
830.0	28.0	9.69086597271	5.76244086408
830.0	30.0	4.69042543311	6.21016664834
840.0	27.0	9.36127761103	7.00848367839
840.0	28.0	9.16133575689	6.01351097338
840.0	30.0	5.26162774064	6.25288675249
850.0	27.0	8.80985902381	7.23879038511
850.0	28.0	8.62906949465	6.21708778254
850.0	30.0	5.87555446542	6.21303056594
860.0	27.0	8.25654625061	7.45549348325
860.0	28.0	8.0968032324	6.42066459169
860.0	30.0	6.48927072508	6.17341303919
870.0	27.0	7.68892184995	7.54952544434
870.0	28.0	7.54517418008	6.58891975049
870.0	30.0	7.07920442736	6.14429654362
880.0	27.0	7.12129744929	7.64355740542
880.0	28.0	6.94892652451	6.67507593819
880.0	30.0	7.65335324642	6.12281716165
890.0	27.0	6.55367304863	7.73758936651
890.0	28.0	6.35246840383	6.76147078568
890.0	30.0	8.22729160037	6.10109911987
900.0	27.0	5.97847190402	7.81181256422
900.0	28.0	5.75622074826	6.84762697338
900.0	30.0	8.80796483783	6.06911870671
910.0	27.0	5.40158703854	7.88126256594
910.0	28.0	5.20669634703	6.96504759484
910.0	30.0	9.4042124934	6.01351097338
920.0	27.0	4.82449170795	7.95047390785
920.0	28.0	4.67716613121	7.09583316508
920.0	30.0	10.0006706141	5.95766458025
930.0	27.0	4.25202660976	7.98746617681
930.0	28.0	4.14742545028	7.22685739512
930.0	30.0	10.5626124568	5.92067231129
940.0	27.0	3.68187662779	8.01061617738
940.0	28.0	3.58485221225	7.25525791129
940.0	30.0	11.0443670927	5.92687746608
950.0	27.0	3.1115161807	8.03352751815
950.0	28.0	3.00039060282	7.21540172474
950.0	30.0	11.5263321938	5.93332128068
960.0	27.0	2.54157666384	8.00083112559
960.0	28.0	2.41571852828	7.17578419798
960.0	30.0	12.0080868297	5.93952643547
970.0	27.0	1.9722685423	7.93042648468
970.0	28.0	1.83104645374	7.13592801143
970.0	30.0	12.3675612369	5.95265272445
980.0	27.0	1.40274995565	7.86026050356
980.0	28.0	1.28004879674	7.01659811158
980.0	30.0	12.6043344853	5.97246148783
990.0	27.0	0.830705787692	7.77887751186
990.0	28.0	0.729261604852	6.89726821172
990.0	30.0	12.8175356413	5.99036097281
1000.0	27.0	0.248769759577	7.65262647781
1000.0	28.0	0.178263947853	6.77793831186
1000.0	30.0	12.818798432	5.99059963261
1010.0	27.0	-0.332955803428	7.52613678396
1010.0	30.0	12.8202716877	5.99083829241
1020.0	30.0	12.8215344784	5.99107695221
1030.0	30.0	12.8230077342	5.99131561201
1040.0	30.0	12.8244809899	5.99179293161
1050.0	30.0	12.8257437806	5.99203159141
1060.0	30.0	12.8272170363	5.99227025121
1070.0	30.0	12.828479827	5.99250891101
1080.0	30.0	12.8299530828	5.9927475708
1090.0	30.0	12.8312158734	5.9929862306
1100.0	30.0	12.8326891292	5.9932248904
1110.0	30.0	12.834162385	5.9934635502
1120.0	30.0	12.8354251756	5.99370221
1130.0	30.0	12.8368984314	5.9939408698
1140.0	30.0	12.838161222	5.9944181894
1150.0	30.0	12.8396344778	5.9946568492
1160.0	30.0	12.8408972685	5.994895509
1170.0	30.0	12.8423705242	5.9951341688
1180.0	30.0	12.84384378	5.9953728286
1190.0	30.0	12.8451065707	5.9956114884
1190.0	31.0	-0.0858697647272	9.72944405492
1200.0	30.0	12.8465798264	5.9958501482
1200.0	31.0	0.343689524018	9.29174198224
1210.0	30.0	12.8478426171	5.996088808
1210.0	31.0	0.773459277874	8.85427856937
1220.0	30.0	12.8493158729	5.9963274678
1220.0	31.0	1.23269414708	8.50321000399
1230.0	30.0	12.8505786635	5.9965661276
1230.0	31.0	1.73633715441	8.28149505006
1240.0	30.0	12.8520519193	5.9968047874
1240.0	31.0	2.23998016174	8.05978009612
1250.0	30.0	12.8535251751	5.997282107
1250.0	31.0	2.81581270168	7.85763524577
1260.0	30.0	12.8547879657	5.9975207668
1260.0	31.0	3.44005221683	7.66837802459
1270.0	30.0	12.8562612215	5.9977594266
1270.0	31.0	4.06408126687	7.47912080342
1280.0	30.0	12.8575240121	5.9979980864
1280.0	31.0	4.66117078288	7.27100945807
1290.0	30.0	12.8589972679	5.9982367462
1290.0	31.0	5.24647425275	7.05454501973
1300.0	30.0	12.8602600586	5.998475406
1300.0	31.0	5.83177772261	6.83831924119
1310.0	30.0	12.8617333143	5.9987140658
1310.0	31.0	6.43118235483	6.63474243203
1320.0	30.0	12.8632065701	5.9989527256
1320.0	31.0	7.04447768428	6.44381459226
1330.0	30.0	12.8644693608	5.9991913854
1330.0	31.0	7.65798347883	6.25288675249
1340.0	30.0	12.8659426165	5.9994300452
1340.0	31.0	8.27127880828	6.06195891272
1350.0	30.0	12.8672054072	5.9999073648
1350.0	31.0	8.92477297367	5.88606664033
1360.0	30.0	12.8686786629	6.0001460246
1360.0	31.0	9.57847760417	5.71017436794
1370.0	30.0	12.8699414536	6.0003846844
1370.0	31.0	10.2319717696	5.53428209556
1380.0	30.0	12.8714147094	6.0006233442
1380.0	31.0	10.8871496558	5.38177848354
1390.0	30.0	12.8728879651	6.00086200399
1390.0	31.0	11.5484310303	5.32211353361
1400.0	30.0	12.8741507558	6.00110066379
1400.0	31.0	12.2099228698	5.26244858368
1410.0	30.0	12.8756240116	6.00133932359
1410.0	31.0	12.8659426165	5.27796147066
1420.0	30.0	12.8768868022	6.00157798339
1420.0	31.0	13.5135437588	5.40659910271
1430.0	30.0	12.878360058	6.00181664319
1430.0	31.0	14.1611449012	5.53499807495
1440.0	30.0	12.8796228486	6.00205530299
1440.0	31.0	14.8087460435	5.663635707
1450.0	30.0	12.8810961044	6.00229396279
1450.0	31.0	15.4561367207	5.79203467925
1460.0	30.0	12.8825693602	6.00277128239
1470.0	30.0	12.8838321508	6.00300994219
1480.0	30.0	12.8853054066	6.00324860199
1490.0	30.0	12.8865681973	6.00348726179
1500.0	30.0	12.888041453	6.00372592159
1510.0	30.0	12.8893042437	6.00396458139
1520.0	30.0	12.8907774995	6.00420324119
1530.0	30.0	12.8922507552	6.00444190099
1530.0	33.0	0.0833441834117	8.76143990728
1540.0	30.0	12.8935135459	6.00468056079
1540.0	33.0	0.496487193607	8.54927134534
1550.0	30.0	12.8949868016	6.00491922059
1550.0	33.0	0.909630203802	8.33710278339
1560.0	30.0	12.8962495923	6.00539654019
1560.0	33.0	1.33119181838	8.18006463518
1570.0	30.0	12.8977228481	6.00563519999
1570.0	33.0	1.76517087443	8.10560277767
1580.0	30.0	12.8989856387	6.00587385979
1580.0	33.0	2.19936039559	8.03090226036
1580.0	35.0	15.0042681303	4.15697639141
1590.0	30.0	12.9004588945	6.00611251959
1590.0	33.0	2.62660456813	7.96813473303
1590.0	35.0	14.4684239612	4.17869443318
1590.0	34.0	14.7887518581	4.80111919084
1600.0	30.0	12.9019321503	6.00635117939
1600.0	33.0	3.02648827642	7.95214452645
1600.0	35.0	13.9327902572	4.20041247496
1600.0	34.0	14.2274414107	4.80899496423
1610.0	30.0	12.9031949409	6.00658983919
1610.0	33.0	3.4263719847	7.93615431987
1610.0	35.0	13.3971565532	4.22213051673
1610.0	34.0	13.6661309633	4.81687073762
1620.0	30.0	12.9046681967	6.00682849899
1620.0	33.0	3.82899173942	7.90703782431
1620.0	35.0	12.8613123841	4.19182072217
1620.0	34.0	13.1142914459	4.82092795421
1630.0	30.0	12.9059309873	6.00706715879
1630.0	33.0	4.24276614494	7.82470019341
1630.0	35.0	12.3256786801	4.15554443261
1630.0	34.0	12.5715019282	4.82092795421
1640.0	30.0	12.9074042431	6.00730581859
1640.0	33.0	4.65633008536	7.7423625625
1640.0	35.0	11.789834511	4.11950680285
1640.0	34.0	12.0287124104	4.82092795421
1650.0	30.0	12.9086670338	6.00754447839
1650.0	33.0	5.09704402491	7.67171926179
1650.0	35.0	11.2449403422	4.10065267868
1650.0	34.0	11.4859228927	4.82092795421
1650.0	36.0	0.190681389321	6.60037542088
1660.0	30.0	12.9101402895	6.00778313819
1660.0	33.0	5.60089749735	7.62852183804
1660.0	35.0	10.6941531503	4.09373154448
1660.0	34.0	10.9685996532	4.79992589184
1660.0	36.0	0.487858124112	6.81803315821
1670.0	30.0	12.9116135453	6.00826045779
1670.0	33.0	6.1047509698	7.58508575449
1670.0	35.0	10.1431554933	4.08681041029
1670.0	34.0	10.4620101344	4.77009341687
1670.0	36.0	0.784824393794	7.03545223575
1680.0	30.0	12.912876336	6.00849911759
1680.0	33.0	6.60860444224	7.54164967095
1680.0	35.0	9.6098369055	4.0834691731
1680.0	34.0	9.95563108062	4.74026094191
1680.0	36.0	1.08389531457	7.25048471529
1680.0	38.0	0.158269762438	5.75623570929
1690.0	30.0	12.9143495917	6.00873777739
1690.0	33.0	7.11372070534	7.39845379112
1690.0	35.0	9.14681366433	4.09540216308
1690.0	34.0	9.45914388701	4.73548774591
1690.0	36.0	1.39959297901	7.44141255507
1690.0	38.0	0.634341840411	5.77890839026
1700.0	30.0	12.9156123824	6.00897643719
1700.0	33.0	7.61883696844	7.25525791129
1700.0	35.0	8.68379042315	4.10733515307
1700.0	34.0	8.97233808845	4.75529650929
1700.0	36.0	1.71529064345	7.63234039484
1700.0	38.0	1.11041391838	5.80181973103
1710.0	30.0	12.9170856382	6.00921509698
1710.0	33.0	8.12395323155	7.11206203146
1710.0	35.0	8.22076718197	4.11926814305
1710.0	34.0	8.48574275499	4.77510527267
1710.0	36.0	2.03098830789	7.82326823461
1710.0	38.0	1.58648599636	5.82449241201
1720.0	30.0	12.9183484288	6.00945375678
1720.0	33.0	8.59560554222	6.94738676966
1720.0	35.0	7.76700440562	4.13287175164
1720.0	34.0	7.99893695643	4.79515269584
1720.0	36.0	2.33553132151	8.01109349698
1720.0	38.0	2.06255807433	5.84716509298
1730.0	30.0	12.9198216846	6.00969241658
1730.0	33.0	9.067468318	6.78295016766
1730.0	35.0	7.35070441878	4.15315783461
1730.0	34.0	7.51234162297	4.81496145922
1730.0	36.0	2.5407348034	8.17004092359
1730.0	38.0	2.52663364105	5.90229550671
1740.0	30.0	12.9212949403	6.00993107638
1740.0	33.0	9.53575318691	6.60634191587
1740.0	35.0	6.93419396683	4.17344391759
1740.0	34.0	7.06341954414	4.82092795421
1740.0	36.0	2.74572782017	8.32922701
1740.0	38.0	2.99070920778	5.95742592045
1750.0	30.0	12.922557731	6.01016973618
1750.0	33.0	9.97373108004	6.32257541401
1750.0	35.0	6.51768351488	4.19373000056
1750.0	34.0	6.63091374386	4.82092795421
1750.0	36.0	2.95093130206	8.48841309641
1750.0	38.0	3.4547847745	6.01231767438
1760.0	30.0	12.9240309868	6.01040839598
1760.0	33.0	10.4117089732	6.03880891215
1760.0	35.0	6.10117306293	4.21401608354
1760.0	34.0	6.19819747847	4.82092795421
1760.0	36.0	3.13782431941	8.62373320285
1760.0	38.0	3.91759755057	6.06458417052
1770.0	30.0	12.9252937774	6.01088571558
1770.0	33.0	10.8496868663	5.75504241029
1770.0	35.0	5.64972540279	4.21926659913
1770.0	34.0	5.76548121308	4.82092795421
1770.0	36.0	3.25189640882	8.6647826884
1770.0	38.0	4.36715102473	6.09179138769
1780.0	30.0	12.9267670332	6.01112437538
1780.0	33.0	11.2950310383	5.47962900142
1780.0	35.0	5.16291960422	4.20924288755
1780.0	34.0	5.3329754128	4.82092795421
1780.0	36.0	3.36617896335	8.70559351415
1780.0	38.0	4.81670449889	6.11899860485
1790.0	30.0	12.9280298239	6.01136303518
1790.0	33.0	11.7508984657	5.21710322174
1790.0	35.0	4.67632427077	4.19945783576
1790.0	34.0	4.89457658945	4.81782537682
1790.0	36.0	3.48046151788	8.7466429997
1790.0	38.0	5.26646843816	6.14596716222
1800.0	30.0	12.9295030796	6.01160169498
1800.0	33.0	12.2069763583	4.95457744205
1800.0	35.0	4.18951847221	4.18943412417
1800.0	34.0	4.44291846419	4.80804032503
1800.0	36.0	3.51981849338	8.7416311439
1800.0	38.0	5.71602191232	6.17317437939
1810.0	30.0	12.9309763354	6.01184035478
1810.0	33.0	12.6272751822	4.661503208
1810.0	35.0	3.70292313875	4.17941041258
1810.0	34.0	3.99147080405	4.79801661344
1810.0	36.0	3.52718477221	8.71681052473
1810.0	38.0	6.15989282852	6.17723159598
1820.0	30.0	12.9322391261	6.01207901458
1820.0	33.0	12.9939054032	4.32284495221
1820.0	35.0	3.20959292179	4.1605562884
1820.0	34.0	3.53981267879	4.78799290185
1820.0	36.0	3.53434058594	8.69222856536
1820.0	38.0	6.60144862851	6.17150376079
1830.0	30.0	12.9337123818	6.01231767438
1830.0	33.0	13.3605356241	3.98418669642
1830.0	35.0	2.7135266584	4.13788360743
1830.0	34.0	3.08815455354	4.77820785006
1830.0	36.0	3.54170686478	8.66740794619
1830.0	38.0	7.0427939634	6.1655372658
1840.0	30.0	12.9349751725	6.01255633418
1840.0	33.0	13.694333288	3.69516967896
1840.0	35.0	2.21746039501	4.11521092646
1840.0	34.0	2.63523363762	4.76364960228
1840.0	36.0	3.54886267851	8.64282598682
1840.0	38.0	7.48434976339	6.1598094306
1850.0	30.0	12.9364484282	6.01279499398
1850.0	33.0	13.951521652	3.52285730357
1850.0	35.0	1.72139413163	4.09253824549
1850.0	34.0	2.18083946594	4.7447954781
1850.0	36.0	3.55622895734	8.61800536765
1850.0	38.0	7.92548463317	6.11995324405
1860.0	30.0	12.9377112189	6.01303365378
1860.0	33.0	14.172299552	3.28753874105
1860.0	35.0	1.23732437949	4.0775026781
1860.0	34.0	1.72644529426	4.72594135393
1860.0	36.0	3.56338477107	8.59342340828
1860.0	38.0	8.36640903783	6.05742437653
1870.0	30.0	12.9391844747	6.01327231358
1870.0	33.0	14.3564565229	2.98921399141
1870.0	35.0	0.765251138598	4.07034288411
1870.0	34.0	1.27205112258	4.70684856995
1870.0	36.0	3.57075104991	8.56860278911
1870.0	38.0	8.80754390761	5.994895509
1880.0	30.0	12.9406577304	6.01374963318
1880.0	33.0	14.6008065152	2.59900521888
1880.0	35.0	0.293388362818	4.06294443032
1880.0	34.0	0.817867416005	4.68799444577
1880.0	36.0	3.57790686363	8.54402082974
1880.0	38.0	9.24846831227	5.93236664148
1890.0	30.0	12.9419205211	6.01398829298
1890.0	33.0	14.8521018561	2.19877273476
1890.0	35.0	-0.178474412962	4.05578463633
1890.0	34.0	0.363473244323	4.66890166179
1890.0	36.0	3.69703011568	8.53041722116
1890.0	38.0	9.70412527461	5.88463468153
1890.0	41.0	0.0170476738797	7.6597862718
1900.0	30.0	12.9433937769	6.01422695278
1900.0	33.0	15.1031867318	1.79830159084
1900.0	34.0	-0.0909209273582	4.65004753762
1900.0	36.0	3.81615336773	8.51705227237
1900.0	38.0	10.1818810735	5.85885942317
1900.0	41.0	0.352739523732	7.6662300864
1910.0	30.0	12.8326891292	6.10730427467
1910.0	36.0	3.93527661978	8.50344866379
1910.0	38.0	10.6598473374	5.8330841648
1910.0	41.0	0.688220908475	7.67267390099
1910.0	46.0	0.757674394652	0.119329899857
1920.0	30.0	12.6942030871	6.22377025693
1920.0	36.0	4.05439987183	8.49008371501
1920.0	38.0	11.1376031363	5.80707024663
1920.0	41.0	1.02391275833	7.67911771558
1920.0	46.0	0.734312767483	0.640801562231
1920.0	49.0	2.29091271827	0.123864436051
1930.0	30.0	12.5555065798	6.34023623919
1930.0	36.0	4.17352312387	8.47648010642
1930.0	38.0	11.5717926574	5.81232076222
1930.0	41.0	1.35960460818	7.68269761258
1930.0	46.0	0.710951140315	1.1622732246
1930.0	49.0	2.25850109139	0.647245376823
1930.0	48.0	1.55407436947	0.273981450071
1940.0	30.0	12.4170205377	6.45670222145
1940.0	36.0	4.36925567583	8.40559814591
1940.0	38.0	11.9872507838	5.8306975668
1940.0	41.0	1.69634878358	7.6624115296
1940.0	46.0	0.656651142032	1.65391241201
1940.0	49.0	2.22608946451	1.17038765779
1940.0	48.0	1.5372371607	0.808579401429
1950.0	30.0	12.1996100794	6.53020943976
1950.0	36.0	4.59782078488	8.31013422602
1950.0	38.0	12.4029193753	5.84907437138
1950.0	41.0	2.03309295898	7.64188678682
1950.0	46.0	0.530372076256	2.07562427811
1950.0	49.0	2.16084528053	1.69042736137
1950.0	48.0	1.52039995193	1.34317735279
1960.0	30.0	11.9487356688	6.58510119369
1960.0	36.0	4.82617542882	8.21467030614
1960.0	38.0	12.8183775017	5.86745117596
1960.0	41.0	2.36983713438	7.62136204405
1960.0	46.0	0.404093010481	2.4970974844
1960.0	49.0	2.06255807433	2.20760314735
1960.0	48.0	1.44884181466	1.76226396108
1970.0	30.0	11.6989135836	6.63999294763
1970.0	36.0	5.06652658402	8.11443319026
1970.0	38.0	13.1972146991	5.96386973504
1970.0	41.0	2.69900456584	7.61324761086
1970.0	46.0	0.270658130978	2.90472842231
1970.0	49.0	1.96427086814	2.72477893333
1970.0	48.0	1.35371158511	2.13170933104
1980.0	30.0	11.4600356842	6.69154346437
1980.0	36.0	5.35339052843	7.9951032904
1980.0	38.0	13.5670018967	6.0800970575
1980.0	41.0	3.02333129977	7.61324761086
1980.0	46.0	0.120175577596	3.27990162746
1980.0	49.0	1.79042668758	3.18205110958
1980.0	48.0	1.25879182067	2.5013933608
1990.0	30.0	11.2211577848	6.7430939811
1990.0	36.0	5.64046493796	7.87577339054
1990.0	38.0	13.9367890943	6.19608572016
1990.0	41.0	3.34744756859	7.61324761086
1990.0	46.0	-0.0300965106765	3.65483617281
1990.0	49.0	1.54102553268	3.5798969957
1990.0	48.0	1.10957205795	2.9183320309
2000.0	30.0	10.9822798854	6.79464449784
2000.0	36.0	5.92753934749	7.75644349069
2000.0	38.0	14.3097332685	6.29083366065
2000.0	41.0	3.67177430253	7.61324761086
2000.0	46.0	-0.180368598949	4.03000937796
2000.0	49.0	1.29162437777	3.97774288182
2000.0	48.0	0.924362761475	3.36701245436
2010.0	30.0	10.7486636137	6.87220893275
2010.0	36.0	6.21440329191	7.63711359083
2010.0	38.0	14.7115111628	6.19322180256
2010.0	41.0	4.00409871063	7.50585070099
2010.0	49.0	1.11925345299	4.34647227238
2010.0	48.0	0.738942999895	3.80352122803
2020.0	30.0	10.5228345511	6.98867491501
2020.0	36.0	6.52799630526	7.57339142431
2020.0	38.0	15.1132890571	6.09560994448
2020.0	41.0	4.33726497916	7.38652080113
2020.0	49.0	0.966245318291	4.70804186895
2020.0	48.0	0.552681377877	4.13096247324
2030.0	30.0	10.2967950233	7.10514089727
2030.0	36.0	6.84790327189	7.52375018597
2030.0	41.0	4.67064171281	7.26719090127
2030.0	49.0	0.813237183593	5.06961146551
2030.0	48.0	0.366209290748	4.45816505865
2040.0	30.0	10.0709659607	7.22160687953
2040.0	36.0	7.16802070363	7.47410894763
2040.0	41.0	5.02127658545	7.14189450642
2040.0	49.0	0.671594164815	5.4154295153
2040.0	48.0	0.17973720362	4.78536764405
2050.0	30.0	9.8306148055	7.36599605836
2050.0	36.0	7.48813813537	7.42422904949
2050.0	41.0	5.41295215446	7.00275584319
2050.0	49.0	0.541737192176	5.7454960183
2050.0	48.0	0.0387255801711	5.13500425063
2060.0	30.0	9.55637876766	7.5755393625
2060.0	36.0	7.80825556711	7.37458781115
2060.0	41.0	5.80483818858	6.86337852016
2060.0	49.0	0.411669754428	6.07532386151
2060.0	48.0	-0.0719790674919	5.499199105
2070.0	30.0	9.28214272981	7.78532132645
2070.0	36.0	8.16604625347	7.26313368468
2070.0	41.0	6.19651375759	6.72423985693
2070.0	49.0	0.282654642227	6.39870789012
2080.0	30.0	9.00790669197	7.9951032904
2080.0	36.0	8.52383693983	7.15191821801
2080.0	41.0	6.56714281565	6.60944449326
2080.0	49.0	0.162268599521	6.6648135668
2090.0	30.0	8.71072995718	8.10751205607
2090.0	36.0	8.8816276262	7.04046409155
2090.0	41.0	6.92893233909	6.50491150099
2090.0	49.0	0.0420930219251	6.93068058368
2100.0	30.0	8.41355322239	8.21968216193
2100.0	36.0	9.2775124974	6.97220738883
2100.0	41.0	7.29072186254	6.40061716852
2100.0	49.0	-0.0780825556711	7.19654760056
2110.0	30.0	8.11658695271	8.3320909276
2110.0	36.0	9.67339736861	6.90418934591
2110.0	41.0	7.56622069104	6.20515479255
2120.0	30.0	7.82677649675	8.35595690757
2120.0	36.0	10.0692822398	6.83593264319
2120.0	41.0	7.7556392897	5.91876303289
2130.0	30.0	7.54201720343	8.32087391701
2130.0	36.0	10.465167111	6.76767594047
2130.0	41.0	7.96147416691	5.70921972875
2140.0	30.0	7.25725791011	8.28579092645
2140.0	36.0	10.8764159352	6.65598315421
2140.0	41.0	8.18351485757	5.5767635399
2150.0	30.0	6.96471140773	8.26311824548
2150.0	36.0	11.2916635965	6.53355067696
2150.0	41.0	8.46764275556	5.60850529327
2160.0	30.0	6.64101606912	8.29056412245
2160.0	36.0	11.7069112578	6.4108795399
2160.0	41.0	8.77849972248	5.71089034734
2170.0	30.0	6.31711026541	8.31824865921
2170.0	36.0	12.1227903144	6.29107232045
2170.0	41.0	9.19016947691	5.79609189584
2180.0	30.0	5.99825562433	8.34712649498
2180.0	36.0	12.5437205337	6.19560840056
2180.0	41.0	9.66897760131	5.87031509355
2190.0	30.0	5.68255795989	8.37695896994
2190.0	36.0	12.9646507529	6.10014448068
2190.0	41.0	10.1479961908	5.94429963146
2200.0	30.0	5.36686029545	8.40679144491
2200.0	36.0	13.3855809722	6.00468056079
2200.0	41.0	10.611019432	5.93857179627
2210.0	30.0	5.11493355923	8.46168319884
2210.0	36.0	13.8065111914	5.90921664091
2210.0	41.0	11.0668868594	5.89895426952
2220.0	30.0	4.95876844789	8.55404454133
2220.0	36.0	14.2230216434	5.87103107295
2220.0	41.0	11.522964752	5.85909808297
2230.0	30.0	4.80260333654	8.64640588382
2230.0	36.0	14.6363751187	5.87103107295
2230.0	41.0	11.9409484597	5.86243932016
2240.0	30.0	4.69779171195	8.71418526694
2240.0	36.0	15.049728594	5.87103107295
2240.0	41.0	12.342726354	5.88415736194
2250.0	30.0	4.71231380452	8.72468629812
2250.0	41.0	12.7447147134	5.90563674391
2260.0	30.0	4.72704636219	8.73494866951
2260.0	41.0	13.1563844678	5.90826200171
2270.0	30.0	4.74177891986	8.7452110409
2270.0	41.0	13.5832077101	5.88153210414
2280.0	30.0	4.75630101243	8.75571207209
2280.0	41.0	14.0100309524	5.85504086637
2290.0	30.0	4.7710335701	8.76597444348
2290.0	41.0	14.4366437297	5.8285496286
2300.0	30.0	4.78555566267	8.77647547466
2300.0	41.0	14.8948262733	5.80969550442
2310.0	30.0	4.80028822034	8.78673784605
2310.0	41.0	15.3610064911	5.79251199885
2320.0	30.0	4.8148103129	8.79723887724
2330.0	30.0	4.82954287058	8.80750124863
2340.0	30.0	4.84427542825	8.81800227981
2350.0	30.0	4.85879752081	8.8282646512
2360.0	30.0	4.84680100957	8.828503311
2370.0	30.0	4.82828007992	8.826116713
2380.0	30.0	4.80975915027	8.82396877481
2390.0	30.0	4.79123822063	8.82158217681
2400.0	30.0	4.77250682587	8.81919557881
2410.0	30.0	4.75398589622	8.81680898081
2420.0	30.0	4.73546496657	8.81442238282
2430.0	30.0	4.71694403693	8.81227444462
2440.0	30.0	4.69842310728	8.80988784662
2450.0	30.0	4.67969171252	8.80750124863
2460.0	30.0	4.58350915742	8.77933939226
2470.0	30.0	4.43576265047	8.73423269011
2480.0	30.0	4.2878056784	8.68912598797
2490.0	30.0	4.13984870633	8.64401928582
2490.0	54.0	0.347267430882	4.51854598797
2500.0	30.0	4.03566847707	8.5798197997
2500.0	54.0	1.05758717587	4.53859341115
2510.0	30.0	3.93632894533	8.51347237538
2510.0	54.0	1.76790692085	4.55840217453
2520.0	30.0	3.83698941358	8.44712495106
2520.0	54.0	2.43865922523	4.59324650529
2530.0	30.0	3.76753592741	8.40273422831
2530.0	54.0	3.10962199472	4.62809083604
2540.0	30.0	3.76837778785	8.4094167027
2540.0	54.0	3.78037429909	4.662696507
2550.0	30.0	3.76900918317	8.4160991771
2550.0	54.0	4.45133706858	4.69754083776
2560.0	30.0	3.7696405785	8.42278165149
2560.0	54.0	5.12608821004	4.73023723032
2570.0	30.0	3.77048243894	8.42922546608
2570.0	54.0	5.81641376961	4.75410321029
2580.0	30.0	3.77111383427	8.43590794047
2580.0	54.0	6.50673932918	4.77796919026
2590.0	30.0	3.77195569471	8.44259041486
2590.0	54.0	7.19706488875	4.80183517023
2600.0	30.0	3.77258709004	8.44927288926
2600.0	54.0	7.88739044833	4.82570115021
2610.0	30.0	3.77342895048	8.45595536365
2610.0	54.0	8.57582182191	4.83763414019
2620.0	30.0	3.7740603458	8.46239917824
2620.0	54.0	9.25646598644	4.80207383003
2630.0	30.0	3.77490220624	8.46908165263
2630.0	54.0	9.93711015097	4.76651351988
2640.0	30.0	3.77553360157	8.47576412702
2640.0	54.0	10.6177543155	4.73095320972
2650.0	30.0	3.77637546201	8.48244660142
2650.0	54.0	11.29839848	4.69539289956
2660.0	30.0	3.77700685734	8.48889041601
2660.0	54.0	11.9727286913	4.663889806
2670.0	30.0	3.77784871778	8.4955728904
2670.0	54.0	12.6405344841	4.63644392903
2680.0	30.0	3.77848011311	8.50225536479
2680.0	54.0	13.308340277	4.60899805207
2680.0	55.0	14.9916402237	5.75719034849
2690.0	30.0	3.77932197355	8.50893783918
2690.0	54.0	13.9761460698	4.5813135153
2690.0	55.0	14.4265414044	5.81160478282
2700.0	30.0	3.77995336887	8.51562031358
2700.0	54.0	14.6439518626	4.55386763833
2700.0	55.0	13.8612321199	5.86625787696
2710.0	30.0	3.78079522931	8.52206412817
2710.0	54.0	15.3117576555	4.52618310157
2710.0	55.0	13.2959228355	5.92091097109
2720.0	30.0	3.78142662464	8.52874660256
2720.0	55.0	12.6946240173	5.95909653905
2730.0	30.0	3.78205801997	8.53542907695
2730.0	55.0	12.0693321766	5.98630375621
2740.0	30.0	3.78289988041	8.54211155134
2740.0	55.0	11.4438298708	6.01351097338
2750.0	30.0	3.78353127574	8.54855536594
2750.0	55.0	10.8244310532	6.03546767495
2760.0	30.0	3.78437313618	8.55523784033
2760.0	55.0	10.2593322338	6.00802179799
2770.0	30.0	3.78500453151	8.56192031472
2770.0	55.0	9.69402294935	5.98081458082
2780.0	30.0	3.78584639194	8.56860278911
2780.0	55.0	9.1287136649	5.95360736365
2790.0	30.0	3.78647778727	8.5752852635
2790.0	55.0	8.56487763621	5.91924035249
2800.0	30.0	3.78731964771	8.5817290781
2800.0	55.0	8.00209393307	5.88057746494
2810.0	30.0	3.78795104304	8.58841155249
2810.0	55.0	7.43931022993	5.84167591759
2820.0	30.0	3.80857662378	8.59175278968
2820.0	55.0	6.87631606169	5.80277437023
2830.0	30.0	3.84898592483	8.59175278968
2830.0	55.0	6.33100096265	5.72902849212
2840.0	30.0	3.88918476077	8.59175278968
2840.0	55.0	5.82693702509	5.57342230271
2850.0	30.0	3.92959406182	8.59175278968
2850.0	55.0	5.32287308754	5.41805477309
2860.0	30.0	3.97000336287	8.59175278968
2860.0	55.0	4.81859868488	5.26268724348
2870.0	30.0	4.01041266391	8.59175278968
2870.0	55.0	4.31453474732	5.10731971387
2880.0	30.0	4.05082196496	8.59175278968
2880.0	55.0	3.75974871835	4.98798981401
2890.0	30.0	4.09207312645	8.58674093389
2890.0	55.0	3.20475222427	4.86865991415
2900.0	30.0	4.13711265991	8.56096567552
2900.0	55.0	2.63228712609	4.80947228383
2910.0	30.0	4.18215219337	8.53542907695
2910.0	55.0	2.05561272571	4.76532022088
2920.0	30.0	4.22740219194	8.50989247838
2920.0	55.0	1.47872786023	4.72379341573
2930.0	30.0	4.2724417254	8.48435587981
2930.0	55.0	0.901842994745	4.70613259055
2940.0	30.0	4.31748125886	8.45881928124
2940.0	55.0	0.324958129262	4.68823310557
2950.0	30.0	4.36273125743	8.43328268267
2950.0	55.0	-0.251716271112	4.67057228039
2960.0	30.0	4.40777079089	8.40774608411
2970.0	30.0	4.45281032435	8.38197082574
2980.0	30.0	4.76387775637	8.2478440183
2980.0	62.0	14.7565506963	4.51067021458
2990.0	30.0	5.14145216304	8.08627133389
2990.0	62.0	14.1312588556	4.51067021458
3000.0	30.0	5.51923703482	7.92493730928
3000.0	62.0	13.5057565498	4.51067021458
3010.0	30.0	5.92017306866	7.70871153074
3010.0	62.0	12.8804647091	4.51067021458
3020.0	30.0	6.35604631069	7.4103867811
3020.0	62.0	12.3256786801	4.50518103919
3020.0	63.0	-0.138906972353	7.32446925321
3030.0	30.0	6.79191955273	7.11206203146
3030.0	62.0	11.770682186	4.4999305236
3030.0	63.0	0.324116268823	7.3323450266
3040.0	30.0	7.10719628694	6.7450032595
3040.0	62.0	11.2158961571	4.4944413482
3040.0	63.0	0.787139509999	7.34045945979
3050.0	30.0	7.34207534929	6.3318831462
3050.0	62.0	10.6611101281	4.48895217281
3050.0	63.0	1.25016275118	7.34833523318
3050.0	65.0	-0.130488367968	4.62045372245
3060.0	30.0	7.57674394652	5.91876303289
3060.0	62.0	10.134947354	4.47367794563
3060.0	63.0	1.44168600093	7.43425276107
3060.0	65.0	0.374627895133	4.65219547581
3070.0	30.0	7.54012301744	5.38965425693
3070.0	62.0	9.62772643982	4.45219856365
3070.0	63.0	1.41853483888	7.63234039484
3070.0	65.0	0.873009274727	4.65505939341
3080.0	30.0	7.50350208837	4.86030682116
3080.0	62.0	9.08598924764	4.43907227467
3080.0	63.0	1.20617554326	7.96527081544
3080.0	65.0	1.34403019007	4.54145732875
3090.0	30.0	7.39427069647	4.42308206809
3090.0	62.0	8.49163577806	4.43907227467
3090.0	63.0	1.08789415165	8.18412185177
3090.0	65.0	1.81673482629	4.43525371787
3100.0	30.0	7.25410093346	4.02547484177
3100.0	62.0	7.91559277302	4.44456145006
3100.0	63.0	0.969402294935	8.40273422831
3100.0	65.0	2.30564527595	4.39682949012
3110.0	30.0	7.11372070534	3.62762895564
3110.0	62.0	7.34733697703	4.45267588325
3110.0	63.0	0.851120903326	8.62158526465
3110.0	65.0	2.7943452605	4.35816660257
3120.0	30.0	7.12571721659	3.57297586151
3120.0	62.0	6.77908118104	4.46055165664
3120.0	63.0	0.732629046606	8.84043630099
3120.0	65.0	3.28325571016	4.31974237481
3130.0	30.0	7.13771372784	3.51856142718
3130.0	62.0	6.23145096579	4.56317537052
3130.0	63.0	0.650758118962	9.05523012073
3130.0	65.0	3.76227429967	4.27869288926
3140.0	30.0	7.14971023909	3.46390833304
3140.0	62.0	5.69266028515	4.70637125035
3140.0	63.0	0.605087190173	9.26596672387
3140.0	65.0	4.24129288917	4.23740474391
3140.0	66.0	-0.122490693802	7.32399193361
3150.0	30.0	7.15960209924	3.44839544606
3150.0	62.0	5.15218588363	4.84002073819
3150.0	63.0	0.559416261385	9.47670332702
3150.0	65.0	4.71378706028	4.20184443375
3150.0	66.0	0.384940685505	7.5767326615
3160.0	30.0	7.1673893083	3.47154544663
3160.0	62.0	4.60497659861	4.93548465807
3160.0	63.0	0.513955797706	9.68767858997
3160.0	65.0	5.12882425646	4.21497072274
3160.0	66.0	0.879112762906	7.81157390442
3170.0	30.0	7.17496605224	3.494934107
3170.0	62.0	4.04492894189	4.9982521854
3170.0	63.0	0.468284868917	9.89841519312
3170.0	65.0	5.54407191776	4.22833567152
3170.0	66.0	1.25142554183	7.88484246293
3180.0	30.0	7.1827532613	3.51808410758
3180.0	62.0	3.43352779843	4.92999548268
3180.0	63.0	0.422613940128	10.1091517963
3180.0	65.0	5.95910911394	4.24146196051
3180.0	66.0	1.62373832076	7.95834968124
3190.0	30.0	7.19054047036	3.54147276795
3190.0	62.0	2.82444177117	4.86293207896
3190.0	63.0	0.377153476449	10.3201270592
3190.0	65.0	6.42465793643	4.26747587868
3190.0	66.0	1.98784296041	8.00751359999
3190.0	67.0	1.20870112458	0.514789187982
3200.0	30.0	7.1981172143	3.56486142832
3200.0	62.0	2.23513946422	4.80565372703
3200.0	65.0	6.94050792012	4.30590010643
3200.0	66.0	2.34331853057	8.03209555936
3200.0	67.0	1.09841740714	1.27635260887
3210.0	30.0	7.20590442336	3.58801142889
3210.0	62.0	1.64583715727	4.7483753751
3210.0	65.0	7.45656836892	4.34432433418
3210.0	66.0	2.69900456584	8.05691617853
3210.0	67.0	1.03401508359	2.02646035937
3220.0	30.0	7.21348116731	3.61140008926
3220.0	62.0	1.07989647749	4.74193156051
3220.0	65.0	7.98778230562	4.37391814935
3220.0	66.0	3.10457083209	8.04211927094
3220.0	67.0	1.15292787053	2.73217738712
3230.0	30.0	7.19264512145	3.65555215221
3230.0	62.0	0.529319750708	4.76961609727
3230.0	65.0	8.54214740437	4.38966969613
3230.0	66.0	3.54360105077	8.00130844519
3230.0	67.0	1.27184065747	3.43765575507
3240.0	30.0	7.10488117074	3.7483908143
3240.0	62.0	-0.0210465109626	4.79706197424
3240.0	65.0	9.09630203802	4.40565990271
3240.0	66.0	3.98263126944	7.96025895964
3240.0	67.0	1.52902902143	3.78633772245
3250.0	30.0	7.01732768513	3.84099081659
3250.0	65.0	9.65971713648	4.40900113991
3250.0	66.0	4.42439753455	7.91825483489
3250.0	67.0	1.84409529054	4.06270577052
3260.0	30.0	6.92956373442	3.93382947868
3260.0	65.0	10.2368124671	4.39372691272
3260.0	66.0	4.89141961281	7.86598833876
3260.0	67.0	2.32963829844	4.20948154735
3260.0	69.0	0.0	4.22427845493
3270.0	30.0	6.92219745558	3.97511762403
3270.0	65.0	10.8139077977	4.37821402574
3270.0	66.0	5.35823122596	7.81396050242
3270.0	67.0	2.92651734934	4.26938515707
3270.0	69.0	0.508694169965	4.28394340486
3280.0	30.0	6.94934745473	3.9944490678
3280.0	65.0	11.3872147563	4.35816660257
3280.0	66.0	5.82525330422	7.76169400628
3280.0	67.0	3.53581384171	4.31974237481
3280.0	69.0	1.01717787482	4.34360835478
3290.0	30.0	6.97649745387	4.01378051158
3290.0	65.0	11.9521031105	4.32666350901
3290.0	66.0	6.34257654367	7.73042957252
3290.0	67.0	4.09712428908	4.29706969384
3290.0	69.0	1.5153487893	4.40088670672
3300.0	30.0	7.00364745301	4.03287329556
3300.0	65.0	12.5172019299	4.29516041544
3300.0	66.0	6.86558234109	7.70155173675
3300.0	67.0	4.65822427134	4.27439701287
3300.0	69.0	2.00636389006	4.45649444005
3310.0	30.0	7.03079745215	4.05220473933
3310.0	65.0	13.0820902841	4.26389598168
3310.0	66.0	7.38858813851	7.67243524119
3310.0	67.0	5.19238471957	4.15960164921
3310.0	69.0	2.49758945593	4.51234083318
3320.0	30.0	7.05794745129	4.07153618311
3320.0	65.0	13.6324565458	4.25530422889
3320.0	66.0	7.91138347082	7.60656513647
3320.0	67.0	5.72359865627	4.03454391416
3320.0	69.0	3.00965106765	4.5791655771
3330.0	30.0	7.23389628294	4.12093876165
3330.0	65.0	14.1680902498	4.26986247667
3330.0	66.0	8.43375787291	7.51611307238
3330.0	67.0	6.14263468953	3.94576246866
3330.0	69.0	3.53581384171	4.65386609441
3340.0	30.0	7.55822301687	4.20041247496
3340.0	65.0	14.7039344189	4.28442072446
3340.0	66.0	8.95634274011	7.42566100828
3340.0	67.0	6.53346839811	3.86628875536
3340.0	69.0	4.06197661577	4.72832795192
3350.0	30.0	7.8825497508	4.27344237367
3350.0	65.0	15.2395681229	4.29874031244
3350.0	66.0	9.4961857463	7.35382440857
3350.0	67.0	6.9531358267	3.88633617853
3350.0	69.0	4.580773111	4.81520011902
3360.0	30.0	8.20477183364	4.28847794105
3360.0	66.0	10.0433950313	7.29034090185
3360.0	67.0	7.38501023165	3.94910370586
3360.0	69.0	5.08820449031	4.92068775049
3370.0	30.0	8.52720438159	4.30327484863
3370.0	66.0	10.5906043164	7.22661873532
3370.0	67.0	7.75206138284	4.1617495874
3370.0	69.0	5.59584633472	5.02593672217
3370.0	71.0	0.164373250618	9.20940435134
3380.0	30.0	8.84942646442	4.31831041602
3380.0	66.0	11.1125577882	7.26719090127
3380.0	67.0	8.10290672058	4.4118650575
3380.0	69.0	6.10348817914	5.13118569384
3380.0	71.0	0.431453474732	8.96167547924
3390.0	30.0	9.01085320351	4.27081711587
3390.0	66.0	11.6237775395	7.35239244977
3390.0	67.0	8.3941904323	4.4956346472
3390.0	69.0	6.63554397627	5.19753311816
3390.0	71.0	0.698533698847	8.71394660714
3400.0	30.0	9.15417994316	4.21664134134
3400.0	66.0	12.1347868257	7.43759399827
3400.0	67.0	8.66000786576	4.50804495679
3400.0	69.0	7.16759977341	5.26388054248
3400.0	71.0	0.996973224296	8.41681515649
3400.0	72.0	0.189418598663	4.70708722975
3410.0	30.0	9.1987985464	4.20136711416
3410.0	66.0	12.6163309965	7.72923627352
3410.0	67.0	8.71493925937	4.5016011422
3410.0	69.0	7.69944510543	5.329989307
3410.0	71.0	1.30888251676	8.09844298368
3410.0	72.0	0.82081392754	4.85386300657
3420.0	30.0	9.20111366261	4.20256041315
3420.0	66.0	13.0947181907	8.04402854934
3420.0	67.0	8.71725437558	4.49014547181
3420.0	69.0	8.23276369322	5.38893827753
3420.0	71.0	1.62058134412	7.78030947066
3420.0	72.0	1.45220925642	5.0008774432
3430.0	30.0	9.20321831371	4.20375371215
3430.0	66.0	13.5446925951	8.21180638854
3430.0	67.0	8.71956949179	4.47892846122
3430.0	69.0	8.767976467	5.43667023747
3430.0	71.0	2.0006813321	7.59558678568
3430.0	72.0	2.09328598034	5.12020734305
3440.0	30.0	9.2053229648	4.20494701115
3440.0	66.0	13.9824600231	8.31681670041
3440.0	67.0	8.72167414288	4.46747279084
3440.0	69.0	9.30318924078	5.48440219742
3440.0	71.0	2.38099178519	7.4108641007
3440.0	72.0	2.74088712265	5.22116043833
3450.0	30.0	9.20763808101	4.20614031015
3450.0	66.0	14.4214902418	8.40345020771
3450.0	67.0	8.72398925909	4.45601712045
3450.0	69.0	9.83840201455	5.53213415736
3450.0	71.0	2.76109177318	7.22590275592
3450.0	72.0	3.38848826497	5.32211353361
3460.0	30.0	9.2097427321	4.20757226895
3460.0	66.0	14.8657820882	8.41681515649
3460.0	67.0	8.72609391018	4.44480010986
3460.0	69.0	10.4154973451	5.49275529041
3460.0	71.0	3.20075338719	7.00991563718
3460.0	72.0	4.04619173255	5.4116109585
3470.0	30.0	9.2118473832	4.20876556795
3470.0	66.0	15.3100739346	8.42994144548
3470.0	67.0	8.72840902639	4.43334443948
3470.0	69.0	10.9974333733	5.44359137166
3470.0	71.0	3.64693941959	6.79034862145
3470.0	72.0	4.70389520013	5.5011083834
3480.0	30.0	9.21416249941	4.20995886695
3480.0	67.0	8.7307241426	4.42212742889
3480.0	69.0	11.5793694014	5.39442745292
3480.0	71.0	4.09922894018	6.62471872045
3480.0	72.0	5.36159866771	5.59060580829
3490.0	30.0	9.2162671505	4.21115216594
3490.0	67.0	8.73282879369	4.4106717585
3490.0	69.0	12.1497298485	5.35337796737
3490.0	71.0	4.56098939069	6.53999449155
3490.0	72.0	6.02077539106	5.65933983061
3500.0	30.0	9.21858226671	4.21234546494
3500.0	67.0	8.7351439099	4.39921608812
3500.0	69.0	12.7085147145	5.32044291501
3500.0	71.0	5.02274984121	6.45527026265
3500.0	72.0	6.68016257951	5.72306199713
3510.0	30.0	9.2206869178	4.21353876394
3510.0	67.0	8.73724856099	4.38799907753
3510.0	69.0	13.2672995806	5.28750786265
3510.0	71.0	5.50176843072	6.36243160056
3510.0	72.0	7.33954976797	5.78678416365
3520.0	30.0	9.2227915689	4.21497072274
3520.0	67.0	8.7395636772	4.37654340715
3520.0	69.0	13.8696507243	5.29084909985
3520.0	71.0	6.02182771661	6.2500228349
3520.0	72.0	7.94379509771	5.92138829069
3530.0	30.0	9.22510668511	4.21616402174
3530.0	67.0	8.7416683283	4.36508773676
3530.0	69.0	14.5010460532	5.31853363661
3530.0	71.0	6.54167653738	6.13785272903
3530.0	72.0	8.53436019532	6.07389190271
3540.0	30.0	9.2272113362	4.21735732074
3540.0	67.0	8.7439834445	4.35387072617
3540.0	69.0	15.1324413821	5.34597951358
3540.0	71.0	7.06173582327	6.02544396337
3540.0	72.0	9.12492529292	6.22639551472
3550.0	30.0	9.2293159873	4.21855061973
3550.0	67.0	8.74629856071	4.34241505579
3550.0	71.0	7.60073696902	5.92210427009
3550.0	72.0	9.70307294907	6.39751459112
3560.0	30.0	9.2316311035	4.21974391873
3560.0	67.0	8.7484032118	4.3311980452
3560.0	71.0	8.14205323097	5.81995787581
3560.0	72.0	10.2321822347	6.64285686522
3570.0	30.0	9.2337357546	4.22117587753
3570.0	67.0	8.75071832801	4.31974237481
3570.0	71.0	8.68315902782	5.71757282174
3570.0	72.0	10.7612915203	6.88843779913
3580.0	30.0	9.2358404057	4.22236917653
3580.0	67.0	8.75282297911	4.30828670443
3580.0	71.0	9.22405435956	5.62115426265
3580.0	72.0	11.290611271	7.13378007323
3590.0	30.0	9.2381555219	4.22356247553
3590.0	67.0	8.75513809531	4.29706969384
3590.0	71.0	9.76410783086	5.53380477596
3590.0	72.0	11.6987031185	7.50298678339
3600.0	30.0	9.33370668167	4.23573412531
3600.0	67.0	8.87847064955	4.167000103
3600.0	71.0	10.3043717673	5.44621662946
3600.0	72.0	12.054810084	7.92541462888
3610.0	30.0	9.56942760445	4.26437330128
3610.0	67.0	9.01527297081	4.02380422317
3610.0	71.0	10.845267099	5.35600322517
3610.0	72.0	12.3938693756	8.35022907237
3620.0	30.0	9.80514852723	4.29301247725
3620.0	67.0	9.52501946632	3.92762432388
3620.0	71.0	11.3874252214	5.26197126408
3620.0	72.0	12.5780263466	8.79771619684
3630.0	30.0	10.2414426995	4.35721196337
3630.0	67.0	10.0762275884	3.83669494019
3630.0	71.0	11.9295833438	5.16817796279
3630.0	72.0	12.7621833175	9.2452033213
3640.0	30.0	10.6998357083	4.42546866609
3640.0	67.0	10.6653194303	3.84838927038
3640.0	71.0	12.4727937917	5.0770099193
3640.0	72.0	12.9463402884	9.69269044576
3650.0	30.0	11.1647531354	4.4961119668
3650.0	67.0	11.263882202	3.88562019913
3650.0	71.0	13.0271588905	5.01352641258
3650.0	72.0	13.0976647022	10.1377909722
3660.0	30.0	11.6875484677	4.58847330929
3660.0	67.0	11.8624449738	3.92285112789
3660.0	71.0	13.5813135241	4.94980424606
3660.0	72.0	13.2456216743	10.5828914987
3670.0	30.0	12.2103438	4.68083465178
3670.0	67.0	12.419546119	3.99230112961
3670.0	71.0	14.1337844369	4.89133259513
3670.0	72.0	13.3935786463	11.0279920252
3680.0	30.0	12.7331391323	4.77319599427
3680.0	67.0	12.949497265	4.0827531937
3680.0	71.0	14.6704704664	4.87939960514
3680.0	72.0	13.5350112	11.4671260566
3690.0	30.0	13.2593019064	4.80994960342
3690.0	67.0	13.479237946	4.17320525779
3690.0	71.0	15.207156496	4.86746661516
3690.0	72.0	13.6503460801	11.8828714277
3700.0	30.0	13.7854646805	4.84670321258
3700.0	67.0	14.0256053706	4.25602020829
3700.0	72.0	13.7656809602	12.2986167988
3710.0	30.0	14.3055239664	4.89133259513
3710.0	67.0	14.5789181438	4.33573258139
3710.0	72.0	13.8812263054	12.7143621699
3720.0	30.0	14.8167437176	4.94813362746
3720.0	67.0	15.1324413821	4.4152062947
3730.0	30.0	15.3279634689	5.00493465979
4030.0	75.0	15.0903483602	8.09056721029
4040.0	75.0	14.7239286043	8.03758473475
4050.0	75.0	14.3577193135	7.98460225921
4060.0	75.0	14.003506534	7.93209710328
4070.0	75.0	13.6783379397	7.88150122574
4080.0	75.0	13.3529588802	7.8309053482
4090.0	75.0	13.0277902858	7.78030947066
4100.0	75.0	12.6910461104	7.62923781744
4110.0	75.0	12.354301935	7.47792750442
4120.0	75.0	12.0175577596	7.3268558512
4130.0	75.0	11.6923891652	7.21826564233
4140.0	75.0	11.3670101058	7.10991409326
4150.0	75.0	11.0418415114	7.00132388439
4160.0	75.0	10.7156205915	7.00347182259
4170.0	75.0	10.3889787413	7.05287440113
4180.0	75.0	10.0623368912	7.10227697967
4190.0	75.0	9.73401132018	7.1597939914
4190.0	79.0	15.1806378922	4.93524599827
4200.0	75.0	9.40526481895	7.21945894133
4200.0	79.0	14.6243786074	4.96078259684
4210.0	75.0	9.0763078526	7.27912389126
4210.0	79.0	14.0681193227	4.98631919541
4220.0	75.0	8.74124739808	7.31086564462
4220.0	79.0	13.511860038	5.01185579398
4230.0	75.0	8.40218810647	7.32423059341
4230.0	79.0	12.9791728455	5.0789191977
4240.0	75.0	8.06312881486	7.33735688239
4240.0	79.0	12.446485653	5.14598260142
4250.0	75.0	7.72406952326	7.35072183117
4250.0	79.0	11.9135879955	5.21328466494
4260.0	75.0	7.42815557912	7.29105688125
4260.0	79.0	11.3937391747	5.27294961487
4270.0	75.0	7.13203116988	7.23139193132
4270.0	79.0	10.8772577957	5.3307052864
4280.0	75.0	6.83611722575	7.17172698139
4280.0	79.0	10.3605659515	5.38869961773
4290.0	75.0	6.50631839896	7.11898316565
4290.0	79.0	9.87270782742	5.46817333103
4290.0	81.0	14.9253437142	5.64000838683
4300.0	75.0	6.1681009678	7.06767130871
4300.0	79.0	9.41347295822	5.56936508611
4300.0	81.0	14.4454832643	5.7450186987
4310.0	75.0	5.82988353663	7.01659811158
4310.0	79.0	8.95423808902	5.67079550099
4310.0	81.0	13.9656228143	5.85002901058
4320.0	75.0	5.49987424473	7.04881718454
4320.0	79.0	8.48911019675	5.77222591587
4320.0	81.0	13.4992321314	5.96005117824
4330.0	75.0	5.17007541795	7.0810362575
4330.0	79.0	7.99998928198	5.87556560915
4330.0	81.0	13.0362088902	6.07150530471
4340.0	75.0	4.84006612606	7.11325533046
4340.0	79.0	7.5106579021	5.97866664262
4340.0	81.0	12.573185649	6.18295943118
4350.0	75.0	4.49827078803	7.13592801143
4350.0	79.0	7.02153698733	6.0820063359
4350.0	81.0	12.1183705471	6.31517696022
4360.0	75.0	4.12869405552	7.13592801143
4360.0	79.0	6.55367304863	6.18773262717
4360.0	81.0	11.6654496312	6.45240634505
4370.0	75.0	3.75911732302	7.13592801143
4370.0	79.0	6.10727655111	6.29632283604
4370.0	81.0	11.2127391804	6.58987438969
4380.0	75.0	3.38954059052	7.13592801143
4380.0	79.0	5.6608800536	6.40467438511
4380.0	81.0	10.7728671013	6.71350016594
4390.0	75.0	3.02564641598	7.13497337223
4390.0	79.0	5.21953471871	6.52185634677
4390.0	81.0	10.3462543241	6.82304501401
4400.0	75.0	2.68406154305	7.12948419684
4400.0	79.0	4.79860449946	6.67292799999
4400.0	81.0	9.91964154687	6.93282852188
4410.0	75.0	2.34268713524	7.12423368125
4410.0	79.0	4.37767428021	6.82399965321
4410.0	81.0	9.49302876966	7.04237336994
4420.0	75.0	2.00131272743	7.11898316565
4420.0	79.0	3.96495220024	6.96218367724
4420.0	81.0	9.07104622486	7.12638161944
4430.0	75.0	1.65993831962	7.11373265006
4430.0	79.0	3.58485221225	7.04833986494
4430.0	81.0	8.65011600561	7.20394605435
4440.0	75.0	1.33645344612	7.09273058768
4440.0	79.0	3.20496268938	7.13449605263
4440.0	81.0	8.22918578636	7.28151048926
4450.0	75.0	1.02075578168	7.06528471072
4450.0	79.0	2.82486270139	7.22089090013
4450.0	81.0	7.80825556711	7.35907492416
4460.0	75.0	0.705058117246	7.03760017395
4460.0	79.0	2.43339759749	7.32446925321
4460.0	81.0	7.39174511516	7.43329812188
4470.0	75.0	0.389360452807	7.01015429698
4470.0	79.0	2.03435574964	7.43950327667
4470.0	81.0	6.97607652365	7.50680534019
4480.0	75.0	0.0736627883689	6.98270842002
4480.0	79.0	1.63510343668	7.55477595993
4480.0	81.0	6.56061839725	7.5803125585
4490.0	75.0	-0.242034876069	6.95502388325
4490.0	79.0	1.25184647205	7.67553781858
4490.0	81.0	6.14494980574	7.65358111701
4500.0	79.0	0.875745321152	7.79844761544
4500.0	81.0	5.75874632957	7.7490450369
4500.0	84.0	-0.0648232537647	5.23404806752
4510.0	79.0	0.499433705141	7.92135741229
4510.0	81.0	5.37548936495	7.84689555478
4510.0	84.0	0.412932545085	5.21567126294
4520.0	79.0	0.154270925356	8.05071102373
4520.0	81.0	4.99244286543	7.94498473246
4520.0	84.0	0.890477878826	5.19729445836
4530.0	79.0	-0.143747669874	8.19008834677
4530.0	81.0	4.6091859008	8.04283525034
4530.0	84.0	1.36802321257	5.17891765378
4540.0	81.0	4.29117312015	8.05882545692
4540.0	84.0	1.86093249931	5.17891765378
4550.0	81.0	3.97316033951	8.07457700371
4550.0	84.0	2.35384178605	5.17891765378
4560.0	81.0	3.65514755887	8.09056721029
4560.0	84.0	2.84675107279	5.17891765378
4570.0	81.0	3.33713477822	8.10655741687
4570.0	84.0	3.34576384772	5.17366713819
4580.0	81.0	3.03995804343	8.12565020084
4580.0	84.0	3.86919057536	5.14789187982
4590.0	81.0	2.76361735449	8.14808422202
4590.0	84.0	4.39240683788	5.12211662145
4600.0	81.0	2.48748713066	8.17027958339
4600.0	84.0	4.91583356552	5.09634136308
4610.0	81.0	2.20483248844	8.20297597595
4610.0	84.0	5.43378820031	5.14455064262
4620.0	81.0	1.90786621876	8.25906102888
4620.0	84.0	5.94648120736	5.26698311988
4630.0	81.0	1.61068948396	8.31514608182
4630.0	84.0	6.45917421441	5.38941559713
4640.0	81.0	1.31351274917	8.37123113475
4640.0	84.0	6.97186722146	5.51184807438
4650.0	81.0	1.04874764126	8.55476052073
4650.0	84.0	7.48561255405	5.61256250986
4660.0	81.0	0.787349975109	8.75213217509
4660.0	84.0	7.99998928198	5.69871869756
4670.0	81.0	0.526162774064	8.94974248925
4670.0	84.0	8.51457647501	5.78487488525
4680.0	81.0	0.389570917917	9.17551465978
4680.0	84.0	9.02895320294	5.87103107295
4690.0	81.0	0.25318952688	9.40128683031
4690.0	84.0	9.54396132619	5.9149444761
4700.0	81.0	0.116597670733	9.62705900084
4700.0	84.0	10.0591799146	5.95885787925
4710.0	81.0	-0.0199941854144	9.85283117137
4710.0	84.0	10.5741880378	6.00300994219
4720.0	84.0	11.0921426726	6.05408313933
4730.0	84.0	11.620831028	6.13355685264
4740.0	84.0	12.1497298485	6.21303056594
4750.0	84.0	12.678628669	6.29274293904
4760.0	84.0	13.1961623735	6.3314058266
4770.0	84.0	13.6871774743	6.27436613447
4780.0	84.0	14.1784030401	6.21756510213
4780.0	87.0	15.1543297535	5.39204085493
4790.0	84.0	14.6694181409	6.1607640698
4790.0	87.0	14.5153576807	5.40898570071
4800.0	84.0	15.1604332417	6.10396303747
4800.0	87.0	13.8763856078	5.42616920628
4810.0	87.0	13.2388867908	5.44764858826
4820.0	87.0	12.6129635547	5.51041611558
4830.0	87.0	11.9870403187	5.57342230271
4840.0	87.0	11.3613275478	5.63618983003
4850.0	87.0	10.7503473346	5.67819395478
4860.0	87.0	10.1743043295	5.67198879999
4870.0	87.0	9.59826132447	5.6655449854
4870.0	89.0	0.248348829358	5.45337642345
4870.0	90.0	0.294651153476	4.73143052932
4880.0	87.0	9.02221831943	5.65933983061
4880.0	89.0	0.725473232879	5.49323261
4880.0	90.0	0.715581372727	4.7512392927
4890.0	87.0	8.44133461686	5.66912488239
4890.0	89.0	1.20238717129	5.53285013676
4890.0	90.0	1.13651159198	4.77128671587
4900.0	87.0	7.85539975166	5.69490014076
4900.0	89.0	1.66477901714	5.55838673533
4900.0	90.0	1.55744181123	4.79109547925
4910.0	87.0	7.26967535158	5.72067539913
4910.0	89.0	2.0924441199	5.55074962174
4910.0	90.0	1.98679063486	4.78274238626
4920.0	87.0	6.68374048638	5.7464506575
4920.0	89.0	2.52010922266	5.54311250814
4920.0	90.0	2.41971736536	4.76221764348
4930.0	87.0	6.11274864396	5.73571096651
4930.0	89.0	2.94482781388	5.51304137338
4930.0	90.0	2.85264409586	4.74193156051
4930.0	93.0	15.0903483602	9.09293836908
4940.0	87.0	5.54575563863	5.71590220314
4940.0	89.0	3.35691849853	5.39371147352
4940.0	90.0	3.29104291921	4.71639496194
4940.0	93.0	14.8798832505	9.06644713131
4950.0	87.0	4.9787626333	5.69609343976
4950.0	89.0	3.76900918317	5.27438157367
4950.0	90.0	3.75154057908	4.67176557939
4950.0	93.0	14.6694181409	9.03995589355
4960.0	87.0	4.40777079089	5.68917230557
4960.0	89.0	4.1434266132	5.1614954884
4960.0	90.0	4.21182777383	4.62689753704
4960.0	93.0	14.4467460549	8.98363218081
4970.0	87.0	3.82183592569	5.73427900772
4970.0	89.0	4.53447078688	5.10493311587
4970.0	90.0	4.67232543369	4.5822681545
4970.0	93.0	14.1952402489	8.85761980656
4980.0	87.0	3.2361115256	5.77938570986
4980.0	89.0	4.98697077258	5.17653105578
4980.0	90.0	5.15176495341	4.58895062889
4980.0	93.0	13.943944908	8.73160743232
4990.0	87.0	2.6501766604	5.82449241201
4990.0	89.0	5.47609168735	5.24049188211
4990.0	90.0	5.63120447314	4.59563310328
4990.0	93.0	13.692439102	8.60559505807
5000.0	87.0	2.05729644659	5.81136612302
5000.0	89.0	6.05087190173	5.28631456365
5000.0	90.0	6.11043352776	4.60207691787
5000.0	93.0	13.4836577133	8.40607546551
5010.0	87.0	1.45747088416	5.73976818311
5010.0	89.0	6.62565211612	5.3321372452
5010.0	90.0	6.59303002413	4.61615784606
5010.0	93.0	13.2927658588	8.17481411958
5020.0	87.0	0.857645321724	5.66817024319
5020.0	89.0	7.1587602388	5.328796008
5020.0	90.0	7.08046721802	4.64121712503
5020.0	93.0	13.1020844695	7.94355277366
5030.0	87.0	0.257819759291	5.59657230328
5030.0	89.0	7.67397882717	5.30397538883
5030.0	90.0	7.56790441191	4.6665150638
5030.0	93.0	12.8533147099	7.71372338654
5040.0	87.0	-0.342005803141	5.52497436337
5040.0	89.0	8.18919741553	5.27939342946
5040.0	90.0	8.05534160581	4.69157434277
5040.0	93.0	12.5464565801	7.48508729841
5050.0	89.0	8.66569042372	5.2495609545
5050.0	90.0	8.54614624145	4.69348362116
5050.0	93.0	12.237072869	7.26766822087
5060.0	89.0	9.13229157176	5.21829652073
5060.0	90.0	9.03926599331	4.67988001258
5060.0	93.0	11.9062217166	7.15406615621
5070.0	89.0	9.60015551046	5.19204394277
5070.0	90.0	9.53217528005	4.6660377442
5070.0	93.0	11.5755810294	7.04046409155
5080.0	89.0	10.0688613096	5.17032590099
5080.0	90.0	10.0234008459	4.65124083662
5080.0	93.0	11.2247356917	7.04046409155
5090.0	89.0	10.5417764109	5.15505167381
5090.0	90.0	10.4969473426	4.62474959885
5090.0	93.0	10.874100819	7.04046409155
5100.0	89.0	11.0245833724	5.15505167381
5100.0	90.0	10.9704938392	4.59825836108
5100.0	93.0	10.5232554813	7.04046409155
5110.0	89.0	11.5073903339	5.15505167381
5110.0	90.0	11.4440403359	4.57176712331
5110.0	93.0	10.2351287462	7.03425893675
5120.0	89.0	11.9904077605	5.15505167381
5120.0	90.0	11.9209542743	4.57057382431
5120.0	93.0	9.97415201026	7.02542852416
5130.0	89.0	12.5058368139	5.19085064377
5130.0	90.0	12.4012356545	4.59515578368
5130.0	93.0	9.71296480922	7.01659811158
5140.0	89.0	13.0250542394	5.23070683032
5140.0	90.0	12.8815170346	4.61949908325
5140.0	93.0	9.45177760817	7.00776769899
5150.0	89.0	13.5440611997	5.27032435707
5150.0	90.0	13.3617984148	4.64408104262
5150.0	93.0	9.19080087224	6.9989372864
5160.0	89.0	14.0138193244	5.29967951244
5160.0	90.0	13.8353449115	4.68250527038
5160.0	93.0	8.91382878797	7.00943831758
5170.0	89.0	14.4781053562	5.3278413688
5170.0	90.0	14.3044716408	4.73023723032
5170.0	93.0	8.60065670485	7.06480739112
5180.0	89.0	14.9423913881	5.35576456537
5180.0	90.0	14.7733879051	4.77796919026
5180.0	93.0	8.28748462172	7.12041512445
5190.0	89.0	15.4066774199	5.38392642174
5190.0	90.0	15.2425146344	4.82570115021
5190.0	93.0	7.97410207349	7.17578419798
5200.0	93.0	7.66092999037	7.23139193132
5210.0	93.0	7.38564162698	7.21301512674
5220.0	93.0	7.1105637287	7.19463832216
5230.0	93.0	6.83527536531	7.17626151758
5240.0	93.0	6.55998700192	7.15788471301
5250.0	93.0	6.28490910364	7.13950790843
5260.0	93.0	5.95784632328	7.10657285607
5270.0	93.0	5.61773470612	7.06981924691
5280.0	93.0	5.27783355408	7.03306563776
5290.0	93.0	4.93793240203	6.9963120286
5300.0	93.0	4.611501017	6.9130197585
5310.0	93.0	4.28696381796	6.82423831301
5320.0	93.0	3.96221615381	6.73569552731
5330.0	93.0	3.62652430396	6.65311923661
5340.0	93.0	3.27441617555	6.5796120183
5350.0	93.0	2.92230804715	6.50634345979
5360.0	93.0	2.57019991875	6.43283624148
5360.0	99.0	0.182052319826	5.21304600514
5370.0	93.0	2.21788132523	6.35932902316
5370.0	99.0	0.776826719628	5.26507384148
5380.0	93.0	1.87061389435	6.28271922746
5380.0	99.0	1.37160111943	5.31686301802
5390.0	93.0	1.54249878845	6.19393778196
5390.0	99.0	1.96700691456	5.35290064777
5400.0	93.0	1.21417321743	6.10491767667
5400.0	99.0	2.56220224458	5.38679033933
5410.0	93.0	0.886058111523	6.01589757138
5410.0	99.0	3.15760803971	5.42091869069
5420.0	93.0	0.557943005617	5.92687746608
5420.0	99.0	3.75280336973	5.43881817567
5430.0	93.0	0.229827899711	5.83785736079
5430.0	99.0	4.34820916486	5.43189704148
5440.0	93.0	-0.0984976713047	5.7488372555
5440.0	99.0	4.94361495999	5.42497590729
5450.0	99.0	5.53881029002	5.41829343289
5460.0	99.0	6.19188352518	5.51781456937
5470.0	99.0	6.85127071364	5.62926869584
5480.0	99.0	7.51086836721	5.74048416251
5490.0	99.0	8.1273206733	5.86578055736
5500.0	99.0	8.73893228187	5.99250891101
5510.0	99.0	9.35054389044	6.11947592445
5520.0	99.0	9.94237177871	6.23379396852
5530.0	99.0	10.5255705975	6.34286149698
5540.0	99.0	11.1089798814	6.45192902545
5550.0	99.0	11.6991240488	6.53283469756
5560.0	99.0	12.3164182153	6.50109294419
5570.0	99.0	12.9337123818	6.46935119083
5580.0	99.0	13.5453239904	6.4108795399
5590.0	99.0	14.1331530416	6.2462042781
5600.0	99.0	14.7209820928	6.0817676761
5610.0	99.0	15.3088111439	5.9170924143
6210.0	112.0	-0.0675593001898	7.18485327037
6220.0	112.0	0.29801859523	7.26026976708
6230.0	112.0	0.663596490649	7.33568626379
6240.0	112.0	0.999288340502	7.35072183117
6250.0	112.0	1.32761391152	7.35072183117
6260.0	112.0	1.6550976221	7.34642595478
6270.0	112.0	1.98026621647	7.331867707
6280.0	112.0	2.30564527595	7.31754811901
6290.0	112.0	2.63081387032	7.30298987123
6300.0	112.0	2.99028827756	7.30298987123
6310.0	112.0	3.34997314991	7.30298987123
6310.0	114.0	15.0097402232	4.93930321487
6320.0	112.0	3.71576151044	7.36217750156
6320.0	114.0	14.6071204685	5.05338259913
6330.0	112.0	4.08596963827	7.46098265864
6330.0	114.0	14.2045007137	5.1674619834
6340.0	112.0	4.45596730099	7.55978781572
6340.0	114.0	13.7433716585	5.22664961372
6350.0	112.0	4.84827426533	7.68054967438
6350.0	114.0	13.275718185	5.27963208926
6360.0	112.0	5.25005215961	7.81061926522
6360.0	114.0	12.8147995949	5.3266480698
6370.0	112.0	5.65204051899	7.94092751587
6370.0	114.0	12.3806100737	5.34884343118
6380.0	112.0	6.08244166818	8.08650999369
6380.0	114.0	11.9466310177	5.37127745235
6390.0	112.0	6.55598816484	8.25571979169
6390.0	114.0	11.5124414965	5.39371147352
6400.0	112.0	7.02953466149	8.42469092988
6400.0	114.0	11.0915112773	5.42354394849
6410.0	112.0	7.42415674204	8.46454711644
6410.0	114.0	10.670581058	5.45337642345
6420.0	112.0	7.81877882259	8.50416464319
6420.0	114.0	10.2496508388	5.48320889842
6430.0	112.0	8.23613113498	8.42469092988
6430.0	114.0	9.83482410769	5.4960965276
6440.0	112.0	8.66884740037	8.26550484348
6440.0	114.0	9.42126016728	5.50444962059
6450.0	112.0	9.10051134021	8.09056721029
6450.0	114.0	9.00790669197	5.51304137338
6460.0	112.0	9.53196481494	7.9115723605
6460.0	114.0	8.63559391305	5.54979498254
6470.0	112.0	9.96804852208	7.75095431529
6470.0	114.0	8.26328113412	5.58654859169
6480.0	112.0	10.4049740897	7.59487080628
6480.0	114.0	7.89075789008	5.62330220085
6490.0	112.0	10.8578950056	7.45095894705
6490.0	114.0	7.52286487845	5.66960220199
6500.0	112.0	11.3735345242	7.35549502717
6500.0	114.0	7.19559163299	5.80205839083
6510.0	112.0	11.8847542754	7.25525791129
6510.0	114.0	6.86810792241	5.93475323947
6520.0	112.0	12.3780844924	7.13592801143
6520.0	114.0	6.54083467694	6.06720942832
6530.0	112.0	12.8712042443	7.01659811158
6530.0	114.0	6.23902770974	6.22687283432
6530.0	117.0	0.0631395328877	5.48917539341
6540.0	112.0	13.3645344612	6.89726821172
6540.0	114.0	5.9626870208	6.4132661379
6540.0	117.0	0.58467207454	5.56172797252
6550.0	112.0	13.855549562	6.78462078625
6550.0	114.0	5.68655679697	6.59965944148
6550.0	117.0	1.1064150813	5.63451921143
6560.0	112.0	14.3467751278	6.67197336079
6560.0	114.0	5.42452773549	6.77221047667
6560.0	117.0	1.62352785565	5.71375426494
6570.0	112.0	14.8377902286	6.55908727552
6570.0	114.0	5.19533123111	6.9127810987
6570.0	117.0	2.13874644401	5.79609189584
6570.0	119.0	14.9655425501	4.65887795021
6580.0	112.0	15.3288053294	6.44643985006
6580.0	114.0	4.96634519183	7.05311306093
6580.0	117.0	2.65396503238	5.87842952674
6580.0	119.0	14.44695652	4.68465320858
6590.0	114.0	4.73735915256	7.19344502316
6590.0	117.0	3.17802315535	5.89489705292
6590.0	119.0	13.9283704899	4.71018980714
6600.0	114.0	4.52499985695	7.31492286122
6600.0	117.0	3.70418592941	5.89489705292
6600.0	119.0	13.4093635296	4.73143052932
6610.0	114.0	4.31453474732	7.43425276107
6610.0	117.0	4.23034870347	5.89489705292
6610.0	119.0	12.8897251739	4.7462274369
6620.0	114.0	4.24697544713	7.47434760743
6620.0	117.0	4.74009519899	5.86840581515
6620.0	119.0	12.3700868182	4.76126300428
6630.0	114.0	4.24087195895	7.48031410242
6630.0	117.0	5.23910797391	5.82425375221
6630.0	119.0	11.853184509	4.77773053046
6640.0	114.0	4.23476847078	7.48628059741
6640.0	117.0	5.73791028372	5.78010168926
6640.0	119.0	11.3468054552	4.79992589184
6650.0	114.0	4.2286649826	7.4922470924
6650.0	117.0	6.19377771117	5.80635426723
6650.0	119.0	10.8402159364	4.82235991301
6660.0	114.0	4.22235102931	7.4982135874
6660.0	117.0	6.64459397599	5.84024395879
6660.0	119.0	10.3338368826	4.84479393418
6670.0	114.0	4.21624754113	7.50418008239
6670.0	117.0	7.12277070506	5.90515942431
6670.0	119.0	9.85671247909	4.81305218082
6680.0	114.0	4.21014405295	7.51014657738
6680.0	117.0	7.60789278274	5.97795066322
6680.0	119.0	9.37979854068	4.78107176766
6690.0	114.0	4.20383009966	7.51611307238
6690.0	117.0	8.07996602363	6.05766303633
6690.0	119.0	8.90267413716	4.7493300143
6700.0	114.0	4.19772661148	7.52207956737
6700.0	117.0	8.53920089284	6.14429654362
6700.0	119.0	8.4116590364	4.79706197424
6710.0	114.0	4.1916231233	7.52828472216
6710.0	117.0	8.99443692496	6.1650599462
6710.0	119.0	7.92043347054	4.84479393418
6720.0	114.0	4.18551963512	7.53425121715
6720.0	117.0	9.44062295736	6.03141045836
6720.0	119.0	7.42941836978	4.89252589413
6730.0	114.0	4.17920568183	7.54021771215
6730.0	117.0	9.88680898977	5.89776097052
6730.0	119.0	6.94261257122	4.87749032674
6740.0	114.0	4.17310219365	7.54618420714
6740.0	117.0	10.3801392067	5.78201096766
6740.0	119.0	6.45601723776	4.86269341916
6740.0	123.0	0.0648232537647	4.81639341802
6750.0	114.0	4.16699870548	7.55215070213
6750.0	117.0	10.8928322138	5.68678570757
6750.0	119.0	5.9692114392	4.84765785178
6750.0	123.0	0.469547659575	4.86221609956
6760.0	114.0	4.16068475219	7.55811719713
6760.0	117.0	11.42320429	5.62950735564
6760.0	119.0	5.51650098839	4.86603465636
6760.0	123.0	0.874272065384	4.90803878111
6770.0	114.0	4.15458126401	7.56408369212
6770.0	117.0	11.9535763663	5.57222900371
6770.0	119.0	5.07220914198	4.89252589413
6770.0	123.0	1.26279065775	4.92832486408
6780.0	114.0	4.14847777583	7.57005018711
6780.0	117.0	12.4988914653	5.60230013847
6780.0	119.0	4.62791729556	4.91901713189
6780.0	123.0	1.6136359955	4.88846867753
6790.0	114.0	4.14237428765	7.5760166821
6790.0	117.0	13.0479949363	5.65408931501
6790.0	119.0	4.2177207969	4.9163918741
6790.0	123.0	1.96427086814	4.84885115078
6800.0	114.0	4.13606033436	7.5819831771
6800.0	117.0	13.5613193387	5.69299086236
6800.0	119.0	3.94411615438	4.79706197424
6800.0	123.0	2.3309010891	4.57630165951
6810.0	114.0	4.12995684618	7.58818833189
6810.0	117.0	14.0390751376	5.71876612073
6810.0	119.0	3.65051732645	4.69539289956
6810.0	123.0	2.69921503095	4.27797690986
6820.0	114.0	4.123853358	7.59415482688
6820.0	117.0	14.5170414015	5.7445413791
6820.0	119.0	3.27715222198	4.6646057854
6820.0	123.0	3.02648827642	4.06198979112
6830.0	114.0	4.11753940471	7.60012132187
6830.0	117.0	14.9947972004	5.77031663747
6830.0	119.0	2.9037871175	4.63381867124
6830.0	123.0	3.38427896278	3.95697947925
6840.0	114.0	4.11143591653	7.60608781687
6840.0	119.0	2.51968829244	4.59945166008
6840.0	123.0	3.79468592655	4.00471143919
6850.0	114.0	4.10533242836	7.61205431186
6850.0	119.0	2.04088016804	4.53382021516
6850.0	123.0	4.2156161458	4.05817123433
6860.0	114.0	4.11817080004	7.60919039426
6860.0	119.0	1.56186157853	4.46795011044
6860.0	123.0	4.65212078316	4.11998412245
6870.0	114.0	4.13563940414	7.60441719827
6870.0	119.0	1.08094880304	4.40375062431
6870.0	123.0	5.08862542053	4.18179701058
6880.0	114.0	4.15310800824	7.59940534248
6880.0	119.0	0.592669748705	4.34647227238
6880.0	123.0	5.50997657	4.25291763089
6890.0	114.0	4.17078707745	7.59439348668
6890.0	119.0	0.104390694374	4.28919392045
6890.0	123.0	5.92480330107	4.327856808
6900.0	114.0	4.18825568155	7.58938163089
6900.0	123.0	6.33984049725	4.40303464491
6910.0	114.0	4.20572428565	7.58436977509
6910.0	123.0	6.75487769343	4.46055165664
6920.0	114.0	4.22340335486	7.5793579193
6920.0	123.0	7.17075675005	4.44885732646
6930.0	114.0	4.24087195895	7.57458472331
6930.0	123.0	7.58642534156	4.43740165607
6940.0	114.0	4.25834056305	7.56957286751
6940.0	123.0	8.00230439818	4.42570732589
6950.0	114.0	4.27601963226	7.56456101172
6950.0	123.0	8.4247078732	4.4130583565
6960.0	114.0	4.29348823636	7.55954915592
6960.0	123.0	8.90562064869	4.39277227353
6970.0	114.0	4.31095684046	7.55453730013
6970.0	123.0	9.3867438893	4.37224753075
6980.0	114.0	4.32863590967	7.54952544434
6980.0	123.0	9.8678671299	4.35172278798
6990.0	114.0	4.34610451377	7.54475224834
6990.0	123.0	10.3308903711	4.36747433476
7000.0	114.0	4.34336846734	7.54164967095
7000.0	123.0	10.781917101	4.40733052131
7010.0	114.0	4.31053591024	7.54164967095
7010.0	123.0	11.2327333658	4.44694804806
7020.0	114.0	4.27770335314	7.54164967095
7020.0	123.0	11.6837600958	4.48680423461
7030.0	114.0	4.24487079604	7.54164967095
7030.0	123.0	12.1206856633	4.50589701859
7040.0	114.0	4.21182777383	7.54164967095
7040.0	123.0	12.53656472	4.4944413482
7050.0	114.0	4.17899521672	7.54164967095
7050.0	123.0	12.9522333115	4.48274701802
7060.0	114.0	4.14616265962	7.54164967095
7060.0	123.0	13.3681123681	4.47105268783
7070.0	114.0	4.11333010252	7.54164967095
7070.0	123.0	13.7751518901	4.47654186323
7080.0	114.0	4.08028708031	7.54164967095
7080.0	123.0	14.1619867616	4.52164856537
7090.0	114.0	4.04745452321	7.54164967095
7090.0	123.0	14.5488216331	4.56675526752
7100.0	114.0	4.01462196611	7.54164967095
7100.0	123.0	14.9356565046	4.61186196966
7110.0	114.0	3.98178940901	7.54164967095
7120.0	114.0	3.94874638679	7.54164967095
7130.0	114.0	3.87255801711	7.5750620429
7140.0	114.0	3.7673254623	7.63066977624
7150.0	114.0	3.66209290748	7.68651616937
7160.0	114.0	3.58548360758	7.76073936708
7170.0	114.0	3.52823709776	7.84761153418
7170.0	128.0	0.105863950142	8.73948320571
7180.0	114.0	3.47078012283	7.93424504147
7180.0	128.0	0.275709293609	8.46239917824
7190.0	114.0	3.43899989128	8.01729865177
7190.0	128.0	0.445344171968	8.18531515077
7200.0	114.0	3.46699175086	8.09152184948
7200.0	128.0	0.625081375588	7.87052287495
7210.0	114.0	3.49519407555	8.165983707
7210.0	128.0	0.819972067101	7.4991682266
7220.0	114.0	3.52318593513	8.24020690471
7220.0	128.0	1.01486275861	7.12805223804
7220.0	130.0	-0.0715581372727	6.78748470385
7230.0	114.0	3.55117779471	8.31443010242
7230.0	128.0	1.25879182067	6.73808212531
7230.0	130.0	0.307279060053	6.35789706437
7240.0	114.0	3.53013128375	8.32015793761
7240.0	128.0	1.5239778588	6.34047489899
7240.0	130.0	0.686116257379	5.92830942488
7250.0	114.0	3.49666733132	8.30870226722
7250.0	128.0	1.78895343182	5.94262901286
7250.0	130.0	1.09441857005	5.59060580829
7250.0	131.0	0.0677697652994	4.61233928926
7260.0	114.0	3.463413844	8.29748525664
7260.0	128.0	2.23156155736	5.72855117252
7260.0	130.0	1.5153487893	5.29228105865
7260.0	131.0	0.534370913339	4.67462949699
7270.0	114.0	3.42994989157	8.28602958625
7270.0	128.0	2.67438014801	5.51471199198
7270.0	130.0	1.98363365822	5.03739239255
7270.0	131.0	1.00118252649	4.73691970471
7280.0	114.0	3.39648593914	8.27457391587
7280.0	128.0	3.13087897079	5.31447642002
7280.0	130.0	2.56241270969	4.88393414134
7280.0	131.0	1.480201116	4.90851610071
7290.0	114.0	3.36302198671	8.26335690528
7290.0	128.0	3.71176267336	5.23810528411
7290.0	130.0	3.14119176116	4.73047589012
7290.0	131.0	1.96258714726	5.10731971387
7290.0	132.0	14.880725111	4.25864546609
7300.0	114.0	3.26115687365	8.22922855392
7300.0	128.0	4.29264637592	5.1617341482
7300.0	130.0	3.75027778842	4.60971403147
7300.0	131.0	2.50095689768	5.25839136709
7300.0	132.0	14.1988181558	4.34456299398
7310.0	114.0	3.09089059996	8.17242752159
7310.0	128.0	4.8912091477	5.0834537339
7310.0	130.0	4.38946032635	4.52117124577
7310.0	131.0	3.12372315706	5.33810374019
7310.0	132.0	13.5169112006	4.43048052188
7320.0	114.0	2.85327549119	8.158823913
7320.0	128.0	5.50155796561	5.00398002059
7320.0	130.0	5.02864286428	4.43286711988
7320.0	131.0	3.74627895133	5.4175774535
7320.0	132.0	12.8659426165	4.52164856537
7330.0	114.0	2.51505806003	8.20989711014
7330.0	128.0	6.11190678353	4.92426764749
7330.0	130.0	5.64530563549	4.35983722117
7330.0	131.0	4.33263474675	5.42616920628
7330.0	132.0	12.2183414742	4.61353258826
7340.0	114.0	2.17684062886	8.26097030728
7340.0	128.0	6.71383699705	4.83524754219
7340.0	130.0	6.25628584873	4.29038721945
7340.0	131.0	4.91878007706	5.43452229927
7340.0	132.0	11.5781066107	4.73501042631
7350.0	114.0	1.86640459216	8.32302185521
7350.0	128.0	7.31008465262	4.73978362231
7350.0	130.0	6.86726606197	4.22117587753
7350.0	131.0	5.49461261699	5.42068003089
7350.0	132.0	10.9551298862	4.92593826609
7360.0	114.0	1.57448948511	8.39247185692
7360.0	128.0	7.9065427733	4.64431970242
7360.0	130.0	7.50771139056	4.11974546265
7360.0	131.0	6.02772073968	5.31734033762
7360.0	132.0	10.3321531617	5.11686610586
7370.0	114.0	1.28257437806	8.46168319884
7370.0	128.0	8.54782996233	4.57200578311
7370.0	130.0	8.16099509084	4.00447277939
7370.0	131.0	6.56082886236	5.21400064434
7370.0	132.0	9.77568341189	5.28798518225
7370.0	133.0	0.0711372070534	7.30394451043
7370.0	134.0	0.154270925356	4.42570732589
7380.0	114.0	1.0277011303	8.54974866493
7380.0	128.0	9.21942412715	4.51520475078
7380.0	130.0	8.81406832601	3.88943875593
7380.0	131.0	7.09541024081	5.10636507467
7380.0	132.0	9.2358404057	5.45385374305
7380.0	133.0	0.362631383885	7.07435378311
7380.0	134.0	0.598562771775	4.54074134935
7390.0	114.0	0.809869741839	8.65666825521
7390.0	128.0	9.86281596727	4.48680423461
7390.0	130.0	9.48924039769	3.834547002
7390.0	131.0	7.63525324699	4.98178465922
7390.0	132.0	8.66463809817	5.54931766294
7390.0	133.0	0.654125560716	6.84500171558
7390.0	134.0	1.0430650833	4.65553671301
7400.0	114.0	0.592248818486	8.76382650528
7400.0	128.0	10.4780054827	4.48680423461
7400.0	130.0	10.1696740971	3.79469081544
7400.0	131.0	8.17509625318	4.85720424377
7400.0	132.0	8.06228695443	5.57389962231
7400.0	133.0	0.975084852895	6.68605428897
7400.0	134.0	1.50377320827	4.74121558111
7410.0	114.0	0.463023241176	8.9132275399
7410.0	128.0	11.0931949981	4.48680423461
7410.0	130.0	10.8501077965	3.75483462889
7410.0	131.0	8.78397181533	4.75267125149
7410.0	132.0	7.45993581068	5.59872024148
7410.0	133.0	1.32593019064	6.59751150328
7410.0	134.0	1.97542551895	4.80684702603
7420.0	114.0	0.392938359671	9.09102909068
7420.0	128.0	11.7229066061	4.46150629584
7420.0	130.0	11.5214914962	3.7469588555
7420.0	131.0	9.40021365631	4.65052485722
7420.0	132.0	6.85884745759	5.59800426208
7420.0	133.0	1.67677552839	6.50920737738
7420.0	134.0	2.44728829473	4.87271713075
7430.0	114.0	0.322643013056	9.26883064147
7430.0	128.0	12.354301935	4.43334443948
7430.0	130.0	12.1903496146	3.7469588555
7430.0	131.0	10.0181392182	4.55768619513
7430.0	132.0	6.25860096493	5.5801047771
7430.0	133.0	2.0509824933	6.42997232388
7430.0	134.0	2.90694409415	4.87916094534
7440.0	114.0	0.252558131551	9.44663219226
7440.0	128.0	12.9856972639	4.40542124291
7440.0	130.0	12.8594181981	3.7469588555
7440.0	131.0	10.6495345471	4.54933310214
7440.0	132.0	5.65835447228	5.56244395192
7440.0	133.0	2.43129294639	6.35288520857
7440.0	134.0	3.36154873094	4.86006816136
7450.0	114.0	0.182473250045	9.62443374304
7450.0	128.0	13.6135146859	4.38322588154
7450.0	130.0	13.4476681795	3.70423875135
7450.0	131.0	11.2809298759	4.54121866895
7450.0	132.0	5.03621960823	5.54000993075
7450.0	133.0	2.81139293438	6.27603675306
7450.0	134.0	3.82920220453	4.84169135679
7460.0	114.0	0.11217790343	9.80247395363
7460.0	128.0	14.2375437359	4.36675835536
7460.0	130.0	14.0359181609	3.6612799874
7460.0	131.0	11.9095891584	4.51759134878
7460.0	132.0	4.41155916286	5.51685993018
7460.0	133.0	3.23148129319	6.22711149412
7460.0	134.0	4.34863009508	4.8268944492
7470.0	128.0	14.8617832511	4.35029082918
7470.0	130.0	14.6241681423	3.61855988326
7470.0	131.0	12.5275147202	4.43286711988
7470.0	132.0	3.7871091826	5.4937099296
7470.0	133.0	3.66861732588	6.19035788497
7470.0	134.0	4.86826845075	4.81185888182
7470.0	136.0	15.2366216113	5.92305890929
7480.0	130.0	15.2122076586	3.57560111931
7480.0	131.0	13.145229817	4.34814289098
7480.0	132.0	3.18412664352	5.42760116508
7480.0	133.0	4.10112312616	6.14143262603
7480.0	134.0	5.38790680641	4.79706197424
7480.0	136.0	14.7487634872	5.98821303461
7490.0	131.0	13.7618925882	4.27296505407
7490.0	132.0	2.5866161973	5.35051404978
7490.0	133.0	4.49195683474	5.98248519942
7490.0	134.0	5.89786376704	4.78799290185
7490.0	136.0	14.2609053631	6.05336715993
7500.0	131.0	14.3669797784	4.28298876566
7500.0	132.0	1.98931621618	5.27366559427
7500.0	133.0	4.88279054331	5.82329911301
7500.0	134.0	6.40782072766	4.77868516966
7500.0	136.0	13.7713635181	6.10276973847
7510.0	131.0	14.9720669685	4.29277381745
7510.0	132.0	1.36170925928	5.18512280857
7510.0	133.0	5.22858471843	5.4994377648
7510.0	134.0	6.90746489791	4.75887640629
7510.0	136.0	13.2803484174	6.13689808983
7520.0	132.0	0.721053465577	5.09180682689
7520.0	133.0	5.59837191604	5.27438157367
7520.0	134.0	7.39153465005	4.72307743633
7520.0	136.0	12.7836507587	6.17651561658
7530.0	132.0	0.0806081369866	4.9982521854
7530.0	133.0	5.98415446198	5.11519548726
7530.0	134.0	7.87560440219	4.68727846637
7530.0	136.0	12.2785344956	6.22424757653
