0.0	1.0	13.4487205051	3.93788669527
0.0	3.0	11.9123252048	4.43907227467
0.0	8.0	4.33558125829	7.35072183117
10.0	1.0	12.9351856376	3.93788669527
10.0	3.0	11.5046542875	4.51353413218
10.0	8.0	4.5544649723	7.27435069527
20.0	1.0	12.4216507701	3.93788669527
20.0	3.0	11.096772905	4.58823464949
20.0	8.0	4.77334868631	7.19797955936
20.0	9.0	15.2423041693	3.6682011216
30.0	1.0	11.9192705534	3.95769545865
30.0	3.0	10.6891019877	4.662696507
30.0	8.0	4.95540100613	7.17124966179
30.0	9.0	14.665840234	3.53311967496
40.0	1.0	11.4282554527	3.9975516452
40.0	3.0	10.2799578145	4.70947382775
40.0	8.0	5.10083239688	7.19392234276
40.0	9.0	14.0891658337	3.39827688812
50.0	1.0	10.9372403519	4.03740783175
50.0	3.0	9.87081364144	4.7493300143
50.0	8.0	5.24605332253	7.21659502374
50.0	9.0	13.5446925951	3.30973410243
60.0	1.0	10.4674822272	3.99182381001
60.0	3.0	9.46166946833	4.78918620085
60.0	8.0	5.39148471328	7.23926770471
60.0	9.0	13.0479949363	3.29064131845
70.0	1.0	10.0194020088	3.86079957996
70.0	3.0	9.05084157434	4.8297583668
70.0	8.0	5.54217773177	7.25931512788
70.0	9.0	12.5512972776	3.27154853447
80.0	1.0	9.57132179044	3.73001400972
80.0	3.0	8.63433112239	4.87462640915
80.0	8.0	5.70591958706	7.27244141687
80.0	9.0	12.0992182222	3.31426863862
90.0	1.0	9.09356599159	3.59493256308
90.0	3.0	8.21782067044	4.91925579169
90.0	8.0	5.86966144235	7.28580636565
90.0	9.0	11.6519798642	3.36414853676
100.0	1.0	8.57140205461	3.45340730185
100.0	3.0	7.80131021849	4.96412383404
100.0	8.0	6.03340329764	7.29893265464
100.0	9.0	11.2217891801	3.3314521442
110.0	1.0	8.04902765252	3.31212070042
110.0	3.0	7.38458930143	5.00875321659
110.0	8.0	6.13505794558	7.3328223462
110.0	9.0	10.8086461699	3.21665678054
120.0	1.0	7.51928697159	3.23622688411
120.0	3.0	6.97207768656	5.03786971215
120.0	8.0	6.21019398972	7.37554245034
120.0	9.0	10.3955031597	3.10162275708
130.0	1.0	6.9859683838	3.18849492417
130.0	3.0	6.56503816455	5.04312022774
130.0	8.0	6.28533003386	7.41802389469
130.0	9.0	9.87502294363	3.01761450758
140.0	1.0	6.45286026112	3.14076296423
140.0	3.0	6.15820910764	5.04837074334
140.0	8.0	6.27943701079	7.46838111243
140.0	9.0	9.3278136586	2.94124337167
150.0	1.0	5.90986027828	3.10973719027
150.0	3.0	5.75138005074	5.05385991873
150.0	8.0	6.26428352289	7.51945430957
150.0	9.0	8.81070088425	2.90114852532
160.0	1.0	5.36265099326	3.08587121029
160.0	3.0	5.34434052872	5.05911043433
160.0	8.0	6.22703119849	7.56360637252
160.0	9.0	8.3634625263	2.94601656766
170.0	1.0	4.81544170823	3.06200523032
170.0	3.0	4.96276728497	5.07390734191
170.0	8.0	5.98962655483	7.54522956794
170.0	9.0	7.91622416834	2.99064595021
180.0	1.0	4.30338009651	2.98515677482
180.0	3.0	4.58393008764	5.08989754849
180.0	8.0	5.75222191118	7.52685276336
180.0	9.0	7.46603929886	3.02835419856
190.0	1.0	3.80647197269	2.88587429814
190.0	3.0	4.20509289032	5.10564909527
190.0	8.0	5.51481726752	7.50871461858
190.0	9.0	6.99101954643	3.0009083216
200.0	1.0	3.30956384886	2.78635316165
200.0	3.0	3.82625569299	5.12163930185
200.0	8.0	5.28625215846	7.50060018539
200.0	9.0	6.51599979401	2.97370110443
210.0	1.0	2.81644409701	2.69041192217
210.0	3.0	3.44405105391	5.1636434266
210.0	8.0	5.09325565294	7.53377389755
210.0	9.0	6.04098004158	2.94649388726
220.0	1.0	2.35805108824	2.62645109585
220.0	3.0	3.05658478709	5.2450264183
220.0	8.0	4.90025914741	7.56694760971
220.0	9.0	5.57101145179	2.95866553705
230.0	1.0	1.89944761437	2.56249026952
230.0	3.0	2.66911852027	5.32640941
230.0	8.0	4.70747310699	7.59988266208
230.0	9.0	5.10462076886	2.9973284246
240.0	1.0	1.4408441405	2.498768103
240.0	3.0	2.28165225345	5.40779240171
240.0	8.0	4.50942543884	7.59773472388
240.0	9.0	4.63823008593	3.03622997195
250.0	1.0	0.982451131732	2.43480727668
250.0	3.0	1.89418598663	5.48917539341
250.0	8.0	4.30822079403	7.57172080571
250.0	9.0	4.171839403	3.07489285951
260.0	1.0	0.523847657858	2.37084645035
260.0	3.0	1.55133832305	5.6664996246
260.0	8.0	4.10680568412	7.54570688754
260.0	9.0	3.71976034752	3.09875883948
270.0	1.0	0.0654546490935	2.30688562403
270.0	3.0	1.20870112458	5.84382385578
270.0	8.0	3.90560103932	7.51993162917
270.0	9.0	3.26957547803	3.12095420085
280.0	3.0	0.865853460999	6.02114808697
280.0	8.0	3.70418592941	7.493917711
280.0	9.0	2.81918014343	3.14314956223
290.0	3.0	0.552470912767	6.19918829756
290.0	8.0	3.52529058623	7.48795121601
290.0	9.0	2.36899527394	3.1653449236
300.0	3.0	0.268343014773	6.37818314734
300.0	8.0	3.34639524305	7.48198472102
300.0	9.0	2.03098830789	3.18754028497
310.0	3.0	-0.0157848832219	6.55717799713
310.0	8.0	3.16749989986	7.47601822602
310.0	9.0	1.76790692085	3.20997430615
320.0	8.0	2.98860455668	7.47005173103
320.0	9.0	1.50482553382	3.23240832732
330.0	8.0	2.95282548805	7.41921719369
330.0	9.0	1.34087321342	3.2483985339
330.0	13.0	14.8948262733	3.2448186369
340.0	8.0	2.91704641941	7.36838265635
340.0	9.0	1.32571972553	3.25484234849
340.0	13.0	14.3236239658	3.25341038969
350.0	8.0	2.88105688566	7.31778677881
350.0	9.0	1.31056623764	3.26128616308
350.0	13.0	13.7524216583	3.26200214248
360.0	8.0	2.84527781703	7.26695224147
360.0	9.0	1.29541274975	3.26772997768
360.0	13.0	13.1833240018	3.27130987467
370.0	8.0	2.79308246984	7.22733471472
370.0	9.0	1.28025926185	3.27417379227
370.0	13.0	12.634641461	3.28849338025
380.0	8.0	2.70300340292	7.21373110614
380.0	9.0	1.26510577396	3.28061760686
380.0	13.0	12.0859589202	3.30543822603
390.0	8.0	2.61271387089	7.20012749756
390.0	9.0	1.24995228607	3.28706142145
390.0	13.0	11.5398019608	3.36032997997
400.0	8.0	2.52263480397	7.18628522917
400.0	9.0	1.23479879817	3.29350523605
400.0	13.0	10.9995380244	3.50352585979
410.0	8.0	2.40582666813	7.13759863003
410.0	9.0	1.21964531028	3.29994905064
410.0	13.0	10.4594845531	3.64672173962
420.0	8.0	2.28249411389	7.0800816183
420.0	9.0	1.20449182239	3.30639286523
420.0	13.0	9.92090433753	3.77798462946
430.0	8.0	2.15916155965	7.02232594677
430.0	9.0	1.18912786938	3.31283667982
430.0	13.0	9.38611249397	3.88108566294
440.0	8.0	2.08360458529	7.02304192617
440.0	9.0	1.17397438149	3.31928049441
440.0	13.0	8.85153111552	3.98442535622
450.0	8.0	2.01351970379	7.03044037996
450.0	9.0	1.1588208936	3.32572430901
450.0	13.0	8.31673927196	4.08752638969
460.0	8.0	1.94322435717	7.03760017395
460.0	9.0	1.14366740571	3.3321681236
460.0	13.0	7.82761835719	4.18394494878
470.0	8.0	1.85040924383	7.02566718396
470.0	9.0	1.12851391781	3.33861193819
470.0	13.0	7.36901488332	4.27559031187
480.0	8.0	1.74244064259	7.00132388439
480.0	9.0	1.11336042992	3.34505575278
480.0	13.0	6.91020094433	4.36747433476
490.0	8.0	1.63468250646	6.97674192502
490.0	9.0	1.09820694203	3.35149956738
490.0	13.0	6.45159747046	4.45935835765
500.0	8.0	1.52671390522	6.95239862545
500.0	9.0	1.08305345413	3.35794338197
500.0	13.0	5.99678236856	4.54861712274
510.0	8.0	1.48419995308	7.03712285435
510.0	9.0	1.06789996624	3.36438719656
510.0	13.0	5.54386145265	4.63668258883
520.0	8.0	1.46967786052	7.16886306379
520.0	9.0	1.05274647835	3.37083101115
520.0	13.0	5.09094053673	4.72498671473
520.0	17.0	0.218041853572	6.45622490185
530.0	8.0	1.45515576795	7.30060327323
530.0	9.0	1.03759299045	3.37727482575
530.0	13.0	4.63801962082	4.81305218082
530.0	17.0	0.504274402663	6.34166819799
540.0	8.0	1.45263018664	7.33353832559
540.0	9.0	1.02243950256	3.38371864034
540.0	13.0	4.17878475161	4.89634445092
540.0	17.0	0.790506951753	6.22711149412
550.0	8.0	1.45305111685	7.34189141858
550.0	9.0	0.996131363858	3.39421967152
550.0	13.0	3.66377662836	4.93405269928
550.0	17.0	1.02201857234	6.22377025693
560.0	8.0	1.45368251218	7.35000585178
560.0	9.0	0.926046482352	3.42071090929
560.0	13.0	3.14876850511	4.97176094763
560.0	17.0	1.21669879875	6.29441355764
570.0	8.0	1.4541034424	7.35835894477
570.0	9.0	0.855961600847	3.44720214706
570.0	13.0	2.63354991674	5.00923053619
570.0	17.0	1.41158949026	6.36505685836
580.0	8.0	1.45473483773	7.36671203776
580.0	9.0	0.785666254232	3.47393204463
580.0	13.0	2.13201156051	5.0810671359
580.0	17.0	1.55954646233	6.44834912846
590.0	8.0	1.45515576795	7.37482647095
590.0	9.0	0.694534861764	3.48729699341
590.0	13.0	1.66204297071	5.23213878912
590.0	17.0	1.70203134154	6.53307335736
600.0	8.0	1.45578716328	7.38317956394
600.0	9.0	0.589302306951	3.49207018941
600.0	13.0	1.19186391581	5.38344910214
600.0	17.0	1.84472668587	6.61779758625
610.0	8.0	1.4562080935	7.39153265693
610.0	9.0	0.484069752139	3.4968433854
610.0	13.0	0.729261604852	5.53977127095
610.0	17.0	1.96384993792	6.63975428783
620.0	8.0	1.45683948883	7.39988574992
620.0	9.0	0.378837197326	3.5016165814
620.0	13.0	0.283496502666	5.70826508955
620.0	17.0	2.07708016689	6.64572078282
630.0	8.0	1.45726041905	7.40800018311
630.0	9.0	0.273604642513	3.50638977739
630.0	17.0	2.19052086098	6.65192593761
640.0	8.0	1.45789181438	7.4163532761
640.0	17.0	2.30375108996	6.65789243261
650.0	8.0	1.4583127446	7.42470636909
650.0	17.0	2.50453480454	6.68462233017
660.0	8.0	1.45894413992	7.43305946208
660.0	17.0	2.71499991417	6.71350016594
670.0	8.0	1.45936507014	7.44117389527
670.0	17.0	2.92546502379	6.7426166615
680.0	8.0	1.45999646547	7.44952698826
680.0	17.0	3.12603827327	6.77292645607
690.0	8.0	1.46041739569	7.45788008125
690.0	17.0	3.31987663923	6.80442954963
700.0	8.0	1.46104879102	7.46623317424
700.0	17.0	3.5137150052	6.83569398339
710.0	8.0	1.46146972124	7.47434760743
710.0	17.0	3.70755337116	6.86719707695
720.0	8.0	1.46210111657	7.48270070042
720.0	17.0	3.99610103646	6.80562284863
730.0	8.0	1.46252204679	7.49105379341
730.0	17.0	4.30843125914	6.72089861973
740.0	8.0	1.46315344212	7.4994068864
740.0	17.0	4.62076148183	6.63617439083
750.0	8.0	1.46357437234	7.50752131959
750.0	17.0	4.92677775122	6.61588830786
760.0	8.0	1.46420576766	7.51587441258
760.0	17.0	5.23005797419	6.62280944205
770.0	8.0	1.46462669788	7.52422750557
770.0	17.0	5.53333819716	6.62973057624
780.0	8.0	1.46525809321	7.53258059856
780.0	17.0	5.83851260612	6.62567335964
790.0	8.0	1.46567902343	7.54069503175
790.0	17.0	6.14747538705	6.59584088468
800.0	8.0	1.46631041876	7.54904812474
800.0	17.0	6.45664863309	6.56600840972
810.0	8.0	1.46673134898	7.55740121773
810.0	17.0	6.76350676293	6.52806150156
820.0	8.0	1.4671522792	7.56551565092
820.0	17.0	7.04994977713	6.4154140761
830.0	8.0	1.46778367453	7.57386874391
830.0	17.0	7.33639279133	6.30252799083
840.0	8.0	1.46820460475	7.5822218369
840.0	17.0	7.62283580553	6.18988056537
850.0	8.0	1.46883600008	7.59057492989
850.0	17.0	7.93221951668	6.06458417052
860.0	8.0	1.4692569303	7.59868936308
860.0	17.0	8.26454392478	5.92640014648
870.0	8.0	1.46988832562	7.60704245607
870.0	17.0	8.59686833287	5.78821612245
880.0	8.0	1.47030925584	7.61539554906
880.0	17.0	8.92919274097	5.65003209842
890.0	8.0	1.47094065117	7.62374864205
890.0	17.0	9.25983342819	5.5001537442
900.0	8.0	1.47136158139	7.63186307524
900.0	17.0	9.58984272009	5.34526353418
910.0	8.0	1.47199297672	7.64021616823
910.0	17.0	9.91964154687	5.19061198397
920.0	8.0	1.47241390694	7.64856926122
920.0	17.0	10.2496508388	5.03572177395
930.0	8.0	1.47304530227	7.65692235421
930.0	17.0	10.5701892007	4.9109026987
940.0	8.0	1.45999646547	7.63114709584
940.0	17.0	10.8905170976	4.78632228325
950.0	8.0	1.43368832677	7.57148214591
950.0	17.0	11.2110554595	4.661503208
960.0	8.0	1.40738018807	7.51181719598
960.0	17.0	11.5315938215	4.53668413275
970.0	8.0	1.37644181695	7.45573214305
970.0	17.0	11.9058007864	4.40971711931
980.0	8.0	1.33434879503	7.40800018311
980.0	17.0	12.3159972851	4.28107948726
990.0	8.0	1.2922557731	7.36026822316
990.0	17.0	12.7261937837	4.15268051501
1000.0	8.0	1.25121507672	7.30800172703
1000.0	17.0	13.1361798173	4.02428154277
1010.0	8.0	1.21248949655	7.2452341997
1010.0	17.0	13.4844995737	3.96676453104
1020.0	8.0	1.17355345127	7.18246667238
1020.0	17.0	13.8060902612	3.93979597367
1030.0	8.0	1.1348278711	7.11969914505
1030.0	17.0	14.1276809487	3.9125887565
1040.0	8.0	1.1259883365	7.0796042987
1040.0	17.0	14.4494821013	3.88562019913
1050.0	8.0	1.14724531257	7.06265945292
1050.0	17.0	14.7710727888	3.85865164177
1060.0	8.0	1.16829182353	7.04571460714
1060.0	17.0	15.0926634764	3.8316830844
1070.0	8.0	1.1895487996	7.02876976136
1080.0	8.0	1.21080577568	7.01182491558
1080.0	23.0	14.8630460418	6.60514861687
1090.0	8.0	1.23185228664	6.9948800698
1090.0	23.0	14.4000228006	6.47149912903
1090.0	24.0	15.3130204461	2.90854697911
1100.0	8.0	1.25310926271	6.97793522402
1100.0	23.0	13.9369995594	6.33784964119
1100.0	24.0	14.7563402312	2.9161840927
1110.0	8.0	1.27415577367	6.96099037824
1110.0	23.0	13.4104158551	6.30921046522
1110.0	24.0	14.1996600162	2.92405986609
1120.0	8.0	1.29541274975	6.94404553246
1120.0	23.0	12.8766763371	6.29202695965
1120.0	24.0	13.6429798013	2.93169697968
1130.0	8.0	1.31666972582	6.92710068668
1130.0	23.0	12.3517763537	6.26338778368
1130.0	24.0	13.0987170278	2.89780728812
1140.0	8.0	1.33771623678	6.9101558409
1140.0	23.0	11.9045379957	6.12902231644
1140.0	24.0	12.5670821608	2.82239079141
1150.0	8.0	1.35897321285	6.89321099512
1150.0	23.0	11.4572996378	5.994895509
1150.0	24.0	12.0352368288	2.7472129545
1160.0	8.0	1.38001972381	6.87626614934
1160.0	23.0	11.0100612798	5.86053004176
1160.0	24.0	11.5036019619	2.67179645779
1160.0	26.0	0.411248824208	3.28992533905
1170.0	8.0	1.40127669989	6.85932130356
1170.0	23.0	10.54956362	5.78153364806
1170.0	24.0	10.9801752343	2.68349078798
1170.0	26.0	1.0102325262	3.43670111587
1180.0	8.0	1.42253367596	6.84237645778
1180.0	23.0	10.0878031695	5.70850374935
1180.0	24.0	10.4601159484	2.73265470672
1180.0	26.0	1.6092162282	3.5834768927
1190.0	8.0	1.44358018692	6.825431612
1190.0	23.0	9.62583225383	5.63571251043
1190.0	24.0	9.9400566625	2.78181862546
1190.0	26.0	2.17073714068	3.78705370185
1200.0	8.0	1.46483716299	6.80848676623
1200.0	23.0	9.15523226871	5.54120322975
1200.0	24.0	9.42294388815	2.82692532761
1200.0	26.0	2.71605223972	4.01497381058
1210.0	8.0	1.59953483315	6.83903522059
1210.0	23.0	8.66421716795	5.39657539112
1210.0	24.0	8.91256599731	2.86248563776
1210.0	26.0	3.29377896564	4.20637896995
1220.0	8.0	1.80999994278	6.90084810871
1220.0	23.0	8.17299160209	5.25194755249
1220.0	24.0	8.40197764136	2.89804594792
1220.0	26.0	3.90412778355	4.36150783976
1230.0	8.0	2.02046505241	6.96266099684
1230.0	23.0	7.68197650133	5.10731971387
1230.0	24.0	7.89159975052	2.93336759828
1230.0	26.0	4.48038125371	4.54002536995
1240.0	8.0	2.26881388176	6.98103780142
1240.0	23.0	7.22989744586	4.92164238969
1240.0	24.0	7.38101139457	2.96892790844
1240.0	26.0	5.02274984121	4.74193156051
1250.0	8.0	2.52137201331	6.9948800698
1250.0	23.0	6.77781839038	4.73596506551
1250.0	24.0	6.89041722403	2.99016863061
1250.0	26.0	5.56511842872	4.94383775106
1260.0	8.0	2.77393014486	7.00848367839
1260.0	23.0	6.32805445111	4.59611042288
1260.0	24.0	6.4130823554	3.0018629608
1260.0	26.0	6.10643469068	5.02545940257
1270.0	8.0	3.01933246269	7.02757646236
1270.0	23.0	5.88376260469	4.56293671072
1270.0	24.0	5.93553702166	3.01355729098
1270.0	26.0	6.64775095263	5.09371610528
1280.0	8.0	3.25379059481	7.05478367953
1280.0	23.0	5.43926029316	4.53000165836
1280.0	24.0	5.45820215303	3.02525162117
1280.0	26.0	7.18001721487	5.10731971387
1290.0	8.0	3.48824872693	7.0819908967
1290.0	23.0	4.99496844674	4.4968279462
1290.0	24.0	4.97560565666	3.02835419856
1290.0	26.0	7.70996836091	5.10731971387
1300.0	8.0	3.72291732417	7.10943677366
1300.0	23.0	4.5218428803	4.46962072903
1300.0	24.0	4.48774753255	3.02286502317
1300.0	26.0	8.23823578607	5.09371610528
1310.0	8.0	3.88034522617	7.12113110385
1310.0	23.0	4.03608940729	4.44527742946
1310.0	24.0	3.99988940843	3.01737584778
1310.0	26.0	8.7505078629	4.95863465865
1320.0	8.0	4.02956498889	7.13091615564
1320.0	23.0	3.55033593427	4.42069547009
1320.0	24.0	3.51182081921	3.01188667238
1320.0	26.0	9.26256947462	4.82331455221
1330.0	8.0	4.17857428651	7.14093986723
1330.0	23.0	3.06479292637	4.39635217052
1330.0	24.0	3.01975339291	3.00305625979
1330.0	26.0	9.77757759787	4.67940269298
1340.0	8.0	4.32758358412	7.15096357881
1340.0	23.0	2.61629177775	4.34766557138
1340.0	24.0	2.48980224687	2.96343873304
1340.0	26.0	10.3176310692	4.45649444005
1350.0	8.0	4.47091032378	7.163851208
1350.0	23.0	2.17747202419	4.29325113705
1350.0	24.0	1.95964063572	2.92358254649
1350.0	26.0	10.8578950056	4.23382484692
1360.0	8.0	4.56035799537	7.20442337395
1360.0	23.0	1.73844180551	4.23859804291
1360.0	24.0	1.42968948969	2.88372635994
1360.0	26.0	11.4046833604	4.01616710958
1370.0	8.0	4.65001613207	7.2449955399
1370.0	23.0	1.27057786681	4.17941041258
1370.0	24.0	0.89952787854	2.84410883319
1370.0	26.0	12.0108228761	3.84433205378
1380.0	8.0	4.73946380366	7.28580636565
1380.0	23.0	0.735786023251	4.10996041087
1380.0	24.0	0.369576732502	2.80425264663
1380.0	26.0	12.6169623918	3.67249699799
1390.0	8.0	4.82912194036	7.3263785316
1390.0	23.0	0.200783714583	4.04027174935
1390.0	26.0	13.2420437674	3.56462276852
1400.0	8.0	4.86048124169	7.34236873818
1400.0	26.0	13.8797530496	3.499707303
1410.0	8.0	4.80470798764	7.32112801601
1410.0	26.0	14.5176727969	3.43455317768
1420.0	8.0	4.7491451987	7.30012595363
1420.0	26.0	15.155382079	3.36939905235
1430.0	8.0	4.69337194465	7.27912389126
1440.0	8.0	4.53552311243	7.2466661585
1450.0	8.0	4.37767428021	7.21396976594
1460.0	8.0	4.21982544799	7.18151203318
1470.0	8.0	4.06197661577	7.14905430042
1480.0	8.0	3.90496964399	7.12113110385
1490.0	8.0	3.74838360243	7.09678780428
1500.0	8.0	3.59200802598	7.07220584491
1510.0	8.0	3.43542198442	7.04786254534
1520.0	8.0	3.27631036154	7.04762388554
1530.0	8.0	3.11635687823	7.05812491673
1540.0	8.0	2.9561929298	7.06838728811
1550.0	8.0	2.79602898138	7.0788883193
1560.0	8.0	2.64175805602	7.08915069069
1560.0	30.0	15.0097402232	4.55935681373
1570.0	8.0	2.54115573362	7.09965172188
1570.0	30.0	14.343197221	4.54933310214
1580.0	8.0	2.44055341122	7.10991409326
1580.0	30.0	13.6766542188	4.53954805035
1590.0	8.0	2.34647550722	7.11206203146
1590.0	30.0	13.0362088902	4.56794856652
1600.0	8.0	2.25408132409	7.11206203146
1600.0	30.0	12.4216507701	4.63477331044
1610.0	8.0	2.16168714096	7.11206203146
1610.0	30.0	11.80709265	4.70159805435
1620.0	8.0	2.06929295784	7.11206203146
1620.0	30.0	11.1931659252	4.71162176594
1630.0	8.0	1.97605691427	7.0824682163
1630.0	30.0	10.5794496655	4.72140681773
1640.0	8.0	1.88239994049	7.03998677195
1640.0	30.0	9.96510201055	4.67964135278
1650.0	8.0	1.78895343182	6.9975053276
1650.0	30.0	9.35054389044	4.60327021687
1660.0	8.0	1.69550692314	6.95502388325
1660.0	30.0	8.73766949121	4.52689908096
1660.0	32.0	0.0391465103903	4.02595216137
1670.0	8.0	1.62500111142	6.91994089269
1670.0	30.0	8.13952764966	4.45172124405
1670.0	32.0	0.540053471299	4.05053412074
1680.0	8.0	1.64709994793	6.9134970781
1680.0	30.0	7.55296138913	4.39134031473
1680.0	32.0	1.0407499671	4.07535473991
1690.0	8.0	1.66940924955	6.90729192331
1690.0	30.0	7.01374977827	4.39134031473
1690.0	32.0	1.5414464629	4.09993669928
1700.0	8.0	1.69150808606	6.90108676851
1700.0	30.0	6.44212654053	4.40446660371
1700.0	32.0	2.02888365679	4.13048515364
1710.0	8.0	1.71360692257	6.89464295392
1710.0	30.0	5.8490358616	4.42594598569
1710.0	32.0	2.51295340893	4.162226907
1720.0	8.0	1.73570575908	6.88843779913
1720.0	30.0	5.29109285599	4.38943103633
1720.0	32.0	2.99702316107	4.19396866036
1730.0	8.0	1.7580150607	6.88223264434
1730.0	30.0	4.78597659288	4.26532794048
1730.0	32.0	3.37438710263	4.37320216995
1740.0	8.0	1.78011389721	6.87602748954
1740.0	30.0	4.28086032978	4.14122484463
1740.0	32.0	3.72523244037	4.58918928869
1750.0	8.0	1.84830459273	6.87053831415
1750.0	30.0	3.74691034666	4.09182226609
1750.0	32.0	4.09228359156	4.7467047565
1760.0	8.0	1.94743365937	6.86600377796
1760.0	30.0	3.21001385201	4.05053412074
1760.0	32.0	4.46649055647	4.87916094534
1770.0	8.0	2.046562726	6.86123058196
1770.0	30.0	2.67290689224	4.00948463519
1770.0	32.0	4.79165915084	4.89252589413
1780.0	8.0	2.14548132752	6.85645738597
1780.0	30.0	2.0989685383	4.04194236795
1780.0	32.0	5.11114518726	4.89252589413
1790.0	8.0	2.24461039416	6.85192284977
1790.0	30.0	1.52481971924	4.07463876051
1790.0	32.0	5.37359517896	4.89538981172
1800.0	8.0	2.26797202132	6.85812800457
1800.0	30.0	0.950881365288	4.10709649327
1800.0	32.0	5.4072695965	4.90970939971
1810.0	8.0	2.21598713925	6.87531151015
1810.0	30.0	0.376943011339	4.13955422603
1810.0	32.0	5.44094401404	4.92402898769
1820.0	8.0	2.16379179206	6.89249501572
1820.0	32.0	5.47461843158	4.93834857567
1830.0	8.0	2.11180690998	6.9099171811
1830.0	32.0	5.50829284912	4.95266816365
1840.0	8.0	2.05982202791	6.92710068668
1840.0	32.0	5.54196726666	4.96698775164
1850.0	8.0	2.00762668072	6.94428419226
1850.0	32.0	5.5756416842	4.98130733962
1860.0	8.0	1.95564179864	6.96146769784
1860.0	32.0	5.60931610174	4.9956269276
1870.0	8.0	1.90344645145	6.97865120342
1870.0	32.0	5.64299051928	5.00994651558
1880.0	8.0	1.85146156938	6.995834709
1880.0	32.0	5.67666493682	5.02426610357
1890.0	8.0	1.79926622219	7.01325687438
1890.0	32.0	5.73159633043	5.04359754734
1900.0	8.0	1.63026273916	6.96743419283
1900.0	32.0	5.87197655855	5.0834537339
1910.0	8.0	1.43179414078	6.90609862431
1910.0	32.0	6.01235678667	5.12330992045
1920.0	8.0	1.23332554241	6.84476305578
1920.0	32.0	6.07907422642	5.14359600342
1930.0	8.0	1.01254764241	6.81158934362
1930.0	32.0	6.12727073653	5.15934755021
1940.0	8.0	0.739574395224	6.84380841658
1940.0	32.0	6.17567771174	5.17509909699
1950.0	8.0	0.46639068293	6.87602748954
1950.0	32.0	6.22387422185	5.19061198397
1960.0	8.0	0.193417435746	6.90824656251
1960.0	32.0	6.27228119706	5.20636353075
1970.0	32.0	6.32047770716	5.22187641773
1980.0	32.0	6.48758700421	5.14908517882
1990.0	32.0	6.70562885778	5.03834703175
2000.0	32.0	6.92346024624	4.92737022488
2010.0	32.0	7.29156372298	4.84240733619
2020.0	32.0	7.67608347826	4.76006970528
2030.0	32.0	8.06081369866	4.67773207438
2040.0	32.0	8.51289275413	4.58942794849
2050.0	32.0	8.96497180961	4.5008851628
2060.0	32.0	9.41410435355	4.42475268669
2070.0	32.0	9.85608108376	4.37702072674
2080.0	32.0	10.298057814	4.3292887668
2090.0	32.0	10.7459275673	4.29301247725
2100.0	32.0	11.2072670876	4.28394340486
2110.0	32.0	11.6686066079	4.27487433247
2120.0	32.0	12.1779321732	4.21353876394
2130.0	32.0	12.707462389	4.13000783404
2140.0	32.0	13.2372030699	4.04647690414
2150.0	32.0	13.7669437508	3.96294597424
2160.0	32.0	14.2964739666	3.87941504434
2170.0	32.0	14.8262146476	3.79588411444
2930.0	42.0	-0.0926046482352	5.76124756508
2940.0	42.0	0.454604636791	5.73738158511
2950.0	42.0	1.00181392182	5.71351560514
2960.0	42.0	1.54902320684	5.68964962517
2970.0	42.0	2.06866156251	5.69704807896
2980.0	42.0	2.57019991875	5.72497127553
2990.0	42.0	3.07152780987	5.75313313189
3000.0	42.0	3.56822546859	5.77676045206
3010.0	42.0	4.04598126744	5.78320426666
3020.0	42.0	4.5239475314	5.78964808125
3030.0	42.0	5.00170333025	5.79609189584
3030.0	43.0	14.7361355807	4.60207691787
3040.0	42.0	5.49313936123	5.80229705063
3040.0	43.0	14.0611739741	4.65147949642
3040.0	45.0	0.112809298759	4.1629428864
3050.0	42.0	5.99825562433	5.80826354563
3050.0	43.0	13.3862123675	4.70088207496
3050.0	45.0	0.6690685835	4.06055783232
3060.0	42.0	6.50337188743	5.81423004062
3060.0	43.0	12.7331391323	4.68560784777
3060.0	45.0	1.22511740313	3.95841143805
3070.0	42.0	7.00848815053	5.82019653561
3070.0	43.0	12.1017438035	4.60613413447
3070.0	45.0	1.77443133925	3.86414081716
3080.0	42.0	7.50960557655	5.81995787581
3080.0	43.0	11.4703484746	4.52666042116
3080.0	45.0	2.26165806804	3.84385473418
3090.0	42.0	8.00651370037	5.81327540142
3090.0	43.0	10.812645007	4.50374908039
3090.0	45.0	2.74867433171	3.82332999141
3100.0	42.0	8.5034218242	5.80683158683
3100.0	43.0	10.1286334007	4.53787743175
3100.0	45.0	3.23569059538	3.80280524863
3110.0	42.0	9.00032994803	5.80014911244
3110.0	43.0	9.44462179445	4.57200578311
3110.0	45.0	3.75111964886	3.76175576308
3120.0	42.0	9.4808217933	5.7457346781
3120.0	43.0	8.78355088511	4.67630011559
3120.0	45.0	4.2854905622	3.70662534935
3130.0	42.0	9.9596299177	5.68606972817
3130.0	43.0	8.13258230104	4.81042692302
3130.0	45.0	4.81965101042	3.65149493562
3130.0	47.0	0.447027892845	3.27178719427
3140.0	42.0	10.4384380421	5.62640477824
3140.0	43.0	7.48140325186	4.94479239026
3140.0	45.0	5.35381145865	3.59636452188
3140.0	47.0	0.880796483783	3.33694131959
3150.0	42.0	10.9172461665	5.56673982832
3150.0	43.0	6.82306838895	5.04264290815
3150.0	45.0	5.88249981403	3.57583977911
3150.0	47.0	1.31435460961	3.40209544492
3160.0	42.0	11.4703484746	5.48201559942
3160.0	43.0	6.15778817742	5.10421713647
3160.0	45.0	6.4086625881	3.57035060371
3160.0	47.0	1.7535952934	3.46056709585
3170.0	42.0	12.031658922	5.39442745292
3170.0	43.0	5.4925079659	5.1657913648
3170.0	45.0	6.93482536216	3.56462276852
3170.0	47.0	2.2412429524	3.46056709585
3180.0	42.0	12.5927589042	5.30707796623
3180.0	43.0	4.82701728926	5.21829652073
3180.0	45.0	7.46098813622	3.55889493333
3180.0	47.0	2.7288906114	3.46056709585
3190.0	42.0	13.0989274929	5.2445490987
3190.0	43.0	4.16173707774	5.25672074849
3190.0	45.0	7.96568346911	3.49374080801
3190.0	47.0	3.21653827041	3.46056709585
3190.0	48.0	0.294651153476	3.43670111587
3200.0	42.0	13.5987821282	5.18488414877
3200.0	43.0	3.49645686621	5.29514497624
3200.0	45.0	8.4487008957	3.36892173276
3200.0	47.0	3.70418592941	3.46056709585
3200.0	48.0	0.79829416081	3.39398101172
3210.0	42.0	14.1041088564	5.08679497109
3210.0	43.0	2.82844060826	5.32044291501
3210.0	45.0	8.9319287874	3.2441026575
3210.0	47.0	4.21919405266	3.44171297167
3210.0	48.0	1.30193716814	3.35149956738
3220.0	42.0	14.6153286077	4.95052022546
3220.0	43.0	2.15389993191	5.31495373962
3220.0	45.0	9.41494621399	3.11928358225
3220.0	47.0	4.73441264103	3.42285884749
3220.0	48.0	1.79716157109	3.31593925722
3230.0	42.0	15.1263378939	4.81400682002
3230.0	43.0	1.47956972067	5.30970322402
3230.0	45.0	9.90364619854	3.0013856412
3230.0	47.0	5.24942076428	3.40400472331
3230.0	48.0	2.25892202161	3.30949544263
3240.0	43.0	0.805029044318	5.30421404863
3240.0	45.0	10.4422264141	2.94530058826
3240.0	47.0	5.76948005016	3.38276400114
3240.0	48.0	2.72089293724	3.30281296823
3250.0	43.0	0.130488367968	5.29872487324
3250.0	45.0	10.9808066296	2.88921553533
3250.0	47.0	6.30911259124	3.35221554678
3250.0	48.0	3.18265338776	3.29613049384
3260.0	45.0	11.51917638	2.8331304824
3260.0	47.0	6.84874513232	3.32166709241
3260.0	48.0	3.66104058194	3.28634544205
3270.0	45.0	12.0737519439	2.80616192503
3270.0	47.0	7.3883776734	3.29111863805
3270.0	48.0	4.15037196182	3.27441245207
3280.0	45.0	12.6348519261	2.79160367725
3280.0	47.0	7.92106486587	3.27130987467
3280.0	48.0	4.63970334169	3.26247946208
3290.0	45.0	13.1961623735	2.77704542947
3290.0	47.0	8.43712531467	3.27703770987
3290.0	48.0	5.12903472157	3.2505464721
3300.0	45.0	13.7448449143	2.79160367725
3300.0	47.0	8.95318576347	3.28276554506
3300.0	48.0	5.61078935751	3.2457732761
3310.0	45.0	14.2745855952	2.84912068898
3310.0	47.0	9.46945667738	3.28849338025
3310.0	48.0	6.08749283081	3.2457732761
3320.0	45.0	14.8043262762	2.90663770071
3320.0	47.0	9.9836229402	3.29493719484
3320.0	48.0	6.563985839	3.2457732761
3330.0	45.0	15.3342774222	2.96439337224
3330.0	47.0	10.4803205989	3.30925678283
3330.0	48.0	7.05016024224	3.2481598741
3340.0	47.0	10.9770182576	3.32357637081
3340.0	48.0	7.57358696987	3.25985420429
3340.0	51.0	0.429559288746	3.24219337911
3350.0	47.0	11.4737159163	3.33789595879
3350.0	48.0	8.09722416262	3.27130987467
3350.0	51.0	1.0298057814	3.23336296652
3360.0	47.0	11.9704135751	3.35221554678
3360.0	48.0	8.62086135537	3.28300420486
3360.0	51.0	1.62984180894	3.22453255393
3370.0	47.0	12.4652170478	3.36247791816
3370.0	48.0	9.14597180389	3.29350523605
3370.0	51.0	2.17368365221	3.19589337796
3380.0	47.0	12.9425519164	3.33694131959
3380.0	48.0	9.68581481008	3.29350523605
3380.0	51.0	2.69332200788	3.15842378941
3390.0	47.0	13.4198867851	3.31140472102
3390.0	48.0	10.2254473512	3.29350523605
3390.0	51.0	3.21296036354	3.12119286065
3400.0	47.0	13.8970111886	3.28586812245
3400.0	48.0	10.7650798922	3.29350523605
3400.0	51.0	3.74859406754	3.07680213791
3410.0	47.0	14.3743460572	3.26033152389
3410.0	48.0	11.2998717358	3.28515214306
3410.0	51.0	4.30022311987	3.02525162117
3420.0	47.0	14.8516809258	3.23479492532
3420.0	48.0	11.8155112544	3.24338667811
3420.0	51.0	4.85206263731	2.97346244463
3430.0	47.0	15.3290157945	3.20901966695
3430.0	48.0	12.331150773	3.20162121316
3430.0	51.0	5.40390215475	2.92191192789
3440.0	48.0	12.8467902915	3.15985574821
3440.0	51.0	5.99215213615	2.89327275193
3450.0	48.0	13.3651658565	3.12071554105
3450.0	51.0	6.58966258238	2.87012275135
3460.0	48.0	13.8944856073	3.09183770529
3460.0	51.0	7.18696256349	2.84697275078
3470.0	48.0	14.423805358	3.06272120972
3470.0	51.0	7.78173696329	2.8314598638
3480.0	48.0	14.9531251087	3.03384337396
3480.0	51.0	8.37545903755	2.81928821401
3490.0	51.0	8.96897064669	2.80711656423
3500.0	51.0	9.56269272095	2.79470625464
3510.0	51.0	10.1825124688	2.77227223347
3520.0	51.0	10.8090671001	2.7474516143
3530.0	51.0	11.4356217315	2.72239233533
3540.0	51.0	12.0621763629	2.69733305636
3550.0	51.0	12.6885205291	2.67251243719
3560.0	51.0	13.3150751605	2.64745315822
3570.0	51.0	13.9416297918	2.62239387925
3580.0	51.0	14.5681844232	2.59757326008
3590.0	51.0	15.1945285894	2.57251398111
3630.0	58.0	14.8569425536	4.7459887771
3640.0	58.0	14.4743169843	4.93047280228
3650.0	58.0	14.0422321142	5.11113827066
3650.0	59.0	14.9975332468	4.38704443833
3660.0	58.0	13.4950228292	5.28297332646
3660.0	59.0	14.4898914024	4.5837001133
3660.0	57.0	0.211096504954	6.31135840342
3670.0	58.0	12.9478135442	5.45480838225
3670.0	59.0	13.982249558	4.78011712846
3670.0	57.0	0.639393003042	5.94095839427
3680.0	58.0	12.4414344904	5.55051096194
3680.0	59.0	13.4748181787	4.97677280342
3680.0	57.0	1.06747903602	5.57055838511
3690.0	58.0	11.945368227	5.62735941744
3690.0	59.0	12.9541274975	5.07366868211
3690.0	57.0	1.51892669617	5.23667332531
3700.0	58.0	11.4493019636	5.70396921315
3700.0	59.0	12.4279647234	5.12784445664
3700.0	57.0	2.06255807433	5.04765476394
3710.0	58.0	11.0428938369	5.78630684405
3710.0	59.0	11.9207438092	5.17414445779
3710.0	57.0	2.60618945249	4.85863620257
3720.0	58.0	10.6364857103	5.86864447495
3720.0	59.0	11.4324647549	5.21233002574
3720.0	57.0	3.11004292494	4.5786882575
3730.0	58.0	10.2351287462	5.95575530185
3730.0	59.0	10.9441857005	5.2505155937
3730.0	57.0	3.60379407212	4.27559031187
3740.0	58.0	9.87944271093	6.08749551129
3740.0	59.0	10.5057868772	5.34001301859
3740.0	57.0	4.09712428908	3.99039185121
3750.0	58.0	9.52396714077	6.21923572073
3750.0	59.0	10.0671775887	5.42951044348
3750.0	57.0	4.58813938984	3.77559803147
3760.0	58.0	9.15249622229	6.35216922917
3760.0	59.0	9.63004155603	5.61375580886
3760.0	57.0	5.07915449059	3.56080421172
3770.0	58.0	8.71809623602	6.49083057281
3770.0	59.0	9.19332645355	5.86124602116
3770.0	57.0	5.59332075341	3.36987637195
3780.0	58.0	8.28348578464	6.62925325664
3780.0	59.0	8.75682181619	6.10873623347
3780.0	57.0	6.19946026913	3.27441245207
3790.0	58.0	7.84045672888	6.75574295049
3790.0	59.0	8.27317299427	6.13355685264
3790.0	57.0	6.80559978485	3.17894853218
3800.0	58.0	7.32144976854	6.77149449727
3800.0	59.0	7.7840520795	6.13355685264
3800.0	57.0	7.38037999924	3.2505464721
3800.0	63.0	15.2928157956	2.79780883204
3810.0	58.0	6.8022323431	6.78748470385
3810.0	59.0	7.29514162984	6.13355685264
3810.0	57.0	7.9414799815	3.39374235193
3810.0	63.0	14.8394739495	2.72430161373
3820.0	58.0	6.28301491765	6.80108831243
3820.0	59.0	6.81738583099	6.13021561544
3820.0	57.0	8.50279042887	3.53693823175
3820.0	63.0	14.3852902429	2.67298975679
3830.0	58.0	5.76400795731	6.79297387924
3830.0	59.0	6.35099514806	6.12377180085
3830.0	57.0	9.07104622486	3.66939442059
3830.0	63.0	13.9292123503	2.67298975679
3840.0	58.0	5.24479053187	6.78509810585
3840.0	59.0	5.88439400002	6.11732798626
3840.0	57.0	9.64224853238	3.79731607324
3840.0	63.0	13.5259612003	2.59351604349
3850.0	58.0	4.72873008307	6.78032490986
3850.0	59.0	5.41800331709	6.11088417166
3850.0	57.0	10.213661305	3.92499906609
3850.0	63.0	13.1751158626	2.43432995708
3860.0	58.0	4.24108242406	6.80347491043
3860.0	59.0	4.94677193664	6.08415427409
3860.0	57.0	10.6747903602	4.03096401716
3860.0	63.0	12.8474216869	2.2517552103
3860.0	64.0	15.0061623163	3.3355093608
3870.0	58.0	3.75343476506	6.8268635708
3870.0	59.0	4.47448823064	6.05241252073
3870.0	57.0	11.123712439	4.13430371044
3870.0	63.0	12.5546647194	2.03385881316
3870.0	64.0	14.585232097	3.04076450815
3880.0	58.0	3.26578710606	6.85001357138
3880.0	59.0	4.00220452464	6.02067076737
3880.0	57.0	11.572844983	4.23788206351
3880.0	63.0	12.2675903099	1.81858767382
3880.0	64.0	14.1767193193	2.81093512103
3890.0	58.0	2.77813944706	6.87340223175
3890.0	59.0	3.52971035353	5.98869035421
3890.0	57.0	12.1070054312	4.24217793991
3890.0	63.0	12.0318693871	1.62765983405
3890.0	64.0	13.7869379362	2.67824027238
3900.0	58.0	2.2761801606	6.75860686809
3900.0	59.0	3.05174408957	5.95122076565
3900.0	57.0	12.6506368094	4.23549546551
3900.0	63.0	11.7961484643	1.43673199427
3900.0	64.0	13.3973670183	2.54578408354
3910.0	58.0	1.77443133925	6.64381150442
3910.0	59.0	2.56072898881	5.90062488812
3910.0	57.0	13.1944786526	4.22881299112
3910.0	63.0	11.6406147483	1.18685518397
3910.0	64.0	13.0961914464	2.328365006
3920.0	58.0	1.2724720528	6.52925480056
3920.0	59.0	2.06950342295	5.85002901058
3920.0	57.0	13.7252716591	4.17988773218
3920.0	63.0	11.5385391701	0.897599506722
3920.0	64.0	12.8331100594	2.07490829871
3930.0	58.0	0.770723231449	6.4144594369
3930.0	59.0	1.57848832219	5.79943313304
3930.0	57.0	14.2259681549	4.03167999656
3930.0	63.0	11.4364635919	0.60810516967
3930.0	64.0	12.5700286724	1.82121293161
3940.0	58.0	0.268763944992	6.29966407324
3940.0	59.0	1.0824220588	5.68869498597
3940.0	57.0	14.7266646507	3.88347226094
3940.0	63.0	11.3316519673	0.348920627181
3940.0	64.0	12.3069472854	1.53792374935
3950.0	59.0	0.586355795417	5.5777181791
3950.0	57.0	15.2275716116	3.73550318511
3950.0	63.0	11.2203159244	0.159424746209
3950.0	64.0	12.0438658983	1.22456343233
3960.0	59.0	0.0902895320294	5.46698003204
3960.0	63.0	11.1087694163	-0.0300711347639
3960.0	64.0	11.7807845113	0.911441775106
3970.0	63.0	10.9974333733	-0.219805675536
3970.0	64.0	11.5385391701	0.620515479255
3980.0	64.0	11.3447008041	0.381855679542
3990.0	64.0	11.1508624382	0.143195879828
4000.0	64.0	10.9570240722	-0.0954639198854
4010.0	64.0	10.7629752411	-0.334123719599
4010.0	65.0	12.6228554149	12.3427688618
4020.0	65.0	12.7099879703	12.0110317402
4030.0	65.0	12.7973309908	11.6792946186
4040.0	65.0	12.8846740113	11.3473188372
4050.0	65.0	12.9718065667	11.0155817156
4060.0	65.0	13.0042181935	10.7339631519
4070.0	65.0	12.9997984262	10.4855183004
4080.0	65.0	12.995589124	10.2370734489
4090.0	65.0	12.9913798219	9.98862859741
4100.0	65.0	12.9869600546	9.74018374591
4110.0	65.0	12.987801915	9.48648837881
4120.0	65.0	12.9909588916	9.23016775392
4130.0	65.0	12.9941158683	8.97384712903
4140.0	65.0	12.9970623798	8.71776516393
4150.0	65.0	13.0002193565	8.46144453904
4160.0	65.0	13.0033763331	8.20536257395
4170.0	65.0	13.0065333097	7.94904194906
4180.0	65.0	12.9492867999	7.663127509
4190.0	65.0	12.8855158717	7.37387183175
4200.0	65.0	12.8217449435	7.08461615449
4210.0	65.0	12.6973600637	6.8256702718
4220.0	65.0	12.532776348	6.58701047209
4230.0	65.0	12.3300984474	6.37985376594
4240.0	65.0	12.0392356659	6.2466815977
4250.0	65.0	11.7483728844	6.11327076966
4260.0	65.0	11.4572996378	5.97985994162
4270.0	65.0	11.0955101143	5.97818932302
4280.0	65.0	10.7257229167	5.99107695221
4290.0	65.0	10.3559357191	6.00396458139
4300.0	65.0	9.98846363772	6.02973983976
4310.0	65.0	9.63025202114	6.10706561487
4320.0	65.0	9.27182993944	6.18463004977
4330.0	65.0	8.91340785775	6.26195582488
4340.0	65.0	8.54698810189	6.34357747638
4350.0	65.0	8.17236020676	6.42949500428
4360.0	65.0	7.79773231163	6.51541253218
4370.0	65.0	7.42310441649	6.60133006007
4380.0	65.0	7.04847652136	6.68724758797
4390.0	65.0	6.6645881614	6.75526563089
4400.0	65.0	6.27122887151	6.80562284863
4410.0	65.0	5.87808004673	6.85574140657
4420.0	65.0	5.48493122195	6.90609862431
4430.0	65.0	5.10904053616	6.94905738826
4440.0	65.0	4.74072659432	6.98867491501
4450.0	65.0	4.37241265247	7.02853110156
4460.0	65.0	4.00409871063	7.06838728811
4470.0	65.0	3.63578476878	7.10800481487
4480.0	65.0	3.25463245525	7.0827068761
4490.0	65.0	2.87179642084	7.05024914334
4500.0	65.0	2.48917085154	7.01779141057
4510.0	65.0	2.10654528224	6.98509501801
4520.0	65.0	1.75338482829	7.01254089498
4530.0	65.0	1.42947902458	7.09965172188
4540.0	65.0	1.10578368597	7.18676254877
4550.0	65.0	0.781877882259	7.27411203547
4560.0	65.0	0.458182543655	7.36122286236
4570.0	65.0	0.134276739941	7.44857234906
4750.0	73.0	14.7205611625	4.65171815621
4760.0	73.0	14.1074762982	4.59992897968
4770.0	73.0	13.5091239915	4.54098000915
4780.0	73.0	12.9688600551	4.45339186265
4790.0	73.0	12.4285961187	4.36580371616
4800.0	73.0	11.882018229	4.32117433361
4810.0	73.0	11.3089217355	4.44694804806
4820.0	73.0	10.7360357071	4.57296042231
4830.0	73.0	10.1631496787	4.69897279656
4840.0	73.0	9.59931365002	4.70995114734
4850.0	73.0	9.04158110951	4.64431970242
4860.0	73.0	8.48384856901	4.5786882575
4870.0	73.0	7.9261160285	4.51305681258
4880.0	73.0	7.38732534786	4.4111490781
4890.0	73.0	6.86116257379	4.28537536365
4900.0	73.0	6.33499979973	4.15936298941
4910.0	73.0	5.80883702566	4.03335061516
4920.0	73.0	5.25489285713	3.98299339742
4930.0	73.0	4.70115915371	3.93287483948
4940.0	73.0	4.14721498517	3.88251762174
4950.0	73.0	3.59811151416	3.8281031874
4960.0	73.0	3.06710804257	3.75698256709
4970.0	73.0	2.5363150361	3.68562328697
4980.0	73.0	2.00531156451	3.61450266666
4990.0	73.0	1.47451855804	3.54314338655
5000.0	73.0	0.943725551561	3.47202276623
5010.0	73.0	0.412722079976	3.40066348612
5020.0	73.0	-0.1180709265	3.3295428658
5030.0	77.0	14.9165041796	7.48460997881
5040.0	77.0	14.587126283	7.1628965688
5040.0	78.0	15.1440169631	7.37029193475
5050.0	77.0	14.2695344326	6.85454810757
5050.0	78.0	14.9047181335	7.02304192617
5060.0	77.0	14.059069323	6.6652908864
5060.0	78.0	14.6656297689	6.67603057738
5070.0	77.0	13.8486042134	6.47579500542
5070.0	78.0	14.4324344275	6.34453211558
5080.0	77.0	13.6452949175	6.29178829985
5080.0	78.0	14.2084995508	6.03666097395
5090.0	77.0	13.4710298067	6.12806767724
5090.0	78.0	13.9843542091	5.72855117252
5100.0	77.0	13.2965542308	5.96434705464
5100.0	78.0	13.7418984028	5.46196817624
5100.0	82.0	15.0693018492	6.10969087266
5110.0	77.0	13.12228912	5.80086509184
5110.0	78.0	13.456297249	5.29132641945
5110.0	82.0	14.8167437176	6.12568107925
5120.0	77.0	12.9025635456	5.73356302832
5120.0	78.0	13.1706960953	5.12092332245
5120.0	82.0	14.5641855861	6.14143262603
5120.0	85.0	0.341163942703	2.90735368011
5130.0	77.0	12.6636856462	5.70778776995
5130.0	78.0	12.8728879651	5.02235682517
5130.0	82.0	14.3116274545	6.15742283261
5130.0	85.0	0.686958117818	2.89876192732
5130.0	83.0	0.147325576738	6.73020635192
5140.0	77.0	12.4248077467	5.68201251158
5140.0	78.0	12.5630833238	4.9958655874
5140.0	82.0	14.0771693224	6.02783056136
5140.0	85.0	1.03275229293	2.89040883433
5140.0	83.0	0.491015100756	6.45169036565
5150.0	77.0	12.1859298473	5.65623725321
5150.0	78.0	12.2530682173	4.96937434963
5150.0	82.0	13.8425007252	5.89823829012
5150.0	85.0	1.16366159112	2.89303409213
5150.0	83.0	0.834915089884	6.17341303919
5150.0	84.0	0.189418598663	5.79943313304
5160.0	77.0	11.9022228795	5.63022333504
5160.0	78.0	11.9432635759	4.94288311187
5160.0	82.0	13.6080425931	5.76864601887
5160.0	85.0	1.2025976364	2.90019388612
5160.0	83.0	1.1786046139	5.89489705292
5160.0	84.0	0.649284863195	5.58726457109
5170.0	77.0	11.6185159118	5.60444807667
5170.0	78.0	11.6071507958	4.94622434906
5170.0	82.0	13.2889774869	5.62974601544
5170.0	85.0	1.24132321657	2.90759233991
5170.0	83.0	1.57469995022	5.78964808125
5170.0	84.0	1.10915112773	5.37509600915
5180.0	77.0	11.3350194091	5.5784341585
5180.0	78.0	11.2680915042	4.95290682345
5180.0	82.0	12.8850949415	5.48153827982
5180.0	85.0	1.28025926185	2.9149907937
5180.0	83.0	1.97100575164	5.68439910957
5180.0	84.0	1.55744181123	5.21185270614
5190.0	77.0	11.0513124413	5.55242024033
5190.0	78.0	10.9290322126	4.95958929785
5190.0	82.0	12.4812123961	5.3330918844
5190.0	85.0	1.31919530713	2.92238924749
5190.0	83.0	2.36710108796	5.5789114781
5190.0	84.0	1.97837203048	5.1624501276
5200.0	77.0	10.7831798917	5.55838673533
5200.0	78.0	10.620700827	4.96197589584
5200.0	82.0	12.0773298508	5.18464548897
5200.0	85.0	1.3579208873	2.92954904148
5200.0	83.0	2.80592084153	5.44263673247
5200.0	84.0	2.39930224973	5.11304754906
5210.0	77.0	10.5381985041	5.61184653046
5210.0	78.0	10.3839275787	4.95433878225
5210.0	82.0	11.7704717209	4.9941949688
5210.0	85.0	1.39875111857	2.93909543347
5210.0	83.0	3.27294291979	5.28535992445
5210.0	84.0	2.83117665468	5.0004001236
5220.0	77.0	10.2934275816	5.6655449854
5220.0	78.0	10.1471543304	4.94694032846
5220.0	82.0	11.4880275438	4.79324341744
5220.0	85.0	1.44736855889	2.95747223805
5220.0	83.0	3.74017546316	5.12832177624
5220.0	84.0	3.27925687308	4.79252743805
5230.0	77.0	10.0486566591	5.71900478053
5230.0	78.0	9.91038108205	4.94503105006
5230.0	82.0	11.2055833667	4.59229186609
5230.0	85.0	1.49598599922	2.97584904263
5230.0	83.0	4.20719754141	4.97104496823
5230.0	84.0	3.72733709147	4.5846547525
5240.0	77.0	9.80388573658	5.77270323547
5240.0	78.0	9.67402876394	4.9937176492
5240.0	82.0	10.9231391896	4.39134031473
5240.0	85.0	1.54439297443	2.9942258472
5240.0	83.0	4.64264985323	4.80875630443
5240.0	84.0	4.16931382168	4.38370320114
5250.0	77.0	9.57405783687	5.81852591701
5250.0	78.0	9.43788691094	5.04264290815
5250.0	82.0	10.6600578025	4.28895526065
5250.0	85.0	1.59301041476	3.01260265178
5250.0	83.0	5.0465323986	4.64097846523
5250.0	84.0	4.59697892444	4.19898051616
5260.0	77.0	9.35938342505	5.85671148497
5260.0	78.0	9.20153459283	5.09132950729
5260.0	82.0	10.3969764155	4.18680886637
5260.0	85.0	1.64162785508	3.03097945636
5260.0	83.0	5.45041494397	4.47320062603
5260.0	84.0	5.0246440272	4.01401917138
5270.0	77.0	9.14470901323	5.89489705292
5270.0	78.0	8.96539273983	5.14001610643
5270.0	82.0	10.123371773	4.09062896709
5270.0	85.0	1.6902452954	3.04935626094
5270.0	83.0	5.85429748934	4.30566144663
5270.0	84.0	5.44978354864	3.827387208
5280.0	77.0	8.93003460141	5.93308262088
5280.0	78.0	8.73114507282	5.19824909756
5280.0	82.0	9.80767410855	4.01903102717
5280.0	85.0	1.96363947281	3.0775181173
5280.0	83.0	6.27670096436	4.13024649384
5280.0	84.0	5.86397888439	3.63359545064
5290.0	77.0	8.71536018959	5.97126818883
5290.0	78.0	8.50447414975	5.29466765664
5290.0	82.0	9.49197644411	3.94743308726
5290.0	85.0	2.33321620531	3.10973719027
5290.0	83.0	6.70352420668	3.95292226265
5290.0	84.0	6.27838468524	3.43956503347
5300.0	77.0	8.50279042887	6.07174396451
5300.0	78.0	8.27780322668	5.39084755593
5300.0	82.0	9.1680706404	3.89277999313
5300.0	85.0	2.70300340292	3.14195626323
5300.0	83.0	7.13055791411	3.77559803147
5300.0	84.0	6.69279048609	3.2457732761
5310.0	77.0	8.29232531925	6.23450994791
5310.0	78.0	8.05113230361	5.48726611501
5310.0	82.0	8.81154274469	3.90614494191
5310.0	85.0	3.07279060053	3.17417533619
5310.0	83.0	7.55738115643	3.61378668726
5310.0	84.0	7.14297535558	3.13312585064
5320.0	77.0	8.08186020962	6.39727593132
5320.0	78.0	7.82446138055	5.5836846741
5320.0	82.0	8.45480438388	3.91927123089
5320.0	85.0	3.63031267593	3.11618100486
5320.0	83.0	7.98420439875	3.48777431301
5320.0	84.0	7.59316022507	3.02047842517
5320.0	88.0	0.516691844131	4.33525526179
5330.0	77.0	7.87139509999	6.55980325492
5330.0	78.0	7.59779045748	5.68010323318
5330.0	82.0	8.09827648817	3.93263617968
5330.0	85.0	4.18762428622	3.05818667353
5330.0	83.0	8.41102764107	3.36176193876
5330.0	84.0	8.04334509456	2.90759233991
5330.0	88.0	1.08705229122	4.36604237596
5340.0	77.0	7.66050906015	6.71326150614
5340.0	78.0	7.35533465119	5.75957694648
5340.0	82.0	7.7337509183	3.92380576709
5340.0	85.0	4.74514636162	2.9999536824
5340.0	83.0	8.8378508834	3.23574956451
5340.0	84.0	8.53793810218	2.80830986323
5340.0	88.0	1.65720227319	4.39682949012
5340.0	90.0	12.0806972925	12.3864436051
5350.0	77.0	7.44478232278	6.78318882746
5350.0	78.0	7.11308931001	5.83928931959
5350.0	82.0	7.3641741858	3.90065576652
5350.0	85.0	5.28498936781	2.97250780543
5350.0	83.0	9.30676714764	3.19804131616
5350.0	84.0	9.09903808444	2.72859749012
5350.0	88.0	2.18420690769	4.39921608812
5350.0	90.0	12.0703845021	12.1477838054
5360.0	77.0	7.22926605053	6.85311614877
5360.0	78.0	6.87063350373	5.91876303289
5360.0	82.0	6.99459745329	3.87726710614
5360.0	85.0	5.7833707474	3.01642120858
5360.0	83.0	9.79378341131	3.19804131616
5360.0	84.0	9.66034853181	2.64912377682
5360.0	88.0	2.64596735821	4.35959856137
5360.0	90.0	12.0600717118	11.9091240057
5370.0	77.0	7.01353931316	6.92280481029
5370.0	78.0	6.63596490649	6.00515788039
5370.0	82.0	6.62502072079	3.85411710557
5370.0	85.0	6.28175212699	3.06057327153
5370.0	83.0	10.2810101401	3.19804131616
5370.0	84.0	10.2201857234	2.5822990329
5370.0	88.0	3.10793827384	4.31974237481
5370.0	90.0	12.0499693865	11.670464206
5370.0	91.0	15.0499390591	4.22976763032
5370.0	92.0	15.1478053351	3.09398564349
5380.0	77.0	6.7980230409	6.9927321316
5380.0	78.0	6.4044532859	6.09465530528
5380.0	82.0	6.28511956875	3.88013102374
5380.0	85.0	6.7803439717	3.10448667467
5380.0	83.0	10.7547671019	3.20567842975
5380.0	84.0	10.7673950084	2.63003099284
5380.0	88.0	3.56969872436	4.27988618826
5380.0	90.0	12.0396565961	11.4318044063
5380.0	91.0	14.623536747	4.29086453905
5380.0	92.0	14.6757320942	3.20233719256
5380.0	93.0	15.0061623163	3.84242277539
5390.0	77.0	6.52736490993	7.02686048296
5390.0	78.0	6.17294166532	6.18415273017
5390.0	82.0	5.97489399716	3.95554752045
5390.0	85.0	7.29009046721	3.12310213905
5390.0	83.0	11.1756973211	3.2443413173
5390.0	84.0	11.3146042935	2.67776295278
5390.0	88.0	3.98578824609	4.14719133962
5390.0	90.0	12.0360786893	11.287892547
5390.0	91.0	14.1971344349	4.35220010757
5390.0	92.0	14.2038693184	3.31092740142
5390.0	93.0	14.5635541908	3.8343083422
5400.0	77.0	6.25691724406	7.06098883432
5400.0	78.0	5.94143004473	6.27365015507
5400.0	82.0	5.66487889068	4.03072535736
5400.0	85.0	7.81120207864	3.11618100486
5400.0	83.0	11.5966275404	3.28276554506
5400.0	84.0	11.843503114	2.71666450014
5400.0	88.0	4.39072311701	3.99110783061
5400.0	90.0	12.0333426428	11.1547203788
5400.0	91.0	13.7709425879	4.4132970163
5400.0	92.0	13.7317960775	3.41927895049
5400.0	93.0	14.1207356001	3.82595524921
5410.0	77.0	5.98625911308	7.09511718568
5410.0	78.0	5.73433237686	6.34787335278
5410.0	82.0	5.35465331909	4.10614185407
5410.0	85.0	8.33231369007	3.10949853047
5410.0	83.0	12.0175577596	3.31641657682
5410.0	84.0	12.208449614	2.67704697339
5410.0	88.0	4.79860449946	3.87225525035
5410.0	90.0	12.0306065964	11.0215482106
5410.0	91.0	13.3445402758	4.47463258483
5410.0	92.0	13.2683519061	3.50495781859
5410.0	93.0	13.6796007303	3.8307284452
5420.0	77.0	5.75601028315	7.12948419684
5420.0	78.0	5.53754749936	6.4151754163
5420.0	82.0	4.96697658716	4.13931556623
5420.0	85.0	8.85363576662	3.10257739627
5420.0	83.0	12.4384879789	3.30734750443
5420.0	84.0	12.573185649	2.63719078683
5420.0	88.0	5.21953471871	3.90208772531
5420.0	90.0	12.02787055	10.8881373825
5420.0	91.0	12.864890291	4.56222073132
5420.0	92.0	12.8173251762	3.55603101573
5420.0	93.0	13.2529879531	3.95339958225
5420.0	95.0	14.7681262773	4.15721505121
5430.0	77.0	5.56596028916	7.1645671874
5430.0	78.0	5.34076262186	6.48271613962
5430.0	82.0	4.54604636791	4.15411247381
5430.0	85.0	9.37474737805	3.09565626208
5430.0	83.0	12.8594181981	3.29803977224
5430.0	84.0	12.9372902887	2.59208408469
5430.0	88.0	5.65098819345	3.94981968526
5430.0	90.0	12.0251345036	10.7549652143
5430.0	91.0	12.3719810042	4.65649135221
5430.0	92.0	12.3662984463	3.60710421287
5430.0	93.0	12.8263751759	4.07583205951
5430.0	95.0	14.3339367562	4.26150938368
5430.0	97.0	0.315697664438	3.5798969957
5440.0	77.0	5.37612076027	7.19941151816
5440.0	78.0	5.14397774436	6.55025686294
5440.0	82.0	4.12511614866	4.16914804119
5440.0	85.0	9.89585898948	3.08897378769
5440.0	83.0	13.2917135333	3.3319294638
5440.0	84.0	13.2940286495	2.498768103
5440.0	88.0	6.0893870168	4.00948463519
5440.0	90.0	12.0223984571	10.6215543862
5440.0	91.0	11.8790717175	4.7505233133
5440.0	92.0	11.9152717163	3.65841606981
5440.0	93.0	12.3997623987	4.19850319656
5440.0	95.0	13.8999577001	4.36604237596
5440.0	97.0	0.806712765195	3.55340575793
5450.0	77.0	5.18607076628	7.23425584891
5450.0	78.0	4.94403589021	6.61254707066
5450.0	82.0	3.69555685991	4.13788360743
5450.0	85.0	10.4169706009	3.0820526535
5450.0	83.0	13.7351635193	3.40853925951
5450.0	84.0	13.6509774754	2.40521346151
5450.0	88.0	6.51621025912	4.06175113132
5450.0	90.0	12.0196624107	10.488382218
5450.0	91.0	11.3861624307	4.84479393418
5450.0	92.0	11.4682438235	3.72309287553
5450.0	93.0	11.9754647377	4.29110319885
5450.0	95.0	13.4767123647	4.46484753304
5450.0	97.0	1.29793833106	3.52691452017
5460.0	77.0	4.97118588935	7.27912389126
5460.0	78.0	4.71441845561	6.62877593704
5460.0	82.0	3.25757896678	4.06055783232
5460.0	85.0	10.9380822123	3.07537017911
5460.0	83.0	14.1786135053	3.48538771502
5460.0	84.0	14.1026356007	2.44316036967
5460.0	88.0	6.89652071221	4.0849011319
5460.0	90.0	12.0215565967	10.3206043788
5460.0	91.0	10.970072909	4.90040166752
5460.0	92.0	11.0374217441	3.84242277539
5460.0	93.0	11.5545345184	4.33883515879
5460.0	95.0	13.0791437726	4.55100372074
5460.0	97.0	1.78895343182	3.5004232824
5470.0	77.0	4.7186277578	7.33878884119
5470.0	78.0	4.48480102101	6.64500480342
5470.0	82.0	2.81960107365	3.98299339742
5470.0	85.0	11.4594042889	3.06844904492
5470.0	83.0	14.623536747	3.54767792274
5470.0	84.0	14.5782867484	2.51380367038
5470.0	88.0	7.27662070019	4.10805113247
5470.0	90.0	12.041340317	10.0148811754
5470.0	91.0	10.5541938524	4.95577074105
5470.0	92.0	10.6063891996	3.96175267524
5470.0	93.0	11.1336042992	4.38656711873
5470.0	95.0	12.6817856456	4.63739856823
5470.0	97.0	2.27302318396	3.47918256022
5480.0	77.0	4.46606962625	7.39845379112
5480.0	78.0	4.25518358641	6.6612336698
5480.0	82.0	2.38162318052	3.90566762231
5480.0	85.0	11.9805159003	3.06176657052
5480.0	83.0	15.0693018492	3.60376297567
5480.0	84.0	15.0537274311	2.5846856309
5480.0	88.0	7.65356371153	4.12260938025
5480.0	90.0	12.0609135722	9.70891931214
5480.0	91.0	10.1381043307	5.01137847438
5480.0	92.0	10.1755671202	4.0810825751
5480.0	93.0	10.7126740799	4.43429907868
5480.0	95.0	12.2842170535	4.72355475593
5480.0	97.0	2.74656968061	3.46581761144
5490.0	77.0	4.2135114947	7.45811874105
5490.0	78.0	4.02556615181	6.67770119598
5490.0	82.0	1.96384993792	3.8302511256
5490.0	85.0	12.5016275118	3.05484543633
5490.0	88.0	8.00125207263	4.06031917252
5490.0	90.0	12.0806972925	9.40319610871
5490.0	91.0	9.72201480893	5.06674754792
5490.0	92.0	9.74453457566	4.20041247496
5490.0	93.0	10.2967950233	4.53787743175
5490.0	95.0	11.8818077639	4.81973465521
5490.0	97.0	3.22011617727	3.45269132245
5500.0	77.0	3.93569755	7.50990791758
5500.0	78.0	3.76669406697	6.70013521716
5500.0	82.0	1.55133832305	3.75531194849
5500.0	85.0	13.0092693562	3.06892636452
5500.0	88.0	8.34915089884	3.9980289648
5500.0	90.0	12.1080577568	9.08673321429
5500.0	91.0	9.33076017014	5.10111455908
5500.0	92.0	9.39642528434	4.24170062031
5500.0	93.0	9.88154736203	4.64742227982
5500.0	95.0	11.4775042883	4.92021043089
5500.0	97.0	3.69366267393	3.43932637367
5510.0	77.0	3.61999988556	7.54952544434
5510.0	78.0	3.49540454066	6.72519449613
5510.0	82.0	1.13861624307	3.68061143118
5510.0	85.0	13.5169112006	3.0830072927
5510.0	88.0	8.77302762963	3.92523772589
5510.0	90.0	12.1356286861	8.77027031987
5510.0	91.0	8.95023925194	5.12665115764
5510.0	92.0	9.04831599302	4.28298876566
5510.0	93.0	9.46629970074	4.75696712789
5510.0	95.0	11.0732008127	5.02068620657
5510.0	97.0	4.17520684475	3.47273874563
5520.0	77.0	3.30430222112	7.58938163089
5520.0	78.0	3.22390454924	6.7502537751
5520.0	82.0	0.725894163098	3.60567225407
5520.0	85.0	14.0243425799	3.09684956108
5520.0	88.0	9.21605668539	3.85005988898
5520.0	90.0	12.1629891504	8.45380742545
5520.0	91.0	8.56950786862	5.15194909641
5520.0	92.0	8.7002067017	4.32427691101
5520.0	93.0	9.06620552734	4.84980578998
5520.0	95.0	10.6688973371	5.12116198225
5520.0	97.0	4.65864520156	3.51808410758
5530.0	77.0	2.98860455668	7.62923781744
5530.0	78.0	2.95261502294	6.77531305407
5530.0	82.0	0.313172083123	3.53073307696
5530.0	85.0	14.5319844243	3.11093048926
5530.0	88.0	9.66371597357	3.93239751988
5530.0	90.0	12.1905600797	8.13734453103
5530.0	91.0	8.18898695042	5.17748569498
5530.0	92.0	8.35230787549	4.36556505636
5530.0	93.0	8.72630437529	4.87414908955
5530.0	95.0	10.3146845576	5.30302074963
5530.0	97.0	5.14208355837	3.56319080972
5540.0	77.0	2.676274334	7.6609795708
5540.0	78.0	2.6413371258	6.78987130185
5540.0	85.0	15.0396262687	3.12501141745
5540.0	88.0	10.111796192	4.03263463576
5540.0	90.0	12.2109751954	7.81777905921
5540.0	91.0	7.80825556711	5.20278363375
5540.0	92.0	8.00419858417	4.40685320171
5540.0	93.0	8.38619275814	4.89873104892
5540.0	95.0	9.96573340588	5.4939485894
5540.0	97.0	5.63499284511	3.60829751187
5550.0	77.0	2.376782483	7.6609795708
5550.0	78.0	2.32563946136	6.80323625063
5550.0	88.0	10.5598764104	4.13263309184
5550.0	90.0	12.2210775206	7.493917711
5550.0	91.0	7.4691962755	5.15648363261
5550.0	92.0	7.66913812964	4.39205629413
5550.0	93.0	8.04629160609	4.92307434849
5550.0	95.0	9.61699271923	5.68487642917
5550.0	97.0	6.21208817571	3.65459751301
5560.0	77.0	2.07750109711	7.6609795708
5560.0	78.0	2.00994179692	6.81636253962
5560.0	88.0	11.0536275575	4.21640268154
5560.0	90.0	12.2309693808	7.17005636279
5560.0	91.0	7.13013698389	5.10994497166
5560.0	92.0	7.33765558198	4.36317845836
5560.0	93.0	7.70849510514	4.94025785407
5560.0	95.0	9.20805901123	5.88129344434
5560.0	97.0	6.7891835063	3.70065885436
5570.0	77.0	1.77821971123	7.6609795708
5570.0	78.0	1.71192320169	6.83784192159
5570.0	88.0	11.5587438206	4.29587639484
5570.0	90.0	12.241071706	6.84619501458
5570.0	91.0	6.79107769229	5.06364497052
5570.0	92.0	7.00596256921	4.3343006226
5570.0	93.0	7.37617069705	4.94025785407
5570.0	95.0	8.7090462363	6.08582489269
5570.0	97.0	7.36627883689	3.7469588555
5580.0	77.0	1.47893832534	7.6609795708
5580.0	78.0	1.45536623306	6.87865274734
5580.0	88.0	12.0638600837	4.37535010815
5580.0	90.0	12.2187624044	6.55073418253
5580.0	91.0	6.44780909849	5.02044754677
5580.0	92.0	6.6666928125	4.25530422889
5580.0	93.0	7.04384628895	4.94025785407
5580.0	95.0	8.21003346138	6.29035634105
5580.0	97.0	7.85097998436	3.76867689728
5590.0	77.0	1.21501507787	7.63830688983
5590.0	78.0	1.19859879932	6.91946357309
5590.0	88.0	12.55592751	4.4961119668
5590.0	90.0	12.0672275255	6.36935273475
5590.0	91.0	6.09864748162	4.98250063862
5590.0	92.0	6.31963584673	4.12618927725
5590.0	93.0	6.71152188085	4.94025785407
5590.0	95.0	7.71081022135	6.4948877894
5590.0	97.0	8.33568113183	3.79039493905
5600.0	77.0	0.966245318291	7.60561049727
5600.0	78.0	0.942041830684	6.96003573904
5600.0	88.0	13.0448379597	4.62689753704
5600.0	90.0	11.9156926466	6.18797128697
5600.0	91.0	5.74948586475	4.94455373046
5600.0	92.0	5.97257888095	3.9973129854
5600.0	93.0	6.40508468123	4.89443517252
5600.0	95.0	7.24063116645	6.5824759359
5600.0	97.0	8.8203822793	3.81211298082
5610.0	77.0	0.717475558713	7.57315276451
5610.0	78.0	0.676434862336	6.98127646122
5610.0	88.0	13.5335379443	4.75768310729
5610.0	90.0	11.5755810294	6.07556252131
5610.0	91.0	5.40032424788	4.90660682231
5610.0	92.0	5.62573238029	3.86819803376
5610.0	93.0	6.1245346901	4.80255114963
5610.0	95.0	6.77360908819	6.65717645321
5610.0	97.0	9.33770551876	3.81855679542
5620.0	77.0	0.468705799136	7.54045637195
5620.0	78.0	0.375890685791	6.92447542889
5620.0	88.0	14.051492579	4.84383929498
5620.0	90.0	11.1546508102	5.99250891101
5620.0	91.0	5.05116263101	4.86865991415
5620.0	92.0	5.2628905313	3.75507328869
5620.0	93.0	5.84398469897	4.71066712674
5620.0	95.0	6.30679747504	6.73163831072
5620.0	97.0	9.86870899034	3.81855679542
5630.0	77.0	0.219936039559	7.50799863919
5630.0	78.0	0.0751360441363	6.86767439655
5630.0	88.0	14.5818646553	4.9106640389
5630.0	90.0	10.753083381	5.98678107581
5630.0	91.0	4.71526031605	4.90087898712
5630.0	92.0	4.89604984522	3.64600576022
5630.0	93.0	5.56322424273	4.61902176365
5630.0	95.0	5.83788121079	6.78414346665
5630.0	97.0	10.399922927	3.81855679542
5640.0	88.0	15.1122367316	4.97748878282
5640.0	90.0	10.3807706021	6.09680324348
5640.0	91.0	4.37935800109	4.93285940028
5640.0	92.0	4.52920915914	3.53693823175
5640.0	93.0	5.19322658001	4.51067021458
5640.0	95.0	5.36854401633	6.8268635708
5640.0	97.0	10.9311368637	3.81855679542
5650.0	90.0	10.0084578231	6.20706407095
5650.0	91.0	4.04345568613	4.96507847324
5650.0	92.0	4.17583824008	3.46724957024
5650.0	93.0	4.76345682615	4.39134031473
5650.0	95.0	4.89899635675	6.86982233475
5650.0	97.0	11.4619298702	3.80065731044
5660.0	90.0	9.64119620684	6.37842180714
5660.0	91.0	3.70734290605	4.9970588864
5660.0	92.0	3.85340569213	3.48968359141
5660.0	93.0	4.34694637421	4.28823928125
5660.0	95.0	4.42944869718	6.9125424389
5660.0	97.0	11.9925124116	3.76461968068
5670.0	90.0	9.2751973812	6.56529243032
5670.0	91.0	3.37144059109	5.02927795936
5670.0	92.0	3.5311836093	3.51211761258
5670.0	93.0	3.98284173455	4.2493377339
5670.0	95.0	3.99883708289	6.92996460428
5670.0	97.0	12.5228844878	3.72858205092
5680.0	90.0	8.92161599703	6.72853573332
5680.0	91.0	3.03406502036	4.98679651501
5680.0	92.0	3.2053836196	3.52834647896
5680.0	93.0	3.61894756001	4.21067484634
5680.0	95.0	3.57790686363	6.94118161487
5680.0	97.0	13.0534670292	3.69278308097
5690.0	90.0	8.58045205432	6.86839037595
5690.0	91.0	2.69647898452	4.92593826609
5690.0	92.0	2.84822432856	3.48944493161
5690.0	93.0	3.25484292036	4.17201195879
5690.0	95.0	3.15697664438	6.95215996565
5690.0	97.0	13.5838391055	3.65674545121
5700.0	90.0	8.23928811162	7.00848367839
5700.0	91.0	2.35868248357	4.86484135736
5700.0	92.0	2.49085457242	3.45054338426
5700.0	93.0	2.85958944448	4.13478103004
5700.0	95.0	2.73604642513	6.96337697624
5700.0	97.0	14.1144216468	3.62070782145
5710.0	90.0	7.88002416949	7.05597697853
5710.0	91.0	2.02088598262	4.80374444863
5710.0	92.0	2.13348481627	3.4116418369
5710.0	93.0	2.43339759749	4.09898206008
5710.0	95.0	2.36015573934	7.00299450299
5710.0	97.0	14.6450041882	3.5849088515
5720.0	90.0	7.508553251	7.04189605035
5720.0	91.0	1.68708831876	4.72164547753
5720.0	92.0	1.77632552524	3.37297894935
5720.0	93.0	2.0072057505	4.06318309012
5720.0	95.0	2.02951505212	7.07125120571
5720.0	97.0	15.1753762644	3.54887122174
5730.0	90.0	7.13729279762	7.02781512216
5730.0	91.0	1.35686856176	4.61878310385
5730.0	92.0	1.42042902486	3.34386245379
5730.0	93.0	1.58101390351	4.02738412016
5730.0	95.0	1.69866389979	7.13926924863
5740.0	90.0	6.7651904838	7.01254089498
5740.0	91.0	1.02664880475	4.51592073018
5740.0	92.0	1.06495345471	3.31737121602
5740.0	93.0	1.24300693745	3.98466401602
5740.0	95.0	1.36802321257	7.20752595135
5750.0	90.0	6.391193984	6.9927321316
5750.0	91.0	0.69663951286	4.4128196967
5750.0	92.0	0.709477884548	3.29087997825
5750.0	93.0	0.993184852323	3.93478411788
5750.0	95.0	1.16829182353	7.38508884233
5760.0	90.0	6.01698701908	6.97292336823
5760.0	91.0	0.366419755858	4.30995732303
5760.0	92.0	0.35400231439	3.26438874048
5760.0	93.0	0.743152302088	3.88514287954
5760.0	95.0	0.968770899606	7.56241307352
5770.0	90.0	5.64278005417	6.95287594505
5770.0	91.0	0.0364104639652	4.20685628955
5770.0	92.0	-0.00147325576738	3.23789750271
5770.0	93.0	0.493330216962	3.83550164119
5770.0	95.0	0.769039510572	7.73997596451
5780.0	90.0	5.28456843759	6.94834140886
5780.0	93.0	0.243297666727	3.78562174305
5780.0	95.0	0.586355795417	7.91897081429
5790.0	90.0	4.9370905416	6.95383058425
5790.0	95.0	0.557943005617	8.11252391186
5800.0	90.0	4.5896126456	6.95931975964
5800.0	95.0	0.529530215818	8.30607700943
5810.0	90.0	4.24213474961	6.96504759484
5810.0	95.0	0.501117426018	8.49963010699
5820.0	90.0	3.90475917888	6.96624089384
5820.0	95.0	0.472704636219	8.69294454476
5830.0	90.0	3.59095570043	6.95764914105
5840.0	90.0	3.27715222198	6.94881872846
5850.0	90.0	2.96334874353	6.94022697567
5860.0	90.0	2.64954526508	6.93163522288
5870.0	90.0	2.33574178662	6.92280481029
5880.0	90.0	2.07013481828	6.99058419341
5890.0	90.0	1.81673482629	7.0774563605
5900.0	90.0	1.56312436919	7.1640898678
5910.0	90.0	1.3097243772	7.25096203489
5920.0	90.0	1.10557322086	7.38628214133
5930.0	90.0	0.975505783114	7.59463214648
5940.0	90.0	0.845227880256	7.80298215163
5950.0	90.0	0.715160442508	8.01109349698
5960.0	90.0	0.585093004759	8.21944350213
5970.0	90.0	0.45502556701	8.42779350728
6070.0	104.0	0.363262779214	8.04378988954
6080.0	104.0	0.729682535072	7.79629967724
6090.0	104.0	1.09589182582	7.54880946494
6100.0	104.0	1.47704413935	7.31707079941
6110.0	104.0	1.91649528825	7.14857698082
6120.0	104.0	2.35594643715	6.98008316222
6130.0	104.0	2.79539758605	6.81158934362
6140.0	104.0	3.27862547775	6.68653160857
6150.0	104.0	3.77279755515	6.57245222431
6160.0	104.0	4.26696963255	6.45837284005
6170.0	104.0	4.76114170995	6.34429345578
6180.0	104.0	5.26373239173	6.23498726751
6190.0	104.0	5.80041842128	6.14548984262
6200.0	104.0	6.33710445082	6.05599241773
6210.0	104.0	6.87379048037	5.96649499284
6220.0	104.0	7.40163697531	5.88797591873
6230.0	104.0	7.89454626205	5.85289292817
6240.0	104.0	8.38724508369	5.81804859741
6250.0	104.0	8.88015437043	5.78320426666
6260.0	104.0	9.37453691294	5.7457346781
6270.0	104.0	9.8830206178	5.68606972817
6280.0	104.0	10.3917147878	5.62640477824
6290.0	104.0	10.9004089577	5.56673982832
6290.0	108.0	0.222672085984	3.0779954369
6300.0	104.0	11.3920554538	5.43595425807
6300.0	108.0	0.765882533927	3.07035832331
6310.0	104.0	11.8670752062	5.23404806752
6310.0	108.0	1.30888251676	3.06248254992
6320.0	104.0	12.3418844936	5.03214187696
6320.0	108.0	1.8520929647	3.05484543633
6330.0	104.0	12.8166937809	4.8299970266
6330.0	108.0	2.40624759835	3.08897378769
6340.0	104.0	13.2828739987	4.71591764234
6340.0	108.0	2.96019176688	3.12310213905
6350.0	104.0	13.7429507283	4.6605485688
6350.0	108.0	3.51434640053	3.15723049041
6360.0	104.0	14.203027458	4.60494083547
6360.0	108.0	4.06850103417	3.19112018197
6370.0	104.0	14.6631041876	4.54957176194
6370.0	108.0	4.62034055161	3.22644183233
6380.0	104.0	15.1231809173	4.4939640286
6380.0	108.0	5.15239634874	3.27154853447
6390.0	108.0	5.68445214588	3.31641657682
6400.0	108.0	6.21671840812	3.36152327896
6400.0	110.0	0.39883138274	2.56249026952
6410.0	108.0	6.74877420525	3.40662998111
6410.0	110.0	0.919311598844	2.60640367267
6420.0	108.0	7.28083000239	3.45149802346
6420.0	110.0	1.44000228006	2.65031707582
6430.0	108.0	7.84214044976	3.47727328182
6430.0	110.0	1.96069296127	2.69423047897
6440.0	108.0	8.41081717596	3.4982753442
6440.0	110.0	2.47549061942	2.72430161373
6450.0	108.0	8.97949390217	3.51927740657
6450.0	110.0	2.98123827785	2.73360934592
6460.0	108.0	9.54817062838	3.54004080915
6460.0	110.0	3.48719640139	2.74267841831
6470.0	108.0	10.1166368895	3.56104287152
6470.0	110.0	3.99315452493	2.7519861505
6480.0	108.0	10.6823671042	3.5794196761
6480.0	110.0	4.49911264846	2.76105522288
6490.0	108.0	11.2217891801	3.57440782031
6490.0	110.0	4.99959867915	2.76988563547
6500.0	108.0	11.761000791	3.56939596451
6500.0	110.0	5.47882773377	2.77728408927
6510.0	108.0	12.300422867	3.56438410872
6510.0	110.0	5.95805678839	2.78468254306
6510.0	112.0	14.8771472041	4.44074289327
6520.0	108.0	12.8396344778	3.55961091273
6520.0	110.0	6.43728584301	2.79184233705
6520.0	112.0	14.4490611711	4.62355629985
6520.0	113.0	15.0088983627	5.19204394277
6530.0	108.0	13.3908425999	3.55603101573
6530.0	110.0	6.91651489762	2.79924079084
6530.0	112.0	14.0211856033	4.80660836623
6530.0	113.0	14.6151181426	5.32282951301
6530.0	114.0	0.315697664438	6.22902077252
6540.0	108.0	13.9696216514	3.55603101573
6540.0	110.0	7.39574395224	2.80663924463
6540.0	112.0	13.5577414319	4.90493620371
6540.0	113.0	14.2213379225	5.45385374305
6540.0	114.0	0.751149976254	6.17961819398
6550.0	108.0	14.5484007029	3.55603101573
6550.0	110.0	7.87497300686	2.81403769842
6550.0	112.0	13.0412600528	4.87581970815
6550.0	113.0	13.8275577024	5.58463931329
6550.0	114.0	1.18660228807	6.13021561544
6560.0	108.0	15.1271797543	3.55603101573
6560.0	110.0	8.41734159436	2.81379903862
6560.0	112.0	12.5245682087	4.84694187238
6560.0	113.0	13.3855809722	5.56864910671
6560.0	114.0	1.62394878587	6.0824836555
6570.0	110.0	8.98686018101	2.81021914163
6570.0	112.0	12.0131379923	4.81734805722
6570.0	113.0	12.943604242	5.55289755993
6570.0	114.0	2.07897435288	6.05026458254
6580.0	110.0	9.55637876766	2.80663924463
6580.0	112.0	11.5490624256	4.78059444806
6580.0	113.0	12.5016275118	5.53690735335
6580.0	114.0	2.534210385	6.01804550957
6590.0	110.0	10.1258973543	2.80329800743
6590.0	112.0	11.0849868589	4.7438408389
6590.0	113.0	11.9678879937	5.4941872492
6590.0	114.0	2.98923595201	5.98582643661
6600.0	110.0	10.695415941	2.79971811044
6600.0	112.0	10.6209112921	4.70708722975
6600.0	113.0	11.4343589408	5.45170580485
6600.0	114.0	3.44468244924	5.96649499284
6610.0	110.0	11.2649345276	2.79613821344
6610.0	112.0	10.1698845622	4.68393722918
6610.0	113.0	10.9174566316	5.42139601029
6610.0	114.0	3.90054987669	5.96649499284
6620.0	110.0	11.8342426491	2.79255831645
6620.0	112.0	9.77042178415	4.71448568354
6620.0	113.0	10.4681136226	5.44072745407
6620.0	114.0	4.35662776925	5.96649499284
6630.0	110.0	12.3938693756	2.77585213047
6630.0	112.0	9.37116947119	4.7450341379
6630.0	113.0	10.0187706135	5.46005889784
6630.0	114.0	4.81270566181	5.96649499284
6640.0	110.0	12.9524437766	2.75747532589
6640.0	112.0	8.97170669312	4.77558259227
6640.0	113.0	9.56942760445	5.47939034162
6640.0	114.0	5.26373239173	5.98511045721
6650.0	110.0	13.5110181775	2.73909852131
6650.0	112.0	8.56929740351	4.79706197424
6650.0	113.0	9.14744505965	5.45934291845
6650.0	114.0	5.69497540136	6.0781877791
6660.0	110.0	14.0695925785	2.72072171673
6660.0	112.0	8.15931136996	4.79706197424
6660.0	113.0	8.75282297911	5.39967796852
6660.0	114.0	6.12600794587	6.17150376079
6670.0	110.0	14.6281669794	2.70234491216
6670.0	112.0	7.74953580152	4.79706197424
6670.0	113.0	8.35820089856	5.34001301859
6670.0	114.0	6.55725095549	6.26458108268
6680.0	112.0	7.33976023308	4.79706197424
6680.0	113.0	7.97178695729	5.30063415164
6680.0	114.0	6.99080908132	6.34095221859
6690.0	112.0	6.92009280449	4.80636970643
6690.0	113.0	7.60515673632	5.30827126523
6690.0	114.0	7.44457185767	6.26625170128
6700.0	112.0	6.49095444596	4.82522383061
6700.0	113.0	7.23873698046	5.31590837882
6700.0	114.0	7.89833463403	6.19178984377
6710.0	112.0	6.06181608743	4.84383929498
6710.0	113.0	6.86011024824	5.32211353361
6710.0	114.0	8.35209741038	6.11708932646
6720.0	112.0	5.63267772891	4.86269341916
6720.0	113.0	6.43412886636	5.32211353361
6720.0	114.0	8.84816367377	5.98367849842
6730.0	112.0	5.20353937038	4.88130888354
6730.0	113.0	6.00835794959	5.32211353361
6730.0	114.0	9.34907063468	5.84382385578
6740.0	112.0	4.77945217449	4.88393414134
6740.0	113.0	5.58237656771	5.32211353361
6740.0	114.0	9.84976713047	5.70396921315
6750.0	112.0	4.36336265276	4.86221609956
6750.0	113.0	5.15639518583	5.32211353361
6750.0	114.0	10.3449915334	5.70396921315
6760.0	112.0	3.94727313103	4.84049805779
6760.0	113.0	4.73546496657	5.35194600857
6760.0	114.0	10.8402159364	5.70396921315
6770.0	112.0	3.53097314419	4.81878001601
6770.0	113.0	4.31453474732	5.38177848354
6770.0	114.0	11.3354403393	5.70396921315
6780.0	112.0	3.11488362246	4.79706197424
6780.0	113.0	3.89360452807	5.4116109585
6780.0	114.0	11.8270868354	5.73404034792
6790.0	112.0	2.68595572904	4.82450785121
6790.0	113.0	3.47267430882	5.44144343347
6790.0	114.0	12.3166286804	5.78392024606
6800.0	112.0	2.25681737051	4.85219238797
6800.0	113.0	3.05847897308	5.46530941344
6800.0	114.0	12.8061705254	5.8338001442
6810.0	112.0	1.8278894771	4.87963826494
6810.0	113.0	2.67059177604	5.46530941344
6810.0	114.0	13.2955019053	5.88368004234
6820.0	112.0	1.39875111857	4.90732280171
6820.0	113.0	2.28291504411	5.46530941344
6820.0	114.0	13.7589460767	5.95456200285
6830.0	112.0	0.969823225154	4.93476867867
6830.0	113.0	1.89523831218	5.46530941344
6830.0	114.0	14.1611449012	6.07389190271
6840.0	112.0	0.631395328877	4.80135785064
6840.0	113.0	1.50840344069	5.42807848468
6840.0	114.0	14.5635541908	6.19322180256
6850.0	112.0	0.315697664438	4.62785217624
6850.0	113.0	1.12241042963	5.33547848239
6850.0	114.0	14.9659634804	6.31255170242
6860.0	113.0	0.736627883689	5.24263982031
6870.0	113.0	0.350845337746	5.14980115822
6980.0	122.0	0.231511620588	3.17417533619
6980.0	123.0	-0.0498802309813	4.26675989928
6990.0	122.0	0.736627883689	3.34601039198
6990.0	123.0	0.495855798278	4.39921608812
7000.0	122.0	1.24174414679	3.51784544778
7000.0	123.0	1.04138136243	4.53191093676
7010.0	122.0	1.74328250303	3.67130369899
7010.0	123.0	1.58711739169	4.6643671256
7020.0	122.0	2.24145341751	3.80662380543
7020.0	123.0	2.10254644516	4.7493300143
7030.0	122.0	2.739624332	3.94194391187
7030.0	123.0	2.61460805688	4.8288037276
7040.0	122.0	3.2405312929	4.04934082174
7040.0	123.0	3.12688013371	4.90851610071
7050.0	122.0	3.74438476535	4.12881453504
7050.0	123.0	3.65977779128	4.98393259742
7060.0	122.0	4.24823823779	4.20828824835
7060.0	123.0	4.19478009995	5.05887177453
7070.0	122.0	4.7645091517	4.26699855908
7070.0	123.0	4.72999287372	5.13381095164
7080.0	122.0	5.33129169192	4.24265525951
7080.0	123.0	5.27783355408	5.20087435536
7090.0	122.0	5.89786376704	4.21807330014
7090.0	123.0	5.84440562919	5.25600476909
7100.0	122.0	6.46443584215	4.19373000056
7100.0	123.0	6.41118816941	5.31113518282
7110.0	122.0	7.02721954529	4.18060371158
7110.0	123.0	6.97776024452	5.36626559656
7120.0	122.0	7.58032185338	4.19420732016
7120.0	123.0	7.50118697216	5.40588312331
7130.0	122.0	8.13363462659	4.20781092875
7130.0	123.0	7.98146835233	5.43046508268
7140.0	122.0	8.68673693468	4.22165319713
7140.0	123.0	8.46174973249	5.45480838225
7150.0	122.0	9.23268342905	4.21019752674
7150.0	123.0	8.94203111266	5.47939034162
7160.0	122.0	9.77694620254	4.19277536137
7160.0	123.0	9.45177760817	5.4934712698
7170.0	122.0	10.3209985109	4.17535319599
7170.0	123.0	9.98109735888	5.5006310638
7180.0	122.0	10.8650508193	4.15793103061
7180.0	123.0	10.5104171096	5.50802951759
7190.0	122.0	11.3819531285	4.13048515364
7190.0	123.0	11.0405787207	5.47724240342
7200.0	122.0	11.8870693916	4.09850474048
7200.0	123.0	11.5722135877	5.35791250357
7210.0	122.0	12.3921856548	4.06676298712
7210.0	123.0	12.1040589197	5.23858260371
7220.0	122.0	12.8973019179	4.03502123376
7220.0	123.0	12.6356937866	5.11925270385
7230.0	122.0	13.4017867856	3.97106040743
7230.0	123.0	13.1563844678	4.97796610242
7240.0	122.0	13.9043774674	3.77846194906
7240.0	123.0	13.6659204982	4.81472279942
7250.0	122.0	14.4067576841	3.58610215049
7250.0	123.0	14.1754565286	4.65124083662
7260.0	122.0	14.9091379008	3.39350369213
7260.0	123.0	14.684992559	4.48799753361
7760.0	135.0	0.140801158339	2.85651914277
7770.0	135.0	0.48891044966	2.89327275193
7770.0	136.0	-0.0492488356524	3.81044236222
7780.0	135.0	0.837019740981	2.93002636108
7780.0	136.0	0.389570917917	3.8307284452
7790.0	135.0	1.1851290323	2.96677997024
7790.0	136.0	0.828601136596	3.85125318798
7800.0	135.0	1.53323832362	3.00353357939
7800.0	136.0	1.26763135527	3.87177793075
7810.0	135.0	1.88113714983	3.04004852875
7810.0	136.0	1.70350459731	3.89110937453
7820.0	135.0	2.27302318396	3.06152791072
7820.0	136.0	2.11117551465	3.90113308612
7830.0	135.0	2.69395340321	3.07250626151
7830.0	136.0	2.51905689711	3.9109181379
7840.0	135.0	3.11488362246	3.0837232721
7840.0	136.0	2.92672781445	3.92094184949
7850.0	135.0	3.53581384171	3.09470162288
7850.0	136.0	3.33460919691	3.93096556108
7860.0	135.0	3.95948010739	3.10854389127
7860.0	136.0	3.74627895133	3.94242123147
7870.0	135.0	4.38924986124	3.12882997424
7870.0	136.0	4.16720917059	3.95769545865
7880.0	135.0	4.8190196151	3.14887739742
7880.0	136.0	4.58813938984	3.97296968583
7890.0	135.0	5.24878936895	3.16916348039
7890.0	136.0	5.00906960909	3.98824391301
7900.0	135.0	5.67876958792	3.18921090357
7900.0	136.0	5.42999982834	4.00327948039
7910.0	135.0	6.10853934177	3.20949698655
7910.0	136.0	5.84882539649	4.02929339856
7920.0	135.0	6.53830909563	3.22954440972
7920.0	136.0	6.26596724377	4.06222845092
7930.0	135.0	6.98049629095	3.2457732761
7930.0	136.0	6.68331955616	4.09516350328
7940.0	135.0	7.47151139171	3.2457732761
7940.0	136.0	7.10067186855	4.12809855564
7950.0	135.0	7.96252649246	3.2457732761
7950.0	136.0	7.51802418093	4.1607949482
7960.0	135.0	8.45375205833	3.2457732761
7960.0	136.0	7.93516602821	4.19373000056
7970.0	135.0	8.94476715908	3.2457732761
7970.0	136.0	8.42533926853	4.22929031072
7980.0	135.0	9.43578225984	3.2457732761
7980.0	136.0	8.93361250827	4.26532794048
7990.0	135.0	9.9202729422	3.23407894592
7990.0	136.0	9.44188574802	4.30136557024
8000.0	135.0	10.3782450207	3.17536863519
8000.0	136.0	9.95015898777	4.33740319999
8010.0	135.0	10.8360066342	3.11689698426
8010.0	136.0	10.4584322275	4.37344082975
8010.0	138.0	8.11700788293	-0.276845367668
8020.0	135.0	11.2937682476	3.05818667353
8020.0	136.0	10.9488159329	4.36222381916
8020.0	138.0	8.36241020075	0.0334123719599
8030.0	135.0	11.7517403262	2.9994763628
8030.0	136.0	11.421310104	4.30375216823
8030.0	138.0	8.60802298368	0.343670111587
8040.0	135.0	12.2095019396	2.94100471187
8040.0	136.0	11.8938042752	4.2452805173
8040.0	138.0	8.85363576662	0.653927851215
8050.0	135.0	12.6832589014	2.92071862889
8050.0	136.0	12.3662984463	4.18680886637
8050.0	138.0	9.14597180389	1.15439745121
8060.0	135.0	13.1730112115	2.93909543347
8060.0	136.0	12.8387926174	4.12833721544
8060.0	138.0	9.44988342219	1.70236035136
8070.0	135.0	13.6627635216	2.95747223805
8070.0	136.0	13.298869347	4.11902948325
8070.0	138.0	9.7607403891	2.2455500555
8080.0	135.0	14.1525158317	2.97584904263
8080.0	136.0	13.7505274723	4.14217948383
8080.0	138.0	10.1338950285	2.7445876967
8090.0	135.0	14.6422681418	2.9942258472
8090.0	136.0	14.2021855975	4.1655681442
8090.0	138.0	10.5070496678	3.24362533791
8100.0	135.0	15.1320204519	3.01260265178
8100.0	136.0	14.6540541879	4.18871814477
8100.0	138.0	10.8818880281	3.47082946723
8110.0	136.0	15.1057123132	4.21210680514
8110.0	138.0	11.2571473185	3.6682011216
8120.0	138.0	11.7292205594	3.86867535336
8130.0	138.0	12.265906589	4.07153618311
8140.0	138.0	12.7480821551	4.19468463976
8150.0	138.0	13.1936367922	4.26508928068
8160.0	138.0	13.6657100331	4.31496917882
8170.0	138.0	14.1409402506	4.36270113876
8180.0	138.0	14.6159600031	4.4104330987
8190.0	138.0	15.0909797555	4.45816505865
8400.0	140.0	15.2246251001	6.5788960389
8410.0	140.0	14.6367960489	6.44715582946
8420.0	140.0	14.0489669977	6.31541562002
8430.0	140.0	13.4611379465	6.18367541058
8440.0	140.0	12.8499472682	6.06530014992
8450.0	140.0	12.2330740319	5.95002746666
8460.0	140.0	11.6162007956	5.83475478339
8470.0	140.0	11.0090089543	5.72019807953
8480.0	140.0	10.4028694386	5.60564137567
8490.0	140.0	9.821985736	5.60778931387
8500.0	140.0	9.27877528806	5.78487488525
8510.0	140.0	8.73556484012	5.96196045664
8520.0	140.0	8.20014160123	6.10133777967
8530.0	140.0	7.68260789666	6.15288829641
8540.0	140.0	7.16486372698	6.20443881315
8550.0	140.0	6.64733002241	6.25622798969
8550.0	148.0	0.461549985409	8.76525846408
8560.0	140.0	6.12306143434	6.3292578884
8560.0	148.0	0.573938353949	8.61394815106
8570.0	140.0	5.59416261385	6.4163687153
8570.0	148.0	0.686116257379	8.46287649784
8580.0	140.0	5.06547425847	6.50371820199
8580.0	148.0	0.79829416081	8.31180484462
8590.0	140.0	4.53678590309	6.59106768869
8590.0	148.0	0.846280205804	8.17338216079
8600.0	140.0	4.04850684876	6.63474243203
8600.0	148.0	0.878060437358	8.03830071415
8610.0	140.0	3.60063709547	6.63474243203
8610.0	148.0	0.909840668911	7.90321926751
8620.0	140.0	3.15255687708	6.63474243203
8620.0	148.0	0.941620900465	7.76813782087
8630.0	140.0	2.7046871238	6.63474243203
8630.0	148.0	0.973401132018	7.63305637424
8640.0	140.0	2.24503132438	6.64524346322
8640.0	148.0	1.05001043192	7.52780740256
8650.0	140.0	1.77716738568	6.6631429482
8650.0	148.0	1.17186973039	7.45239090585
8660.0	140.0	1.30951391209	6.68080377338
8660.0	148.0	1.29372902887	7.37721306894
8660.0	145.0	14.8632565069	2.38063150214
8660.0	147.0	15.0602518495	5.43237436108
8670.0	140.0	0.98371392239	6.87459553075
8670.0	148.0	1.41558832734	7.30179657223
8670.0	145.0	14.2470146659	2.44029645207
8670.0	147.0	14.5191460526	5.52330374477
8680.0	140.0	0.673488350802	7.08819605149
8680.0	148.0	1.46736274431	7.18127337338
8680.0	145.0	13.6305623598	2.499961402
8680.0	147.0	13.9778297907	5.61423312846
8690.0	140.0	0.431453474732	7.50585070099
8690.0	148.0	1.48925111571	7.04118007095
8690.0	145.0	13.0206344721	2.52358872217
8690.0	147.0	13.5268030607	5.67318209899
8700.0	140.0	0.189418598663	7.92350535049
8700.0	148.0	1.510929022	6.90132542831
8700.0	145.0	12.4168100726	2.51093975279
8700.0	147.0	13.0985065627	5.72449395593
8710.0	140.0	0.15174534404	8.13662855163
8710.0	148.0	1.50503599893	6.86648109756
8710.0	145.0	11.8131961382	2.4982907834
8710.0	147.0	12.6699995995	5.77556715307
8720.0	140.0	0.114282554527	8.34975175277
8720.0	148.0	1.49198716214	6.85788934477
8720.0	145.0	11.2095822038	2.48588047382
8720.0	147.0	12.2069763583	5.7438253997
8730.0	140.0	0.0766092999037	8.56287495392
8730.0	148.0	1.47893832534	6.84905893218
8730.0	145.0	10.6032322229	2.51070109299
8730.0	147.0	11.7439531171	5.71184498654
8740.0	148.0	1.46588948854	6.84046717939
8740.0	145.0	9.99582991655	2.55151191874
8740.0	147.0	11.2809298759	5.68010323318
8750.0	148.0	1.45284065175	6.8316367668
8750.0	145.0	9.38863807529	2.59256140429
8750.0	147.0	10.8665240751	5.64287230442
8760.0	148.0	1.43979181495	6.82304501401
8760.0	145.0	8.78123576891	2.63337223004
8760.0	147.0	10.4523287393	5.60540271587
8770.0	148.0	1.42695344326	6.81445326122
8770.0	145.0	8.17383346253	2.67442171559
8770.0	147.0	10.0379229385	5.56817178711
8780.0	148.0	1.41390460646	6.80562284863
8780.0	145.0	7.56643115615	2.71523254134
8780.0	147.0	9.64309039282	5.56650116852
8790.0	148.0	1.40085576967	6.79703109584
8790.0	145.0	6.95923931488	2.75628202689
8790.0	147.0	9.25309854469	5.57342230271
8800.0	148.0	1.38780693287	6.78843934305
8800.0	145.0	6.38235444939	2.79399027525
8800.0	147.0	8.86310669655	5.5803434369
8810.0	148.0	1.37475809607	6.77960893046
8810.0	145.0	5.81872888582	2.8302665648
8810.0	147.0	8.46511717425	5.60659601487
8820.0	148.0	1.36191972439	6.77101717767
8820.0	145.0	5.25510332224	2.86678151416
8820.0	147.0	8.05492067559	5.6617264286
8830.0	148.0	1.34887088759	6.76242542488
8830.0	145.0	4.69168822377	2.90305780371
8830.0	147.0	7.64472417693	5.71685684234
8840.0	148.0	1.33582205079	6.75359501229
8840.0	145.0	4.1280626602	2.93957275307
8840.0	147.0	7.23452767827	5.77198725607
8850.0	148.0	1.322773214	6.7450032595
8850.0	145.0	3.56443709662	2.97584904263
8850.0	147.0	6.84621955101	5.8302202472
8860.0	148.0	1.3097243772	6.73617284691
8860.0	145.0	3.01554409071	2.98635007381
8860.0	147.0	6.47937886493	5.89155581573
8870.0	148.0	1.2966755404	6.72758109412
8870.0	145.0	2.47043945678	2.99040729041
8870.0	147.0	6.11253817885	5.95289138425
8880.0	148.0	1.28383716872	6.71898934133
8880.0	145.0	1.92533482285	2.9942258472
8880.0	147.0	5.74569749278	6.01422695278
8890.0	148.0	1.27078833192	6.71015892874
8890.0	145.0	1.38001972381	2.998044404
8890.0	147.0	5.27341378678	5.96768829183
8900.0	148.0	1.25773949512	6.70156717595
8900.0	145.0	0.834915089884	3.0021016206
8900.0	147.0	4.80113008078	5.92114963089
8910.0	148.0	1.24469065833	6.69297542316
8910.0	145.0	0.289810455954	3.00592017739
8910.0	147.0	4.32884637478	5.87461096995
8920.0	148.0	1.23164182153	6.68414501057
8920.0	147.0	3.85656266878	5.828072309
8930.0	148.0	1.21880344984	6.67555325778
8930.0	147.0	3.44468244924	5.7438253997
8940.0	148.0	1.20575461304	6.666961505
8940.0	147.0	3.0393266481	5.65528261401
8950.0	148.0	1.19270577625	6.65813109241
8950.0	147.0	2.62765689367	5.56817178711
8960.0	148.0	1.17965693945	6.64953933962
8960.0	147.0	2.19052086098	5.48559549641
8970.0	148.0	1.16660810265	6.64070892703
8970.0	147.0	1.75338482829	5.40278054591
8980.0	148.0	1.07231973354	6.5767481007
8980.0	147.0	1.31246042362	5.27772281086
8990.0	148.0	0.787770905328	6.38319500314
8990.0	147.0	0.869010437644	5.12426455965
9000.0	148.0	0.503432542224	6.18964190557
9000.0	147.0	0.425349986553	4.97104496823
9010.0	148.0	0.21909417912	5.996088808
