0.0	1.0	0.294651153476	8.09056721029
10.0	1.0	1.03127903717	7.85190741057
10.0	2.0	0.279287200473	9.98910591701
20.0	1.0	1.76790692085	7.61324761086
20.0	2.0	1.06390112916	9.85879766636
30.0	1.0	2.51547899024	7.36408677996
30.0	2.0	1.84830459273	9.72872807552
40.0	1.0	3.27925687308	7.09869708268
40.0	2.0	2.6106092198	9.56739405091
50.0	1.0	4.04324522102	6.8335460452
50.0	2.0	3.36344291693	9.39317239712
60.0	1.0	4.85079984665	6.61803624605
60.0	2.0	4.11185684675	9.20176723775
70.0	1.0	5.67708586704	6.42352850929
70.0	2.0	4.82112426619	8.85690382717
80.0	1.0	6.50337188743	6.22902077252
80.0	2.0	5.53060215074	8.51227907638
90.0	1.0	7.32355441964	6.04787798454
90.0	2.0	6.24365794215	8.15070947981
100.0	1.0	8.14352648674	5.86697385636
100.0	2.0	6.9619753613	7.76384194448
110.0	1.0	8.96728692581	5.69251354277
110.0	2.0	7.68050324556	7.37697440914
120.0	1.0	9.82366945688	5.5772408595
120.0	2.0	8.41944624546	7.01254089498
130.0	1.0	10.6800519879	5.46196817624
130.0	2.0	9.1790148261	6.67006408239
140.0	1.0	11.5265426589	5.33953569899
140.0	2.0	9.9465810809	6.35216922917
150.0	1.0	12.3332554241	5.18846404577
150.0	2.0	10.7463484975	6.13260221344
160.0	1.0	13.1399681893	5.03739239255
160.0	2.0	11.5461159141	5.9130351977
170.0	1.0	13.951521652	4.89371919312
170.0	2.0	12.3340972845	5.84048261859
180.0	1.0	14.7824379048	4.78083310786
180.0	2.0	13.1170274923	5.8309362266
190.0	1.0	15.6131436925	4.6677083628
190.0	2.0	13.8970111886	5.832845505
200.0	2.0	14.6652088387	5.88057746494
210.0	2.0	15.4334064888	5.92830942488
610.0	7.0	11.2819822015	8.09844298368
620.0	7.0	10.8208531463	8.25762907009
630.0	7.0	10.3927671133	8.44545433246
640.0	7.0	10.013929916	8.67599969898
650.0	7.0	9.63509271866	8.90678372531
660.0	7.0	9.25267761447	9.14973940141
670.0	7.0	8.86457995232	9.4105945625
680.0	7.0	8.47648229017	9.67168838339
690.0	7.0	8.074914861	9.93421416307
700.0	7.0	7.61883696844	10.2027064377
710.0	7.0	7.16275907589	10.4711987124
720.0	7.0	6.65427537103	10.665945109
730.0	7.0	6.13274282938	10.842314701
740.0	7.0	5.6128940086	10.9857492406
750.0	7.0	5.09493937381	11.0957714083
760.0	7.0	4.57677427392	11.2060322357
770.0	7.0	4.08849521959	11.133002337
780.0	7.0	3.60358360701	11.0396863553
790.0	7.0	3.12540687794	10.9575873842
800.0	7.0	2.65186038128	10.8828868669
810.0	7.0	2.17831388462	10.8084250094
820.0	7.0	1.69403366738	10.7404069665
830.0	7.0	1.19333717158	10.6821739754
840.0	7.0	0.692851140887	10.624179644
850.0	7.0	0.192365110198	10.5661853127
960.0	14.0	8.76713460656	7.02709914276
970.0	14.0	8.32263229503	7.05382904033
970.0	16.0	0.471441845561	7.22661873532
980.0	14.0	7.87834044861	7.0803202781
980.0	16.0	1.20386042706	6.97841254362
990.0	14.0	7.43404860219	7.10681151587
990.0	16.0	1.93627900855	6.73020635192
1000.0	14.0	6.89231141002	7.09225326808
1000.0	16.0	2.6478615442	6.40061716852
1010.0	14.0	6.32637073023	7.06767130871
1010.0	16.0	3.35944407984	6.07102798511
1020.0	14.0	5.76021958534	7.04285068954
1020.0	16.0	4.05860917402	5.71017436794
1030.0	14.0	5.22332309069	7.06337543232
1030.0	16.0	4.75651147754	5.34597951358
1040.0	14.0	4.68958357268	7.08915069069
1040.0	16.0	5.48850912881	5.06579290872
1050.0	14.0	4.16447312416	7.11802852645
1050.0	16.0	6.2207172452	4.78560630385
1060.0	14.0	3.71723476621	7.17769347638
1060.0	16.0	7.02953466149	4.59992897968
1070.0	14.0	3.26999640825	7.23735842631
1070.0	16.0	7.87139509999	4.45458516165
1080.0	14.0	2.92314990759	7.34189141858
1080.0	16.0	8.72020088711	4.35554134477
1090.0	14.0	2.61902782418	7.46551719484
1090.0	16.0	9.57974039483	4.32570886981
1100.0	14.0	2.31511620588	7.58938163089
1100.0	16.0	10.4390694374	4.29587639484
1110.0	16.0	11.2809298759	4.28633000285
1120.0	16.0	12.1227903144	4.27678361087
1130.0	16.0	12.9646507529	4.26723721888
1130.0	18.0	15.4262506751	8.39294917652
1140.0	18.0	14.6391111651	8.47242288983
1150.0	18.0	13.85176119	8.55189660313
1160.0	18.0	13.0644112149	8.63160897624
1170.0	18.0	12.2701158912	8.79867083604
1180.0	18.0	11.474978707	8.97527908782
1190.0	18.0	10.682156639	9.13494249383
1200.0	18.0	9.8983845708	9.22539455792
1200.0	20.0	11.9906182256	8.161210511
1210.0	18.0	9.11461250255	9.31584662201
1210.0	20.0	11.4349903362	8.27576721486
1220.0	18.0	8.33041950409	9.41799301629
1220.0	20.0	10.8793624468	8.39032391873
1230.0	18.0	7.54517418008	9.54639198854
1230.0	20.0	10.3580403702	8.4927089728
1240.0	18.0	6.75992885606	9.67479096078
1240.0	20.0	9.85124038624	8.59008217109
1250.0	18.0	5.98036609001	9.81631622201
1250.0	20.0	9.34465086737	8.68721670957
1260.0	18.0	5.20332890527	9.96309199884
1260.0	20.0	8.7658718159	8.73494866951
1270.0	18.0	4.42629172053	10.1043786003
1270.0	20.0	8.18709276443	8.78268062945
1280.0	18.0	3.65030686135	10.1938760252
1280.0	20.0	7.68387068732	8.82420743461
1290.0	18.0	2.87411153705	10.2833734501
1290.0	20.0	7.18043814509	8.86573423976
1300.0	18.0	2.09812667786	10.3728708749
1300.0	20.0	6.66648234739	8.96764197423
1310.0	18.0	1.32108949312	10.5055657236
1310.0	20.0	6.14789631727	9.09556362688
1310.0	23.0	14.9392344114	5.15505167381
1320.0	18.0	0.544052308382	10.643272428
1320.0	20.0	5.62909982204	9.22324661973
1320.0	23.0	14.4997832625	5.15505167381
1330.0	18.0	-0.233195341465	10.7809791325
1330.0	20.0	5.05453007277	9.4079693047
1330.0	23.0	14.0603321136	5.15505167381
1340.0	20.0	4.4736463702	9.59889714447
1340.0	23.0	13.6208809647	5.15505167381
1350.0	20.0	3.91465103903	9.7475821997
1350.0	23.0	13.1763786532	5.1662686844
1360.0	20.0	3.38848826497	9.83278374819
1360.0	23.0	12.730613551	5.18034961258
1370.0	20.0	2.86232549091	9.91798529669
1370.0	23.0	12.285058914	5.19443054076
1380.0	20.0	2.32963829844	10.02132499
1380.0	23.0	11.8491856719	5.18941868497
1390.0	20.0	1.79253133868	10.1363590134
1390.0	23.0	11.4282554527	5.15648363261
1400.0	20.0	1.25563484403	10.2516316967
1400.0	23.0	11.0073252334	5.12330992045
1410.0	20.0	0.739574395224	10.3924409785
1410.0	23.0	10.5863950142	5.09013620829
1420.0	20.0	0.232563946136	10.5444672709
1420.0	23.0	10.1823020037	5.03094857796
1430.0	20.0	-0.274656968061	10.6962549036
1430.0	23.0	9.78241829539	4.96531713304
1440.0	23.0	9.38253458711	4.89968568812
1450.0	23.0	8.98265087882	4.8340542432
1460.0	23.0	8.57897879856	4.76699083948
1470.0	23.0	8.17404392764	4.69968877596
1480.0	23.0	7.76931952183	4.63238671244
1490.0	23.0	7.36459511602	4.56508464892
1500.0	23.0	6.91041140944	4.53024031816
1510.0	23.0	6.45075561002	4.4987372246
1520.0	23.0	5.9910998106	4.46723413104
1530.0	23.0	5.53460098782	4.43716299627
1540.0	23.0	5.10798821061	4.4178315525
1550.0	23.0	4.6813754334	4.39850010872
1560.0	23.0	4.25476265619	4.37916866494
1560.0	27.0	9.76642294706	9.21680280513
1570.0	23.0	3.82814987898	4.35721196337
1570.0	27.0	9.76894852838	9.16859352559
1580.0	23.0	3.40153710177	4.331436705
1580.0	27.0	9.77126364458	9.12038424605
1590.0	23.0	2.97492432456	4.30566144663
1590.0	27.0	9.77357876079	9.07193630671
1600.0	23.0	2.54831154735	4.27964752846
1600.0	27.0	9.775893877	9.02372702717
1610.0	23.0	2.13558946737	4.30255886923
1610.0	27.0	9.77841945831	8.97551774762
1620.0	23.0	1.72854994535	4.34647227238
1620.0	27.0	9.78073457452	8.92730846808
1630.0	23.0	1.32172088845	4.39014701573
1630.0	27.0	9.78304969072	8.87886052874
1640.0	23.0	0.914891831542	4.43382175908
1640.0	27.0	9.78536480693	8.8306512492
1650.0	23.0	0.507852309526	4.47773516222
1650.0	27.0	9.67487062438	8.60511773847
1660.0	23.0	0.10102325262	4.52140990557
1660.0	27.0	9.45114621284	8.20249865635
1670.0	27.0	9.18532877939	7.65596771501
1680.0	27.0	8.97339041399	7.06552337052
1690.0	27.0	8.8203822793	6.44715582946
1700.0	27.0	8.68968344622	5.85599550557
1710.0	27.0	8.61075903011	5.3290346678
1720.0	27.0	8.531834614	4.80207383003
1730.0	27.0	8.47437763907	4.39444289212
1740.0	27.0	8.41944624546	4.000176903
1750.0	27.0	8.40597647844	3.69922689556
1760.0	27.0	8.42007764079	3.46056709585
1770.0	27.0	8.43396833802	3.22190729613
1780.0	30.0	12.813115874	9.162149711
1780.0	31.0	1.78432319941	11.0604497579
1790.0	30.0	12.2379147294	9.39293373732
1790.0	31.0	2.40014411017	10.8573502684
1800.0	30.0	11.6625031197	9.62347910385
1800.0	31.0	3.01596502093	10.654012119
1810.0	30.0	11.0908798819	9.86118426436
1810.0	31.0	3.59137663065	10.4499579903
1820.0	30.0	10.5272543184	10.1153569511
1820.0	31.0	4.14005917144	10.2454265419
1830.0	30.0	9.96383921989	10.3692909779
1830.0	31.0	4.68895217735	10.0406564337
1840.0	30.0	9.39789854011	10.6220317058
1840.0	31.0	5.32139983177	9.89936983231
1850.0	30.0	8.8226973955	10.868567279
1850.0	31.0	5.97489399716	9.77383477766
1860.0	30.0	8.2474962509	11.1151028521
1860.0	31.0	6.60860444224	9.6585620944
1870.0	30.0	7.67545208293	11.334431208
1870.0	31.0	7.23999977112	9.54424405034
1880.0	30.0	7.11687768199	11.4446920355
1880.0	31.0	7.8583462632	9.36524920056
1890.0	30.0	6.55851374615	11.5547142031
1890.0	31.0	8.46785322067	9.14305692702
1900.0	30.0	6.01193585645	11.5862172967
1900.0	31.0	9.07757064326	8.92086465349
1910.0	30.0	5.47335564092	11.5652152343
1910.0	31.0	9.74369271522	8.69389918396
1920.0	30.0	4.93477542539	11.5442131719
1920.0	31.0	10.4340182748	8.46478577624
1930.0	30.0	4.4037719538	11.513187398
1930.0	31.0	11.1281322063	8.27624453446
1940.0	30.0	3.90223359757	11.4430214169
1940.0	31.0	11.8373996258	8.24975329669
1950.0	30.0	3.40090570644	11.3728554357
1950.0	31.0	12.5468775103	8.22326205893
1960.0	30.0	2.8993673502	11.3026894546
1960.0	31.0	13.2426751627	8.20273731615
1970.0	30.0	2.38646387804	11.3933801785
1970.0	31.0	13.9252135133	8.18817906837
1980.0	30.0	1.87040342924	11.5241657488
1980.0	31.0	14.6075413987	8.17362082059
1990.0	30.0	1.35434298044	11.654951319
1990.0	31.0	15.2898692841	8.1593012326
2000.0	30.0	0.851962763764	11.7477899811
2010.0	30.0	0.355265105048	11.824161117
2020.0	30.0	-0.141432553668	11.9005322529
2110.0	34.0	15.2614564943	8.65404299741
2120.0	34.0	14.3006832688	8.82015021801
2130.0	34.0	13.3399100434	8.98601877881
2140.0	34.0	12.3980786778	9.160956412
2150.0	34.0	11.4751891721	9.34448579798
2160.0	34.0	10.5522996664	9.52801518396
2170.0	34.0	9.61909737033	9.64949302201
2180.0	34.0	8.68463228359	9.76404972588
2190.0	34.0	7.76700440562	9.89388065692
2200.0	34.0	6.87463234081	10.0466229287
2210.0	34.0	5.982260276	10.1993652006
2220.0	34.0	5.12798239603	10.363324483
2230.0	34.0	4.27812428336	10.5284770644
2240.0	34.0	3.42531965916	10.7010280996
2250.0	34.0	2.56599061655	10.8898080011
2260.0	34.0	1.70645110884	11.0788265625
2270.0	34.0	0.799767416577	11.2647425465
2280.0	34.0	-0.11217790343	11.4504198707
2440.0	39.0	8.66190205175	6.27412747467
2450.0	39.0	9.24636366118	6.38009242574
2460.0	39.0	9.83103573572	6.48629603661
2470.0	39.0	10.4026589735	6.56672438912
2480.0	39.0	10.9612333744	6.62185480285
2490.0	39.0	11.5198077754	6.67698521658
2500.0	39.0	11.8144589288	6.75717490929
2510.0	39.0	12.0798554321	6.84022851959
2730.0	43.0	15.2345169602	9.04711568754
2740.0	43.0	14.51409489	9.03780795535
2750.0	43.0	13.7934623546	9.02873888296
2760.0	43.0	13.0825112143	9.04997960513
2770.0	43.0	12.4090228635	9.19317548496
2780.0	43.0	11.7355345127	9.33637136479
2790.0	43.0	11.0732008127	9.60199972187
2800.0	43.0	10.4154973451	9.92037189469
2810.0	43.0	9.75211131961	10.2096275719
2820.0	43.0	9.07546599216	10.4311038661
2830.0	43.0	8.39903112983	10.65281882
2840.0	43.0	7.74511603422	10.8998317127
2840.0	45.0	-0.0380941848422	13.2785539365
2850.0	43.0	7.11372070534	11.1726198638
2850.0	45.0	0.57330695862	12.9945487748
2860.0	43.0	6.48232537647	11.4454080149
2860.0	45.0	1.18470810208	12.7103049533
2870.0	43.0	5.86797772147	11.6878863714
2870.0	45.0	1.82767901199	12.4246291731
2880.0	43.0	5.2607858802	11.9174770987
2880.0	45.0	2.48433015402	12.1382374134
2890.0	43.0	4.64896380652	12.1408626712
2890.0	45.0	3.1376138543	11.8556642106
2900.0	43.0	3.99504871091	12.311504428
2900.0	45.0	3.77742778756	11.5883652349
2910.0	43.0	3.34113361531	12.481907525
2910.0	45.0	4.41724172082	11.3210662592
2920.0	43.0	2.6960580543	12.6530266014
2920.0	45.0	5.13366495399	11.0938621299
2930.0	43.0	2.07202900426	12.8258162964
2930.0	45.0	5.88292074425	10.8838415061
2940.0	43.0	1.44778948911	12.9988446512
2940.0	45.0	6.61386606998	10.6740595422
2950.0	43.0	0.823760439074	13.1716343462
2950.0	45.0	7.27156953756	10.4652322174
2950.0	46.0	15.113078592	7.65549039541
2960.0	46.0	14.4654774497	7.71062080914
2970.0	46.0	13.8178763074	7.76551256308
2980.0	46.0	13.1658553977	7.84403163718
2990.0	46.0	12.5031007675	7.97648782602
3000.0	46.0	11.8405566024	8.10918267466
3010.0	46.0	11.2131601106	8.2492759771
3010.0	49.0	8.89130902124	8.48149196222
3020.0	46.0	10.6093357111	8.39461979512
3020.0	49.0	9.19900901151	8.33471618539
3030.0	46.0	9.99414619568	8.54187289154
3030.0	49.0	9.50649853668	8.18794040857
3040.0	46.0	9.35327993687	8.69366052416
3040.0	49.0	9.86176364172	8.11968370585
3050.0	46.0	8.71241367806	8.84759609498
3050.0	49.0	10.2643833964	8.12994607724
3060.0	46.0	8.0725997448	9.01943115077
3060.0	49.0	10.6615310583	8.13662855163
3070.0	46.0	7.43278581154	9.19126620656
3070.0	49.0	11.0374217441	8.12803679884
3080.0	46.0	6.77466141374	9.36596517995
3080.0	49.0	11.4133124299	8.11944504605
3090.0	46.0	6.10433003958	9.54281209154
3090.0	49.0	11.8453972999	8.13615123203
3100.0	46.0	5.43399866542	9.71965900313
3100.0	49.0	12.361878679	8.19032700657
3100.0	52.0	0.11828139161	12.9160297007
3110.0	46.0	4.78513473245	9.85235385177
3110.0	49.0	12.8261647108	8.26383422488
3110.0	52.0	0.441976730214	12.8518302146
3120.0	46.0	4.13858591568	9.98027550442
3120.0	49.0	13.0810379586	8.4146672183
3120.0	52.0	0.765672068818	12.7876307284
3130.0	46.0	3.48993244781	10.1055718993
3130.0	49.0	13.3274926019	8.48578783861
3130.0	52.0	1.07673950084	12.7468199027
3140.0	46.0	2.82107432942	10.2077182935
3140.0	49.0	13.5547949203	8.37123113475
3140.0	52.0	1.38233484002	12.7160327885
3150.0	46.0	2.15200574592	10.3101033476
3150.0	49.0	13.7820972387	8.25667443089
3150.0	52.0	1.68771971409	12.6852456744
3160.0	46.0	1.49430227834	10.4303878867
3160.0	49.0	13.6286681738	8.18603113017
3160.0	52.0	1.93985691542	12.6410936114
3170.0	46.0	0.862906949465	10.5921992309
3170.0	49.0	13.3798984142	8.12636618024
3170.0	52.0	2.156004583	12.5878724761
3180.0	46.0	0.231511620588	10.7542492349
3180.0	49.0	13.1311286546	8.06670123031
3180.0	52.0	2.3723627157	12.5348900005
3190.0	46.0	-0.399883708289	10.9160605791
3190.0	49.0	12.8823588951	8.00703628039
3190.0	52.0	2.58872084839	12.481907525
3200.0	49.0	12.6335891355	7.94737133046
3200.0	52.0	2.73815107623	12.3740332955
3210.0	52.0	2.88737083895	12.2663977259
3220.0	52.0	3.03680106679	12.1585234964
3230.0	52.0	3.17002548118	12.0000533894
3240.0	52.0	3.3015661747	11.836094107
3250.0	52.0	3.43310686821	11.6718961648
3260.0	52.0	3.5400231439	11.4938559542
3270.0	52.0	3.636205699	11.3098492486
3280.0	52.0	3.7323882541	11.1256038832
3290.0	52.0	3.83572662293	10.9411198581
3300.0	52.0	3.96726731644	10.7547265545
3310.0	52.0	4.09880800996	10.5680945911
3320.0	52.0	4.23034870347	10.3817012875
3330.0	52.0	4.41534753483	10.2225152011
3340.0	52.0	4.60034636619	10.0635677745
3350.0	52.0	4.78513473245	9.90438168811
3360.0	52.0	4.98360333082	9.72896673532
3370.0	52.0	5.18796495227	9.54639198854
3380.0	52.0	5.39232657372	9.36381724176
3390.0	52.0	5.60700098553	9.20844971214
3400.0	52.0	5.84608935007	9.11632702945
3410.0	52.0	6.08538817971	9.02396568697
3420.0	52.0	6.32447654425	8.93184300428
3430.0	52.0	6.56356490878	8.83972032159
3440.0	52.0	6.85505908561	8.76096258768
3450.0	52.0	7.15202535529	8.68363681257
3460.0	52.0	7.44920209009	8.60654969727
3460.0	54.0	-0.161637204192	11.0554379021
3470.0	52.0	7.77773812621	8.60631103747
3470.0	54.0	0.727998814195	10.957826044
3480.0	52.0	8.13763346367	8.68339815277
3480.0	54.0	1.61763483258	10.860214186
3490.0	52.0	8.49731833602	8.76024660828
3490.0	54.0	2.49801038615	10.7824110913
3500.0	52.0	8.85195204574	8.8289806306
3500.0	54.0	3.36891500978	10.7248940795
3510.0	52.0	9.19858808129	8.88506568353
3510.0	54.0	4.23981963341	10.6673770678
3520.0	52.0	9.54522411685	8.94138939626
3520.0	54.0	5.07747076972	10.6174971697
3520.0	55.0	0.131540693516	11.0396863553
3530.0	52.0	9.8918601524	8.9974744492
3530.0	54.0	5.89302306951	10.5726291273
3530.0	55.0	0.815552299799	10.9375399611
3540.0	52.0	10.2856403725	8.96668733503
3540.0	54.0	6.70857536931	10.5279997448
3540.0	55.0	1.49956390608	10.835154907
3550.0	52.0	10.6794205926	8.93590022087
3550.0	54.0	7.51276255319	10.4480487119
3550.0	55.0	2.18126039616	10.7418389253
3560.0	52.0	11.0732008127	8.90511310671
3560.0	54.0	8.3001125283	10.3153538632
3560.0	55.0	2.85727432828	10.669525006
3570.0	52.0	11.5090740548	8.87528063174
3570.0	54.0	9.08746250341	10.1828976744
3570.0	55.0	3.53328826039	10.5972110867
3580.0	52.0	11.9497879943	8.84544815678
3580.0	54.0	9.87607526918	10.035644578
3580.0	55.0	4.20930219251	10.5248971674
3590.0	52.0	12.3905019339	8.81561568182
3590.0	54.0	10.6653194303	9.88218632673
3590.0	55.0	4.88826263616	10.4401729385
3600.0	52.0	12.8173251762	8.7418698037
3600.0	54.0	11.4545635914	9.72872807552
3600.0	55.0	5.56722307981	10.3554487096
3610.0	52.0	13.2382553954	8.64950846121
3610.0	54.0	12.2334949621	9.67598425978
3610.0	55.0	6.24597305836	10.2707244807
3620.0	52.0	13.6591856147	8.55714711873
3620.0	54.0	13.0113740073	9.63469611443
3620.0	55.0	6.88220908475	10.2022291182
3630.0	52.0	14.1116856004	8.47409350843
3630.0	54.0	13.805669331	9.54328941114
3630.0	55.0	7.51360441363	10.1354043742
3640.0	52.0	14.585232097	8.39748371272
3640.0	54.0	14.6109088404	9.41870899569
3640.0	55.0	8.12479509198	10.0876724143
3650.0	52.0	15.0587785937	8.32063525721
3650.0	54.0	15.4161483499	9.29412858024
3650.0	55.0	8.70567879455	10.0685796303
3660.0	55.0	9.28656249712	10.0494868463
3670.0	55.0	9.84008573543	10.0062894226
3680.0	55.0	10.3904519971	9.96046674104
3690.0	55.0	10.9477636074	9.87884508954
3700.0	55.0	11.521070566	9.71416982774
3710.0	55.0	12.0945879897	9.54973322573
3720.0	55.0	12.6874682036	9.36787445835
3730.0	55.0	13.3096030676	9.1604790924
3740.0	55.0	13.9327902572	8.96286877824
3750.0	55.0	14.5641855861	8.85427856937
3760.0	55.0	15.195580915	8.7456883605
3840.0	58.0	14.6574216297	9.51560487437
3840.0	59.0	3.29630454696	12.5205704126
3850.0	58.0	13.8906972353	9.67765487838
3850.0	59.0	4.17036614723	12.3184255622
3860.0	58.0	13.1239728409	9.83970488239
3860.0	59.0	5.04463821261	12.1165193717
3870.0	58.0	12.4250182119	9.93516880227
3870.0	59.0	5.8993370228	11.8993389539
3880.0	58.0	11.7711031162	9.98624199941
3880.0	59.0	6.74898467036	11.6783399794
3890.0	58.0	11.1169775555	10.0373151965
3890.0	59.0	7.602631155	11.4592502832
3900.0	58.0	10.4359124608	10.0623744755
3900.0	59.0	8.49310903383	11.2573440927
3910.0	58.0	9.74769155231	10.0805126203
3910.0	59.0	9.38358691265	11.0554379021
3920.0	58.0	9.05505087653	10.1198914872
3920.0	59.0	10.2412322344	10.7778765551
3930.0	58.0	8.3438892711	10.2435172635
3930.0	59.0	11.0662554641	10.4246600515
3940.0	58.0	7.63272766568	10.36690438
3940.0	59.0	11.8912786938	10.0714435479
3950.0	58.0	6.9137788512	10.5129641774
3950.0	59.0	12.7825984331	9.5800430203
3960.0	58.0	6.17715096751	10.7117677905
3960.0	59.0	13.6741286375	9.08864249269
4020.0	63.0	14.8419995308	10.3960208755
4030.0	63.0	14.2611158282	10.5201239714
4040.0	63.0	13.6802321257	10.6442270672
4050.0	63.0	13.1246042362	10.796969339
4060.0	63.0	12.5689763468	10.9497116109
4070.0	63.0	12.0133484574	11.0499487267
4080.0	63.0	11.457720568	11.0976806867
4090.0	63.0	10.9020926786	11.1454126466
4100.0	63.0	10.2949008373	11.2189198649
4110.0	63.0	9.68791946117	11.2921884234
4120.0	63.0	9.11671715365	11.3840724463
4130.0	63.0	8.59918344908	11.5034023462
4140.0	63.0	8.08186020962	11.622732246
4150.0	63.0	7.53465092459	11.7420621459
4160.0	63.0	6.98744163957	11.8613920458
4170.0	63.0	6.44023235454	11.9807219456
4180.0	63.0	5.91806841756	12.0690260715
4190.0	63.0	5.39569401547	12.1575688572
4200.0	63.0	4.87353007849	12.2458729831
4270.0	66.0	11.244519412	7.96694143403
4280.0	66.0	10.8427415177	8.11156927266
4290.0	66.0	10.4409636234	8.25619711129
4300.0	66.0	10.0391857291	8.40082494991
4310.0	66.0	9.48061132819	8.74974557709
4310.0	68.0	10.3127903717	9.61798992845
4320.0	66.0	8.92203692725	9.09842754448
4320.0	68.0	9.8918601524	9.48386312101
4330.0	66.0	8.33105089942	9.3268249728
4330.0	68.0	9.40779040026	9.27193321887
4340.0	66.0	7.69123696616	9.37455693274
4340.0	68.0	8.82901134879	8.94377599426
4350.0	66.0	7.05142303289	9.42228889269
4350.0	68.0	8.2607555528	8.69914969956
4360.0	66.0	6.44823002871	9.34448579798
4360.0	68.0	7.69776138455	8.47838938482
4370.0	66.0	5.84924632671	9.25260177509
4370.0	68.0	7.14529047179	8.26956206007
4380.0	66.0	5.27215099612	9.15546723661
4380.0	68.0	6.60860444224	8.06670123031
4390.0	66.0	4.74598822206	9.04520640914
4390.0	68.0	6.08244166818	7.86789761715
4400.0	66.0	4.21982544799	8.93494558167
4400.0	68.0	5.57837773062	7.67720843718
4410.0	66.0	3.75596034638	8.79270434104
4410.0	68.0	5.07999635103	7.48890585521
4420.0	66.0	3.31882431368	8.63662083203
4420.0	68.0	4.49174636963	7.4134893585
4430.0	66.0	2.87663711836	8.492470313
4430.0	68.0	3.89360452807	7.35072183117
4440.0	66.0	2.38835806403	8.45428474505
4440.0	68.0	3.32366501121	7.29105688125
4450.0	66.0	1.9000790097	8.4160991771
4450.0	68.0	2.75351502923	7.23139193132
4460.0	66.0	1.53113367253	8.48149196222
4460.0	68.0	2.16484411761	7.11898316565
4470.0	66.0	1.24174414679	8.61561876966
4470.0	68.0	1.56354529941	6.97125274963
4480.0	66.0	0.952354621056	8.74998423689
4480.0	68.0	0.986449968815	6.69345274276
4490.0	66.0	0.66296509532	8.88411104433
4490.0	68.0	0.433979056048	6.28558314505
4500.0	68.0	-0.118491856719	5.87795220714
4510.0	69.0	9.42820551589	13.0472925905
4520.0	69.0	9.37432644783	12.7902559862
4530.0	69.0	9.32044737977	12.533219382
4530.0	72.0	7.18191140086	7.59367750728
4540.0	69.0	9.26635784659	12.2761827777
4540.0	72.0	6.9880730349	7.92660792788
4550.0	69.0	9.23941831256	11.988597719
4550.0	72.0	6.79423466893	8.25953834848
4560.0	69.0	9.23941831256	11.670464206
4560.0	72.0	6.60039630297	8.59246876908
4570.0	69.0	9.23941831256	11.352330693
4570.0	72.0	6.31584747475	8.93780949927
4580.0	69.0	9.24531133563	11.0368224377
4580.0	72.0	5.94100911451	9.29579919884
4590.0	69.0	9.27435552076	10.7322925333
4590.0	72.0	5.56617075427	9.65378889841
4600.0	69.0	9.30318924078	10.4277626289
4600.0	72.0	5.1580789067	9.98695797881
4610.0	69.0	9.32360435641	10.1215621058
4610.0	72.0	4.67232543369	10.2623713877
4620.0	69.0	9.32360435641	9.81130436622
4620.0	72.0	4.18657196067	10.5377847965
4630.0	69.0	9.30339970589	9.47908992502
4630.0	72.0	3.67261616297	10.7680915033
4640.0	69.0	9.23562994059	9.09556362688
4640.0	72.0	3.1464533889	10.979305426
4640.0	75.0	-0.100391857291	11.4814456446
4650.0	69.0	9.1680706404	8.71203732874
4650.0	72.0	2.62071154506	11.1816889362
4650.0	75.0	0.466180217821	11.2976775988
4660.0	69.0	9.12324157205	8.3308976286
4660.0	72.0	2.09875807319	11.305792032
4660.0	75.0	1.03296275804	11.1141482129
4670.0	69.0	9.10156366576	7.95238318625
4670.0	72.0	1.57680460131	11.4298951279
4670.0	75.0	1.59953483315	10.9306188269
4680.0	69.0	9.07967529435	7.57363008411
4680.0	72.0	1.1259883365	11.5272683262
4680.0	75.0	2.1755778382	11.0060353236
4680.0	76.0	0.327694175687	7.05502233933
4690.0	69.0	9.08009622457	7.19225172416
4690.0	72.0	0.722526721344	11.6067420395
4690.0	75.0	2.76488014515	11.0470848091
4690.0	76.0	0.898896483211	7.37029193475
4700.0	69.0	9.09503924736	6.80872542603
4700.0	72.0	0.319275571302	11.6864544126
4700.0	75.0	3.45773128604	10.859020887
4700.0	76.0	1.47030925584	7.68580018997
4710.0	69.0	9.11019273525	6.42496046809
4710.0	72.0	-0.0841860438502	11.7659281259
4710.0	75.0	4.10912080033	10.859020887
4710.0	76.0	1.92933365994	8.11443319026
4720.0	69.0	9.14681366433	5.9970434472
4720.0	75.0	4.77461147696	10.8544863508
4720.0	76.0	2.34016155393	8.59175278968
4730.0	69.0	9.18890668625	5.55790941573
4730.0	75.0	5.49608587276	10.8318136698
4730.0	76.0	2.6676452645	9.06310589412
4740.0	69.0	9.22594854554	5.13762950843
4740.0	75.0	6.21040445483	10.799355937
4740.0	76.0	2.93956618614	9.53040178196
4750.0	69.0	9.25162528892	4.76174032388
4750.0	75.0	6.85947885292	10.6800260372
4750.0	76.0	3.24116268823	9.96667189583
4760.0	69.0	9.27709156718	4.38561247953
4760.0	75.0	7.50834278589	10.5606961373
4760.0	76.0	3.66209290748	10.2778842747
4770.0	69.0	9.30255784545	4.00948463519
4770.0	75.0	8.07807183765	10.2819414913
4770.0	76.0	4.08302312674	10.5893353133
4780.0	69.0	9.17312180303	3.59636452188
4780.0	75.0	8.61370554164	9.93469148267
4780.0	76.0	4.52752543826	10.7456574821
4790.0	69.0	9.0434752955	3.18324440858
4790.0	75.0	9.05694506252	9.4960347708
4790.0	76.0	4.97476379622	10.8847961453
4800.0	69.0	8.92224739236	2.7517474907
4800.0	75.0	9.31097644983	8.8256393934
4800.0	76.0	5.39316843415	10.9067528469
4810.0	69.0	8.81301600046	2.29208871645
4810.0	75.0	9.50565667624	8.14951618082
4810.0	76.0	5.78252888696	10.811288927
4820.0	69.0	8.70399507367	1.8324299422
4820.0	75.0	9.70370434439	7.53186461916
4820.0	76.0	6.00267539163	10.6606945934
4830.0	69.0	8.58887065871	1.37993096194
4830.0	75.0	9.7234880647	6.86600377796
4830.0	76.0	6.05339748305	10.454969846
4840.0	69.0	8.47122066243	0.930773218882
4840.0	75.0	9.61446713791	6.22353159713
4840.0	76.0	6.10411957447	10.2492450987
4850.0	69.0	8.35357066615	0.481615475822
4850.0	75.0	9.25099389359	5.64860013962
4850.0	76.0	6.02351143748	9.96643323603
4860.0	69.0	8.23592066987	0.0322190729613
4860.0	75.0	8.88057530065	5.0834537339
4860.0	76.0	5.85513934978	9.63230951643
4870.0	75.0	8.44912182592	4.60613413447
4870.0	76.0	5.68676726208	9.29818579684
4880.0	75.0	8.01766835118	4.12881453504
4890.0	81.0	6.31205910278	3.97917484062
4900.0	81.0	6.09191259811	4.54312794735
4910.0	81.0	5.87197655855	5.10731971387
4910.0	80.0	-0.0391465103903	8.82134351701
4920.0	81.0	5.77853004988	5.70850374935
4920.0	80.0	0.47207324089	8.86668887895
4930.0	81.0	5.6848730761	6.30944912502
4930.0	80.0	0.983082527061	8.9122729007
4940.0	81.0	5.53923122023	6.87889140714
4940.0	80.0	1.49598599922	8.94592393246
4950.0	81.0	5.27215099612	7.37458781115
4950.0	80.0	2.0095208667	8.97456310842
4960.0	81.0	5.005070772	7.87028421515
4960.0	80.0	2.52263480397	8.97360846923
4960.0	83.0	15.153487893	8.93279764347
4970.0	81.0	4.66706380595	8.40321154791
4970.0	80.0	3.03364409014	8.85427856937
4970.0	83.0	14.5220925642	9.01799919197
4980.0	81.0	4.2987498641	8.95212908725
4980.0	80.0	3.54486384142	8.73494866951
4980.0	83.0	13.8906972353	9.10320074047
4990.0	81.0	3.93443475934	9.30248167323
4990.0	80.0	4.01988359385	8.59962856307
4990.0	83.0	13.2593019064	9.18840228897
5000.0	81.0	3.57201384056	9.56763271071
5000.0	80.0	4.45723009165	8.43805587867
5000.0	83.0	12.5978100669	9.29914043603
5010.0	81.0	3.10288711121	9.79364354104
5010.0	80.0	4.96003123854	8.26550484348
5010.0	83.0	11.9363182273	9.4101172429
5020.0	81.0	2.57672433715	9.97836622602
5020.0	80.0	5.5188161046	8.12493422144
5020.0	83.0	11.2824031317	9.54138013274
5030.0	81.0	2.00552202962	10.126096642
5030.0	80.0	6.16199747962	8.03233421916
5030.0	83.0	10.6581636165	9.75545797309
5040.0	81.0	1.44105460561	10.2210832423
5040.0	80.0	6.71909862479	7.98913679541
5040.0	83.0	10.0341345665	9.96929715363
5050.0	81.0	0.886689506852	10.2368347891
5050.0	80.0	7.21895326016	7.97911308382
5050.0	83.0	9.40084505164	10.1721579834
5060.0	81.0	0.332534873208	10.2528249957
5060.0	80.0	7.7316462672	7.94737133046
5060.0	83.0	8.7460880956	10.349004895
5070.0	81.0	-0.221619760436	10.2688152023
5070.0	80.0	8.29527183078	7.8280414306
5070.0	83.0	8.09112067444	10.5258518066
5080.0	80.0	8.85910785947	7.70871153074
5080.0	83.0	7.46309278732	10.6490002632
5080.0	85.0	-0.155323250904	10.5248971674
5090.0	80.0	9.41452528377	7.61873678625
5090.0	83.0	6.85274396941	10.7365884097
5090.0	85.0	0.432295335171	10.365711081
5100.0	80.0	9.95773573171	7.57243678511
5100.0	83.0	6.24239515149	10.8239378964
5100.0	85.0	1.01991392125	10.2067636543
5110.0	80.0	10.5009461797	7.52613678396
5110.0	83.0	5.60489633444	10.9525755284
5110.0	85.0	1.59637785651	10.0401791141
5120.0	80.0	11.0460508136	7.48246204062
5120.0	83.0	4.94908705284	11.1086590375
5120.0	85.0	2.14674411818	9.85664972817
5130.0	80.0	11.595996145	7.44379915306
5130.0	83.0	4.29348823636	11.2647425465
5130.0	85.0	2.69711037985	9.67312034219
5140.0	80.0	12.1459414765	7.40537492531
5140.0	83.0	3.64651848937	11.3795379101
5140.0	85.0	3.23884757203	9.44472291386
5150.0	80.0	12.7040949472	7.35621100657
5150.0	83.0	2.99954874238	11.4945719336
5150.0	85.0	3.77658592712	9.19723270156
5160.0	80.0	13.2948705099	7.26432698368
5160.0	83.0	2.35089527452	11.6055487405
5160.0	85.0	4.31453474732	8.94974248925
5170.0	80.0	13.8858565378	7.17268162059
5170.0	83.0	1.69845343468	11.7069791553
5170.0	85.0	4.78113589536	8.68005691558
5180.0	80.0	14.431592567	7.0786496595
5180.0	83.0	1.04601159484	11.8084095702
5180.0	85.0	5.24794750851	8.4101326821
5190.0	80.0	14.9472320856	6.98318573962
5190.0	83.0	0.393569755	11.9098399851
5190.0	85.0	5.619418427	8.02684504376
5200.0	83.0	-0.258872084839	12.0112704
5200.0	85.0	5.95005911422	7.59510946608
5210.0	85.0	6.03424515807	7.19726357996
5220.0	85.0	5.95405795131	6.82232903461
5230.0	85.0	5.87408120965	6.44715582946
5240.0	88.0	14.8422099959	8.29175742144
5250.0	88.0	14.3461437325	8.36001412416
5260.0	88.0	13.8500774691	8.42803216708
5270.0	88.0	13.3464344618	8.54736206694
5280.0	88.0	12.8394240127	8.68841000857
5290.0	88.0	12.3534600746	8.77385021687
5300.0	88.0	11.8887531125	8.80368269183
5310.0	88.0	11.4206787087	8.84377753818
5320.0	88.0	10.92398105	8.97742702602
5330.0	88.0	10.4272833913	9.11107651386
5340.0	88.0	9.94573922046	9.26190950728
5350.0	88.0	9.4742973749	9.42419817108
5360.0	88.0	9.00348692467	9.58815745349
5370.0	88.0	8.53877996262	9.76715230327
5380.0	88.0	8.07407300056	9.94614715306
5390.0	88.0	7.57969045805	9.96953581343
5400.0	88.0	7.07268000897	9.92609972988
5410.0	88.0	6.57808700135	9.91989457509
5410.0	92.0	0.360316267679	12.52367299
5420.0	88.0	6.0961219003	9.95068168925
5420.0	92.0	1.07063601267	12.4241518535
5430.0	88.0	5.61394633415	9.98146880342
5430.0	92.0	1.78095575765	12.3248693768
5440.0	88.0	5.11282890813	10.0327806604
5440.0	92.0	2.56409643057	12.1444425682
5450.0	88.0	4.58308822721	10.1151182913
5450.0	92.0	3.35502431254	11.955185347
5460.0	88.0	4.05334754628	10.1974559222
5460.0	92.0	4.14616265962	11.7659281259
5470.0	88.0	3.5290789582	10.2683378827
5470.0	92.0	4.7775579885	11.5699884303
5480.0	88.0	3.01049292808	10.3280028326
5480.0	92.0	5.40895331738	11.3738100749
5490.0	88.0	2.49169643286	10.3876677825
5490.0	92.0	6.08054748219	11.148515224
5500.0	88.0	1.94890691513	10.4406502581
5500.0	92.0	6.91335792098	10.8060384114
5510.0	88.0	1.39601507215	10.4905301562
5510.0	92.0	7.74595789466	10.4635615988
5520.0	88.0	0.84291276405	10.5404100543
5520.0	92.0	8.50363228931	10.1544971582
5530.0	88.0	0.289810455954	10.5902899525
5530.0	92.0	9.25288807958	9.84901261457
5540.0	88.0	-0.263291852142	10.6404085104
5540.0	92.0	9.99709270721	9.52252600857
5550.0	92.0	10.7337205909	9.164536309
5560.0	92.0	11.4823449858	8.80559197023
5570.0	92.0	12.2783240304	8.44235175506
5580.0	92.0	13.0745135402	8.0791115399
5590.0	92.0	13.8511297947	7.81944967781
5600.0	92.0	14.6256413981	7.57124348611
5610.0	92.0	15.4001530015	7.32303729441
5660.0	95.0	0.0311488362246	12.3298812326
5670.0	95.0	0.506589518869	12.1353734958
5680.0	95.0	0.982240666622	11.9408657591
5690.0	95.0	1.4585232097	11.7518471977
5700.0	95.0	1.94175110141	11.6103219365
5710.0	95.0	2.42497899311	11.469035335
5720.0	95.0	2.93746153504	11.326078115
5730.0	95.0	3.49372081978	11.1812116166
5740.0	95.0	4.04998010452	11.0363451181
5750.0	95.0	4.59508473845	10.9146286203
5760.0	95.0	5.13303355866	10.8086636692
5770.0	95.0	5.67077191375	10.7024600583
5780.0	95.0	6.17231026999	10.5552069619
5790.0	95.0	6.66984978914	10.4034193293
5800.0	95.0	7.13476721631	10.2027064377
5810.0	95.0	7.58579394623	9.98099148382
5820.0	95.0	8.03682067616	9.75951518968
5830.0	95.0	8.55898461314	9.59412394848
5840.0	95.0	9.08893575918	9.43493786207
5850.0	95.0	9.61909737033	9.26525074448
5860.0	95.0	10.1490485164	9.05308218253
5870.0	95.0	10.6792101275	8.84091362059
5880.0	95.0	11.2455717375	8.69151258596
5890.0	95.0	11.8481333464	8.60487907867
5900.0	95.0	12.4443810019	8.47528680742
5910.0	95.0	13.0252647045	8.2461733997
5920.0	95.0	13.6061484071	8.01705999197
5930.0	95.0	14.1432553668	7.80226617223
5940.0	95.0	14.6694181409	7.59129090929
5950.0	95.0	15.195580915	7.38007698654
6040.0	99.0	14.9234495282	8.73160743232
6050.0	99.0	14.2996309433	8.83375382659
6060.0	99.0	13.6758123584	8.93613888067
6070.0	99.0	13.0551507501	9.02229506837
6080.0	99.0	12.4393298393	9.08410795649
6090.0	99.0	11.8235089285	9.14592084462
6100.0	99.0	11.1923240648	9.23541826951
6110.0	99.0	10.5544043175	9.33661002459
6120.0	99.0	9.91669503534	9.43780177967
6130.0	99.0	9.28761482266	9.50558116279
6140.0	99.0	8.67116251657	9.52252600857
6150.0	99.0	8.05471021048	9.53947085435
6160.0	99.0	7.44562418322	9.61560333045
6170.0	99.0	6.84137885349	9.73111467352
6180.0	99.0	6.23713352375	9.84662601658
6190.0	99.0	5.63983354264	9.95450024605
6200.0	99.0	5.04905797992	10.0544987021
6210.0	99.0	4.45849288231	10.1544971582
6220.0	99.0	3.83804173913	10.2413693253
6230.0	99.0	3.17297199271	10.3081940692
6240.0	99.0	2.5079022463	10.3750188131
6250.0	99.0	1.90155226547	10.4838476818
6260.0	99.0	1.30172670303	10.5972110867
6270.0	99.0	0.701901140601	10.7105744915
6280.0	99.0	0.102075578168	10.8239378964
6290.0	104.0	0.542368587505	13.7658972475
6300.0	104.0	1.19775693888	13.6704333276
6310.0	104.0	1.85335575536	13.5749694077
6320.0	104.0	2.50874410674	13.4795054878
6330.0	104.0	3.16118594658	13.3864281659
6340.0	104.0	3.8066824378	13.2988400194
6350.0	104.0	4.45196846391	13.2114905327
6360.0	104.0	5.11977425675	13.1200838294
6370.0	104.0	5.83935446656	13.0200853734
6380.0	104.0	6.55914514148	12.9198482575
6390.0	104.0	7.27788349085	12.795267842
6400.0	104.0	7.99346486358	12.5725982489
6410.0	104.0	8.7090462363	12.3499286558
6420.0	104.0	9.40779040026	12.1050637013
6430.0	104.0	10.0391857291	11.7728492601
6440.0	104.0	10.670581058	11.4403961591
6450.0	104.0	11.3051333635	11.0719054283
6460.0	104.0	11.9447368317	10.6497162426
6470.0	104.0	12.5841298347	10.2275270569
6480.0	104.0	13.3192844627	9.90008581171
6490.0	104.0	14.078221648	9.59627188668
6500.0	104.0	14.8371588333	9.29245796164
6510.0	104.0	15.5960960186	8.98888269641
6580.0	108.0	0.110073252334	11.8107961682
6590.0	108.0	0.790086021534	11.7833502913
6600.0	108.0	1.47009879073	11.7559044143
6600.0	109.0	10.1970345614	8.43662391987
6610.0	108.0	2.13516853715	11.7096044131
6610.0	109.0	10.0497089846	8.7468816595
6620.0	108.0	2.785716191	11.6444502878
6620.0	109.0	9.90238340788	9.05713939913
6630.0	108.0	3.42089989185	11.5630672961
6630.0	109.0	9.68034271723	9.36954507695
6640.0	108.0	4.01988359385	11.4437373963
6640.0	109.0	9.38379737776	9.68409869297
6650.0	108.0	4.61886729584	11.3244074964
6650.0	109.0	9.06809971333	10.0031868452
6660.0	108.0	5.2214289047	11.2377739891
6660.0	109.0	8.70715205032	10.3327760286
6670.0	108.0	5.82525330422	11.16522141
6670.0	109.0	8.34346834088	10.6544894386
6680.0	108.0	6.39582421641	11.0110471794
6680.0	109.0	7.96757765509	10.9442224355
6690.0	108.0	6.91651489762	10.7346791313
6690.0	109.0	7.61883696844	11.4556703862
6700.0	108.0	7.48603348427	10.5031791256
6700.0	109.0	7.21284977198	11.6091286375
6710.0	108.0	8.10416951124	10.316785822
6710.0	109.0	6.76013932117	11.7850209099
6720.0	108.0	8.72251600332	10.1303925184
6720.0	109.0	6.27606956903	11.9759487496
6730.0	108.0	9.34170435584	9.94185127666
6730.0	109.0	5.78168702652	12.0045879256
6740.0	108.0	9.96299735945	9.74877549869
6740.0	109.0	5.2805696005	11.9251142123
6750.0	108.0	10.5842903631	9.55546106093
6750.0	109.0	4.7796626396	11.8454018392
6750.0	111.0	0.778720905614	9.23613424891
6760.0	111.0	1.0910511283	9.33613270499
6770.0	111.0	1.40338135098	9.43636982087
6780.0	111.0	1.71571157367	9.53636827695
6790.0	111.0	2.1187522586	9.72132962173
6800.0	111.0	2.5318952688	9.91583735849
6810.0	111.0	2.95198362761	10.1108224149
6820.0	111.0	3.40048477622	10.3079554094
6830.0	111.0	3.84877545972	10.505088404
6840.0	111.0	4.33221381653	10.5248971674
6850.0	111.0	4.81965101042	10.5248971674
6860.0	111.0	5.37359517896	10.3993621127
6870.0	111.0	5.92206725464	10.2714404601
6880.0	111.0	6.42318468066	10.123710044
6890.0	111.0	6.92430210668	9.97597962802
6890.0	113.0	15.0080565023	8.0774409213
6900.0	113.0	14.3575088484	8.20774917195
6910.0	113.0	13.7069611946	8.33781876279
6920.0	113.0	13.0982960975	8.47337752903
6930.0	113.0	12.5073100697	8.61108423346
6940.0	113.0	11.9167449721	8.7478362987
6950.0	113.0	11.329126386	8.87718991014
6960.0	113.0	10.7417182651	9.00654352159
6970.0	113.0	10.123371773	9.10988321486
6980.0	113.0	9.49197644411	9.20224455735
6990.0	113.0	8.86058111523	9.29460589984
7000.0	113.0	8.24728578579	9.39818425292
7010.0	113.0	7.64598696759	9.50892239998
7020.0	113.0	7.04447768428	9.61966054705
7030.0	113.0	6.37098933347	9.77144817967
7040.0	113.0	5.67961144835	9.93325952387
7050.0	113.0	4.98802309813	10.0953095279
7060.0	113.0	4.38461962883	10.1907734478
7070.0	113.0	3.78142662464	10.2862373676
7080.0	113.0	3.17802315535	10.3817012875
7090.0	113.0	2.59166735993	10.5862327359
7100.0	113.0	2.00552202962	10.7907641842
7110.0	113.0	1.43053135012	11.0022167668
7120.0	113.0	0.900580204088	11.2408765665
7130.0	113.0	0.37083952316	11.4795363662
7140.0	113.0	-0.158901157767	11.7181961659
7180.0	117.0	0.255083712866	10.3996007725
7190.0	117.0	0.754938348227	10.300079636
7200.0	117.0	1.25479298359	10.2007971594
7210.0	117.0	1.76496040932	10.1062878787
7220.0	117.0	2.27596969549	10.0127332372
7230.0	117.0	2.79160921407	9.9139280801
7240.0	117.0	3.34723710348	9.77073220027
7250.0	117.0	3.9028649929	9.62753632044
7260.0	117.0	4.41050683731	9.50653580199
7270.0	117.0	4.88594751996	9.40057085091
7280.0	117.0	5.3613882026	9.29436724004
7290.0	117.0	5.90438818543	9.22611053732
7290.0	118.0	15.1713774274	8.90559042631
7300.0	117.0	6.45475444711	9.1616723914
7300.0	118.0	14.5555565166	8.88792960113
7310.0	117.0	6.97902303518	9.09771156508
7310.0	118.0	13.9397356058	8.87026877595
7320.0	117.0	7.44204627636	9.03398939855
7320.0	118.0	13.3207577184	8.86000640456
7330.0	117.0	7.90506951753	8.97050589183
7330.0	118.0	12.6725251808	8.91728475649
7340.0	117.0	8.38282531638	8.88220176594
7340.0	118.0	12.0242926431	8.97456310842
7350.0	117.0	8.89530785832	8.73709660771
7350.0	118.0	11.4206787087	9.14067032903
7360.0	117.0	9.40779040026	8.59175278968
7360.0	118.0	10.8465298897	9.37933012874
7370.0	117.0	9.95352642952	8.43256670328
7370.0	118.0	10.2456520017	9.61798992845
7380.0	117.0	10.4990519937	8.27361927667
7380.0	118.0	9.60415434754	9.85664972817
7390.0	117.0	11.0559426737	8.12087700485
7390.0	118.0	8.98159855327	10.0666703519
7400.0	117.0	11.6387205623	7.98317030041
7400.0	118.0	8.4028195018	10.2098662317
7410.0	117.0	12.2214984508	7.84546359598
7410.0	118.0	7.78720905614	10.3459023176
